CommitID,NMF,TotalAddLines,TotalDeleteLines,LC,FileAdd,FileDelete,NAD,NDVE,NUC,AGE,NMS,NMD,Entropy ,MLMF,EXP,REXP,CommitComplexity,LastCommitComplexity,CFC,CommitTokenCount,LastCommitTokenCount,NCC,CommitMethodNum,LastCommitMethodNum,NMC,NIR,a2a
08d5b523aee59196459d260e91de3ddbbed247d0,359,12988,5888,7100,49,2,51,1,31,418,1,30,6.842194694,58044,229,81,8432,7106,1326,222836,188672,34164,3373,2724,649,0,82.98473714
fdda30c7a32897e2e768a5e16f868e96dfdab674,0,0,0,0,0,0,0,0,0,0,0,0,0,0,230,82,0,0,0,0,0,0,0,0,0,0,100
ddff5e0a651a96e1537c4991476a37791ad6fc24,1,1,1,0,0,0,0,1,2,26,1,1,0,64,231,83,8,9,1,135,149,14,8,9,1,0,100
cde5eae6b7c701bf6604c59c2c8412a077cdf84a,0,0,0,0,0,0,0,0,0,0,0,0,0,0,234,83,0,0,0,0,0,0,0,0,0,0,100
6ea06ae2a0dc2b46bc3d403d141e283262e986c9,5,84,21,63,0,0,0,1,28,22,1,3,1.350431215,3300,230,80,489,479,10,12130,11864,266,192,183,9,0,100
1acc58d37e572cc9cf0897296860ae54ee4beccf,5,21,84,63,0,0,0,2,29,42,1,3,1.350431215,3363,236,85,479,489,10,11864,12130,266,183,192,9,0,100
fe20560c24cc9ca8283064bce653f20f04a15c40,0,0,0,0,0,0,0,0,0,0,0,0,0,0,236,85,0,0,0,0,0,0,0,0,0,0,100
9afdcd2edeed7c11e922789bc3d75ebd22c93d82,0,0,0,0,0,0,0,0,0,0,0,0,0,0,238,87,0,0,0,0,0,0,0,0,0,0,100
33690d950a4a6a0c83eeb29b38556af85804e196,5,84,21,63,0,0,0,1,28,22,1,3,1.350431215,3300,231,81,489,479,10,12130,11864,266,192,183,9,0,100
9eb37deb743284ba083b72e4147bea7c1f587405,0,0,0,0,0,0,0,0,0,0,0,0,0,0,232,71,0,0,0,0,0,0,0,0,0,0,100
c4cd2ac14c2f38dbe6278666511939d6afb505b8,3,7,2,5,0,0,0,2,8,76,1,2,1.224394445,829,233,72,148,148,0,3316,3316,0,43,43,0,0,100
c2cebb75299c49c3d8a56a98dc979a4102c74507,5,310,295,15,1,0,1,1,7,59,1,1,1.573969033,713,234,54,89,129,40,2784,4021,1237,24,36,12,0,99.3959363
773b3f43e6e8fc0573735c72660347848c41d961,0,0,0,0,0,0,0,0,0,0,0,0,0,0,235,45,0,0,0,0,0,0,0,0,0,0,100
bb6a5d6dbaec8dd878be3b77a3155b3c6da98889,1,0,2,2,0,0,0,2,16,29,1,1,0,522,236,46,82,82,0,1626,1633,7,23,23,0,0,100
6e90146b939f46723237635d6487f90a059b801a,3,78,9,69,0,0,0,2,19,65,1,2,1.251343202,2068,237,47,328,322,6,7673,7531,142,90,84,6,0,99.83434567
e10a4b0cb93ba0570a8d8a9ff1da490cb058bb65,13,232,63,169,7,0,7,1,20,3,1,4,3.250810856,3107,238,48,465,444,21,13886,13149,737,137,121,16,0,98.96004379
f65644432ed5f88d920710d06806da144dcd6458,3,5,5,0,0,0,0,1,21,4,1,1,1.370950594,2306,239,49,391,391,0,8626,8626,0,95,95,0,0,100
5892ae350194030cd77b6d6b87b13295a86e4821,9,106,74,32,3,0,3,1,9,11,1,1,2.768980915,1076,240,50,178,177,1,4386,4307,79,41,40,1,0,99.35205184
15069ca3d1b7a07257347adf3e40de93efcb7fe9,9,41,22,19,2,0,2,1,7,0,1,1,2.792596727,786,241,51,99,95,4,3115,3002,113,31,29,2,0,99.67811159
1acdf221f643be89d16a1641c747f1e41b7ffd26,1,16,17,1,0,0,0,1,7,0,1,1,0,207,242,52,34,33,1,874,847,27,7,7,0,0,100
c68a511a247f6ca191955787199e893b24262a8c,14,110,86,24,3,3,6,2,22,7,1,1,3.511691501,3219,243,53,511,508,3,12356,12278,78,130,127,3,0,99.35760171
2c5ae0543b9bc02fc470f3a3d7eed6648349efbe,7,92,59,33,1,0,1,1,11,9,1,2,1.721501337,1106,244,53,208,200,8,4497,4413,84,45,40,5,0,99.89304813
68b17ff425a73a8a87b17858a1b3dd1073bb3175,6,373,86,287,1,0,1,1,12,0,1,3,2.100581766,1011,245,44,257,197,60,6021,4157,1864,67,40,27,0,99.73304859
fab32ecbf833bd68429904de572d8695f4b8eb6d,3,7,1,6,0,0,0,2,13,18,1,2,1.298794941,665,246,33,147,147,0,2698,2698,0,19,19,0,0,100
785c2f86023850c8af5bbe78e09ac7e015ee3905,6,318,106,212,1,0,1,1,14,10,1,4,2.373488683,1249,247,34,327,268,59,7043,5132,1911,64,54,10,0,99.73361747
87e36eb363ab46fa0daec12577f14f30dd42cf73,1,135,8,127,0,0,0,1,5,2,1,1,0,99,248,30,54,23,31,901,391,510,53,22,31,0,100
d0e8d48f424e6b59ea1f3a02fabf108ac3cbaf27,3,12,21,9,0,1,1,1,15,3,1,1,1.211293825,648,249,31,138,139,1,2608,2653,45,17,18,1,0,99.89350373
57b820cd221bd4d34b70f15b42902f1654d557a2,1,1,1,0,0,0,0,2,11,93,1,1,0,139,250,15,17,17,0,380,380,0,10,10,0,0,100
770cc88c28d303fd4f6605440046b77b9e7ed2bf,1,22,1,21,0,0,0,2,11,118,1,1,0,196,251,1,40,35,5,783,653,130,9,9,0,0,100
f74b933921d142b293984ecd4da758fc905571a8,1,21,0,21,0,0,0,1,7,102,1,1,0,279,252,2,51,46,5,1787,1668,119,23,21,2,0,100
832d544a0af6852035a8e4406a2f840cbd5cad00,3,95,7,88,0,0,0,1,17,109,1,1,1.091145347,910,253,3,144,135,9,3043,2766,277,48,42,6,0,100
c596a01f8084b8c89a02b03a456772f73bf6086f,1,6,8,2,0,0,0,1,2,66,1,1,0,134,254,4,15,15,0,1192,1184,8,15,15,0,0,100
180f06d6ee12904e39250439d7e041737f77f77e,2,24,29,5,0,0,0,2,20,189,1,1,0.73676801,722,255,0,87,87,0,4462,4527,65,26,25,1,0,100
07c991c87d08c3d9bfcb67672013988b5806f5e8,0,0,0,0,0,0,0,0,0,0,0,0,0,0,256,1,0,0,0,0,0,0,0,0,0,0,100
5c358bb70e95b00beff8363b1210faf6dc170e3d,0,0,0,0,0,0,0,0,0,0,0,0,0,0,257,2,0,0,0,0,0,0,0,0,0,0,100
727d4362b994b6eca2311b53b76bcfff5f91dd16,0,0,0,0,0,0,0,0,0,0,0,0,0,0,258,3,0,0,0,0,0,0,0,0,0,0,100
95687ec3be0dda86b8086d8536481efbf0c910f6,20,3813,513,3300,7,0,7,1,23,102,1,5,3.286135142,4298,259,4,1550,787,763,41535,18278,23257,458,216,242,0,98.57293869
8d51e5503d9bc0e89a185861f6c5213a9eb4e4fa,5,21,84,63,0,0,0,2,29,42,1,3,1.350431215,3363,268,5,479,489,10,11864,12130,266,183,192,9,0,100
716d177652889ac4ad8c299b23c444b88b15d1bc,6,116,21,95,0,0,0,1,28,19,1,4,1.819196303,3694,260,5,594,576,18,14167,13773,394,290,273,17,0,100
996b35897d87bdd1372861bb4fe819ef499db6df,1,152,0,152,1,0,1,1,1,0,1,1,0,0,261,6,13,0,13,1348,0,1348,9,0,9,0,99.47835159
bbf853e8e4bb6feb52495996c50b59f0ea1ff92f,3,86,14,72,0,0,0,1,8,5,1,3,1.302004483,1312,262,7,255,248,7,7839,7060,779,122,120,2,0,100
0d3d2894f7f129d7ece8e495bc166cbf2cab29d4,2,144,5,139,0,0,0,1,24,4,1,2,0.380040179,2347,263,8,437,407,30,9862,9267,595,206,182,24,0,98.53633037
41143cfe7c649bb4c89a3da37454d89d84602633,0,0,0,0,0,0,0,0,0,0,0,0,0,0,264,9,0,0,0,0,0,0,0,0,0,0,100
55e8e8b7d2381668eb2f9798267893e94a6350c7,1,8,0,8,0,0,0,1,10,1,1,1,0,572,265,10,137,135,2,2727,2680,47,126,124,2,0,100
e1c2a107f468af6841d474e3b5e581d5998388f4,5,21,84,63,0,0,0,2,29,42,1,3,1.350431215,3363,275,12,479,489,10,11864,12130,266,183,192,9,0,100
9409fc65f96106d4bd7c804d2f6a6af201cde82a,7,157,48,109,0,0,0,1,28,51,1,4,2.087000547,3804,266,11,578,562,16,14339,13797,542,209,198,11,0,100
67d24353e04e4f34bdbcf1197c48c0b01c571a56,1,2,2,0,0,0,0,1,3,0,1,1,0,107,267,12,15,15,0,475,463,12,8,8,0,0,100
854c92e1d9bb05d188b1b3de5727c3492cd5e4a0,1,9,6,3,0,0,0,1,3,5,1,1,0,542,268,13,133,133,0,2255,2248,7,11,11,0,0,100
9ba43b92ae78ec5bd82fd39f0f01c3d78991dca8,1,1,1,0,0,0,0,3,25,7,1,1,0,1914,269,14,302,302,0,7182,7182,0,82,82,0,0,100
607af831ce90ab807d20be4499fa23f8bb5d7b41,3,223,6,217,2,0,2,1,26,0,1,3,1.580044007,1914,270,15,323,302,21,7758,7182,576,91,82,9,0,99.68487395
b8c404e0804233dec8b121c171984e9e7cb719d1,4,24,12,12,0,0,0,2,8,812,1,1,1.335505557,549,271,16,55,55,0,1262,1210,52,29,29,0,0,100
d37ebf945bcc2b3c28043f4c071e53f1f6cf5136,5,80,0,80,5,0,5,1,1,0,1,1,2.092774454,0,272,17,8,0,8,385,0,385,7,0,7,0,99.42678478
7d6585f617e23a6c6e2e966995b2adb24e9c514e,2,68,48,20,1,0,1,1,11,6,1,2,0.968897709,580,273,18,138,137,1,2841,2727,114,127,126,1,0,98.45758355
b6272430dc0e148c41c2f98ab3435120e40f460c,2,74,24,50,0,0,0,1,5,226,1,2,0.948613198,303,274,19,57,54,3,2001,1637,364,24,22,2,0,100
c778e49f4840aed9d82d151cbee66396f40c8b94,6,79,73,6,0,0,0,1,16,79,1,3,1.513080039,1727,275,20,351,351,0,8041,8010,31,47,47,0,0,99.79591837
33195bb3949b939fc64f046519614769dcc26bdd,3,27,23,4,0,0,0,2,32,190,1,2,0.382542669,1750,276,21,207,207,0,5782,5748,34,78,78,0,0,100
f3d71fd595ed0a8f6778d9586a0aa6cbffa11f1a,2,13,10,3,0,0,0,2,24,271,1,2,0.932111568,849,277,22,127,127,0,2634,2619,15,73,73,0,0,99.94897959
8302323b63b03c07bbe5580c7d3a354454ffeb95,1,7,7,0,0,0,0,2,13,0,1,1,0,407,278,23,88,88,0,1798,1798,0,14,14,0,0,100
ad71de5e2d3bb58094052decc307a8ca0997a37d,5,1608,0,1608,3,0,3,1,33,53,1,4,1.821070503,1271,279,24,387,118,269,13165,3858,9307,177,65,112,0,96.2109575
5e09b576561bde95b434baa243e1e7b6747d9fe9,2,10,1,9,0,0,0,1,34,2,1,1,0.994030211,1946,280,25,256,255,1,7506,7474,32,83,83,0,0,100
6fbca0801430b3b94bc285e4f96489800cf1d637,1,4,1,3,0,0,0,1,3,0,1,1,0,592,281,26,139,138,1,3605,3590,15,18,18,0,0,100
eca5102eb01a5b9d4d3e2445d8484c87a2e4532e,1,9,8,1,0,0,0,2,35,0,1,1,0,1363,282,27,118,118,0,3916,3916,0,65,65,0,0,100
8c36e90f5c7c3e5be2612a3d3b923fcca0b34273,1,11,0,11,0,0,0,1,4,0,1,1,0,595,283,28,144,139,5,3663,3605,58,18,18,0,0,100
e729af446f466c5b030cdc79ca4a71871dde5d43,4,31,19,12,0,0,0,2,36,119,1,2,1.319067321,3550,284,24,430,430,0,11418,11418,0,155,155,0,0,100
4aed227d830819c0bf93a9040cbf34fa7ac6b552,5,196,5,191,0,0,0,1,37,5,1,3,2.007797415,4371,285,25,567,548,19,17403,16396,1007,247,232,15,0,99.74306269
bf3aad254602a7bdaa012b3e57cfba0b1dd7cab2,5,245,97,148,0,0,0,1,38,0,1,3,1.878423662,4562,286,26,589,567,22,18046,17403,643,248,247,1,0,100
319dece08f2460c8c4046edc08e9c14066c18aea,2,7,7,0,0,0,0,2,39,3,1,2,0.591672779,1794,287,27,207,207,0,5783,5783,0,80,80,0,0,100
a4be9c055216711c4d2fe2125ae94292daad3ec3,7,188,183,5,0,0,0,1,40,81,1,5,2.159163865,5376,288,28,750,750,0,22357,22382,25,272,272,0,0,99.69167523
2735cf280a59b1dbb05deddbdc55fdf361e66c76,7,946,1683,737,2,2,4,1,41,0,1,5,2.360691291,5200,289,25,556,733,177,17437,21610,4173,199,266,67,0,96.22833843
21c5c480a09e01a1f0dc38e994059076435af252,3,68,5,63,0,0,0,2,32,5,1,2,1.358024428,2810,290,24,439,432,7,10575,10397,178,128,127,1,0,100
335e504a2e52be56d31ed8191b518279aec97916,17,60,24,36,1,0,1,1,42,143,1,7,3.527593542,10266,291,25,1680,1677,3,39301,39179,122,403,400,3,0,96.6395112
45ff14bf7abd337b0b2125d520ba924199865acb,1,63,42,21,0,0,0,2,43,0,1,1,0,1258,292,26,116,116,0,3841,3848,7,63,63,0,0,96.74465921
314a07bc7f71e3bca9d1991d024399b663446000,1,2,1,1,0,0,0,2,7,281,1,1,0,735,293,27,124,124,0,3379,3373,6,37,37,0,0,100
ac9c5cc565392dd8ebe20cc124307b0d7304195a,9,311,67,244,3,0,3,1,44,61,1,6,2.37234471,3775,294,28,499,472,27,13679,12722,957,196,177,19,0,96.2006079
d15f0387d099e2f605e0a99b60628150723df0a7,1,31,0,31,0,0,0,2,45,1,1,1,0,1331,295,26,126,126,0,4058,4049,9,67,67,0,0,100
af9de78413eded8b8e543b3db047c6a6445cb2a2,6,86,27,59,0,0,0,2,46,195,1,2,1.816327589,2555,296,27,257,256,1,7326,7302,24,140,139,1,0,100
7559c1816cca823c2c73abc61f48a844dfc17ba1,2,4,4,0,0,0,0,1,1,0,1,1,1,125,297,24,8,8,0,676,676,0,8,8,0,0,99.5930824
5fbf5b9bd496dcd10e599fb242935a382158c79a,3,55,55,0,0,0,0,1,47,10,1,2,0.853868991,1704,298,25,181,182,1,5593,5569,24,94,90,4,0,100
4bfef8eeb7045571aec0d00ba3e7ff67ec51b106,6,59,9,50,1,0,1,1,48,1,1,5,2.294611062,5902,299,26,754,748,6,22370,22170,200,277,276,1,0,99.04137235
b15f5b5d1e5b98c72b40eaf4060674b6346e1408,4,21,92,71,0,1,1,1,49,2,1,3,1.691393901,2352,300,27,253,260,7,7851,8016,165,107,112,5,0,98.73417722
5c3307a9f083b497c7c70657ea945719548d2e20,3,56,1,55,0,0,0,1,50,109,1,3,1.474608173,1720,301,28,159,149,10,5625,5352,273,86,84,2,0,100
1d224c5696c8ded92742952deed3c5871884149b,1,4,2,2,0,0,0,2,19,0,1,1,0,1501,302,29,215,215,0,4890,4890,0,75,75,0,0,100
0e0bf45fbccd2614ef6f3cb18098ba86f87eec0b,2,67,6,61,0,0,0,1,35,0,1,2,0.847107491,2936,303,30,410,403,7,13017,12704,313,130,124,6,0,100
a874383f68b919c3ea5f2b5c7c06ab9f53aa750c,1,5,2,3,0,0,0,2,15,17,1,1,0,407,304,31,89,88,1,1811,1798,13,14,14,0,0,100
98b6cde95dc7219a0ea750dfbde9856d0a71b676,4,85,27,58,0,0,0,1,25,77,1,3,1.662833165,2461,305,32,398,387,11,9343,9071,272,140,137,3,0,99.43734015
30a88461cc5aa3db7c1e7ecc689b57361c222b94,1,10,1,9,0,0,0,3,36,4,1,1,0,2482,306,32,386,386,0,9071,9071,0,116,116,0,0,100
19dae83017fa82ea42d64f761cac852b820c1179,1,10,2,8,0,0,0,3,37,0,1,1,0,2491,307,33,391,386,5,9146,9071,75,116,116,0,0,100
33214e377b55306b67fffa512c8b1c967175261b,11,43,43,0,0,0,0,1,38,100,1,2,3.135079629,4962,308,34,735,736,1,20737,20699,38,263,264,1,0,100
719ca6041a06a5a68b7a7a3c3249a437327fc09b,1,12,3,9,0,0,0,2,51,9,1,1,0,1395,309,35,125,124,1,4131,4098,33,70,70,0,0,100
dd9f7dcb81aaf8209c3f60cede12f82c14ce8dd6,2,14,1,13,1,0,1,1,39,1,1,1,0.566509507,2499,310,36,391,391,0,9175,9152,23,116,116,0,0,99.89795918
b6a14efd8a6b0f67989bd7d45ffdace860d0cd68,16,1901,1293,608,7,0,7,1,52,28,1,3,2.394126888,5618,311,36,745,684,61,22765,21378,1387,305,250,55,0,98.83779687
dc44da2c3ce5f14289cadaf4e110ee5dcc876f0d,3,344,243,101,0,0,0,1,41,0,1,2,0.81020429,3275,312,37,467,450,17,13735,12897,838,175,168,7,0,99.9498998
a3ff45b5fa027f93a53ac795478286965cbedf8a,1,13,9,4,0,0,0,1,3,2,1,1,0,907,313,33,160,160,0,4079,4074,5,60,60,0,0,100
e0aae0bc9715b3aa5fcad66709b33b1cd3dea666,5,439,109,330,0,0,0,1,42,9,1,3,1.871066639,2884,314,34,390,359,31,13178,11145,2033,144,134,10,0,99.84962406
b0da48a4b360f1f2ed390bf2207e07f2fc163b8c,2,27,16,11,0,0,0,2,6,28,1,2,0.980798365,177,315,31,18,17,1,750,728,22,6,6,0,0,100
bda48162acce2533f4f16a4b9a0be903f56f8fed,1,1,1,0,0,0,0,1,5,2,1,1,0,219,316,32,30,30,0,1085,1085,0,8,8,0,0,100
4d2eb4372470d3323017cc7e7ef5e256c50b50ec,3,48,3,45,0,0,0,1,43,117,1,3,1.392868043,2873,317,33,346,340,6,11750,11574,176,132,128,4,0,100
71a29c13db28e32df27d18d0096650993eb7ac91,1,15,8,7,0,0,0,3,44,0,1,1,0,1904,318,34,288,288,0,6012,6002,10,102,102,0,0,100
d65d1de8274d17bd809b95e61ec96d6371d65528,1,33,0,33,0,0,0,2,5,41,1,1,0,86,319,35,6,3,3,136,82,54,6,3,3,0,100
40839e7cd5d25647c24af56f1e1ac18d242296b5,1,1,1,0,0,0,0,1,4,2,1,1,0,911,320,36,160,160,0,4081,4079,2,60,60,0,0,100
1664856d86a191960fe7d451f79ea7db894400d8,3,5,5,0,0,0,0,1,53,2,1,2,1.485475297,3347,321,37,418,418,0,10242,10244,2,174,174,0,0,100
f56bd713f8359b037dd774310224db2f6bc31503,0,0,0,0,0,0,0,0,0,0,0,0,0,0,322,38,0,0,0,0,0,0,0,0,0,0,100
f8880d761003fc67fc07a02fbe1b775ed76d6bcd,4,68,9,59,1,0,1,1,46,90,1,2,1.625920622,2391,323,37,343,337,6,7745,7409,336,125,122,3,0,96.34567901
a63a611603aed00cc2f1ce9371ec52516a079cec,2,7,7,0,0,0,0,1,47,1,1,1,0.863120569,2824,324,38,450,450,0,10093,10093,0,162,162,0,0,100
e9c1a44e6ff6afb5b5f27cf293a438f4c7b49a37,3,25,24,1,0,0,0,2,48,118,1,1,1.576985615,2872,325,39,455,456,1,10257,10257,0,166,166,0,0,99.95136187
6adb961393bcac1b89d4e2aba0c1765f817f77a6,2,27,5,22,0,0,0,1,7,4,1,1,0.857148437,1106,326,40,182,179,3,4701,4627,74,69,68,1,0,100
220c4075c9b41f5921be8305a00c6a0e8d273bae,6,161,84,77,2,0,2,1,8,1,1,2,2.346138869,2100,327,39,251,248,3,11564,11223,341,102,100,2,0,99.75739932
f8b95618217cdf531c63989fb21e2dab3ced3b4d,1,3,19,16,0,0,0,1,9,0,1,1,0,946,328,40,165,165,0,4193,4193,0,62,62,0,0,100
467e91c508f77064ddc0985458c4d5da2bf3d84a,2,3,1,2,0,0,0,1,49,4,1,1,0.811278124,1969,329,41,287,287,0,6018,6018,0,101,101,0,0,100
a65833e3ccda5989638a0b0554ab57c5265865e3,4,26,26,0,0,0,0,1,50,17,1,3,1.799442719,2903,330,42,340,340,0,11940,11940,0,126,126,0,0,99.80638916
efec48cd9b594901edb34e58a6acc92becee3694,3,41,27,14,0,0,0,1,51,0,1,2,1.520568918,3689,331,43,492,491,1,15734,15714,20,185,184,1,0,100
1f00ba3ac31e8ee23d6f91f2a90e546cdb818465,4,10,9,1,0,0,0,2,52,88,1,1,1.739954647,3198,332,44,488,488,0,11408,11408,0,175,175,0,0,97.07012488
607cd606ea21ca6762744d62130944fbfa9c6905,8,278,278,0,0,0,0,1,53,1,1,4,1.877316932,4337,333,44,559,559,0,17844,17826,18,213,213,0,0,99.80934223
c0c4988e0df771df3cda993f262efb4ab5915401,13,74,74,0,2,2,4,1,54,52,1,2,3.19965467,3829,334,0,504,504,0,16283,16283,0,196,196,0,0,99.42802669
3d0d43d331ad1b813d534294b27417f2ac109612,7,71,19,52,0,0,0,1,55,25,1,2,2.336239247,3983,335,1,525,519,6,17243,17069,174,203,198,5,0,100
8990ac6401571a33f33d72719c4ba3136565947f,1,1,1,0,0,0,0,3,56,2,1,1,0,1931,336,2,291,291,0,6034,6035,1,105,105,0,0,100
4598a30417270748bf98a21027b3ce0d2d7341c8,1,47,0,47,1,0,1,1,1,0,1,1,0,0,337,3,2,0,2,290,0,290,2,0,2,0,99.9047619
6734224dd80fb82b7f0eceef7b36cc4b0ca6e7ea,1,72,0,72,1,0,1,1,1,0,1,1,0,0,338,4,3,0,3,494,0,494,2,0,2,0,99.90494297
8acc514f18eccc2e4213a6bfe43e98c1e0265747,1,78,0,78,1,0,1,1,1,0,1,1,0,0,339,5,4,0,4,513,0,513,2,0,2,0,99.90512334
322678e39bb5cf3d8e963999dc6a31c45d786329,0,0,0,0,0,0,0,0,0,0,0,0,0,0,340,0,0,0,0,0,0,0,0,0,0,0,100
b4abd9138b4873bddd4176ec2b08009a09115d68,2,11,11,0,0,0,0,1,15,162,1,1,0.439496987,1165,341,1,202,202,0,5224,5224,0,71,71,0,0,100
8251f1d13aeed1a99522ffbc8bec4dfbaed39d44,6,44,43,1,0,0,0,1,57,309,1,3,2.177253835,4821,342,0,647,646,1,16656,16625,31,262,262,0,0,99.19811321
919a1e522c59854977f0a9c688e114a9a9b25b27,17,640,274,366,1,0,1,1,58,351,1,3,3.181873205,5325,343,1,959,890,69,24536,22569,1967,437,400,37,0,99.2547741
b052971dbc7ffe87f92c04781e8e1754f06a9f0d,1,16,12,4,0,0,0,3,59,2,1,1,0,1994,344,2,303,303,0,6381,6383,2,107,107,0,0,100
e7de67791e44439469f4b675b13cd0a84e50a79b,2,43,0,43,0,0,0,1,21,226,1,2,0.271389588,1138,345,3,215,206,9,6742,6505,237,165,156,9,0,99.67532468
2a89294fa9efec6c1996ab13c8a0d1a31f0e7736,1,38,1,37,0,0,0,1,14,5,1,1,0,662,346,4,162,153,9,3415,3213,202,153,146,7,0,100
67aa9058b6ba2b8e7cbff466cc1200027128dc67,0,0,0,0,0,0,0,0,0,0,0,0,0,0,347,5,0,0,0,0,0,0,0,0,0,0,100
9b40206e2a22cd3100cf6fc797d8f465188b9317,2,30,13,17,0,0,0,2,22,271,1,2,0.980798365,900,348,0,110,109,1,4765,4652,113,45,45,0,0,100
759e05af61394226b59dfa0310cead507cecbe1b,1,7,0,7,0,0,0,2,23,1,1,1,0,537,349,1,63,63,0,3708,3650,58,19,19,0,0,100
e35b44ffd4f36e1ac1ee9eeca3c4095176c3470b,1,39,5,34,0,0,0,1,6,796,1,1,0,78,350,2,20,14,6,683,496,187,4,3,1,0,100
2eef864c81e0ab2c21cf7256cc21af949d802c0f,0,0,0,0,0,0,0,0,0,0,0,0,0,0,351,3,0,0,0,0,0,0,0,0,0,0,100
5d048401e0233c47ef6eadb438349d05aa6bb860,2,194,9,185,0,0,0,1,60,73,1,2,0.744952274,2697,352,4,502,465,37,10878,9796,1082,278,260,18,0,100
58f03548768d517c1955624c9482f644df1720fe,0,0,0,0,0,0,0,0,0,0,0,0,0,0,353,5,0,0,0,0,0,0,0,0,0,0,100
4e96c77c4047563eb9d5c96349b083b672a42e72,0,0,0,0,0,0,0,0,0,0,0,0,0,0,354,6,0,0,0,0,0,0,0,0,0,0,100
6bc2898888bbe3fee9e860d4e043072de4fb7985,2,90,7,83,1,0,1,2,24,0,1,2,0.621329097,544,355,7,76,63,13,4151,3708,443,23,19,4,0,99.90697674
2c648e4ae1de7942626356468ac78a47d44a12c2,5,21,84,63,0,0,0,2,29,42,1,3,1.350431215,3363,366,8,479,489,10,11864,12130,266,183,192,9,0,100
d214f8187c16f108365978f8221e880c2115d7d8,5,84,21,63,0,0,0,1,28,22,1,3,1.350431215,3300,356,0,489,479,10,12130,11864,266,192,183,9,0,100
ab8360cc5c27e26228f252e10bba5ad0dc653d7d,0,0,0,0,0,0,0,0,0,0,0,0,0,0,357,1,0,0,0,0,0,0,0,0,0,0,100
3932e391a9e76cef5825bbfbd5e60e11e07746c8,2,44,14,30,0,0,0,1,14,188,1,1,0.578794625,277,358,2,56,44,12,1425,1228,197,18,17,1,0,97.73716275
a4c676cd21bea43a54238239530bf0ee259cb511,1,11,10,1,0,0,0,1,15,0,1,1,0,215,359,3,40,40,0,943,943,0,8,8,0,0,100
75e810e1e9ec0bc8691280b52f4d7439b2960db3,1,40,2,38,0,0,0,1,16,108,1,1,0,855,360,4,195,185,10,4465,4278,187,181,171,10,0,100
80b2fae3c4ab938f74fe9201d77287c8c9411f4c,3,75,13,62,1,0,1,3,61,98,1,1,1.084335282,2725,361,5,498,482,16,9792,9509,283,132,128,4,0,99.91823385
cb2e3bc133f1303ff4e3b04b77d12a0ce802c8b8,1,0,3,3,0,0,0,1,3,582,1,1,0,253,362,6,79,80,1,1076,1086,10,9,9,0,0,100
d0b5a2e62079095085062e26db056228868a3d8b,0,0,0,0,0,0,0,0,0,0,0,0,0,0,363,7,0,0,0,0,0,0,0,0,0,0,100
814fa68cc61e9532e57e6283da6c93ec79969e0e,1,8,0,8,0,0,0,1,17,9,1,1,0,893,364,8,197,195,2,4503,4465,38,183,181,2,0,100
893c2586358a63088959412e3752049b712bf7e5,16,295,213,82,0,0,0,1,62,364,1,4,2.961269848,6830,365,0,1359,1341,18,29457,29043,414,273,263,10,0,97.97238999
3ffff9dd9f5c818135ce6a9d84c03e85c179deda,0,0,0,0,0,0,0,0,0,0,0,0,0,0,366,1,0,0,0,0,0,0,0,0,0,0,100
bb299ba8d710dfabf7b9058d3d88a6e8900687a1,7,34,16,18,0,0,0,1,20,282,1,1,2.048512244,1064,367,2,160,160,0,4371,4398,27,34,34,0,0,100
08f052a63103c4b2ddab2bc73be8dd70cd0da3f9,10,457,338,119,2,0,2,1,63,179,1,3,2.741904913,6159,368,3,1343,1325,18,32572,31679,893,500,493,7,0,99.63636364
aa6c3838f918a5a1062f9c4b0373b408b0904d06,0,0,0,0,0,0,0,0,0,0,0,0,0,0,369,4,0,0,0,0,0,0,0,0,0,0,100
8e7c7358d0609cf25cdbca4f45a5140108dabfe0,8,72,34,38,1,0,1,2,64,89,1,3,2.458505517,3646,370,5,594,580,14,12827,12629,198,187,185,2,0,97.61029412
c1b17220f36b3fd681d2bdf7c06bc23b3d4b4f6f,1,6,5,1,0,0,0,2,25,190,1,1,0,545,371,6,62,63,1,3707,3717,10,18,19,1,0,100
227ef79a207a05211977513bcd843cf36091c379,10,983,437,546,3,1,4,1,65,34,1,3,2.365486998,4188,372,7,883,724,159,20434,17132,3302,520,387,133,0,99.48717949
e3a074f78267277b510f5981fc61c8f73afa20cf,1,37,0,37,0,0,0,1,20,1,1,1,0,1003,373,8,229,220,9,5142,4947,195,213,206,7,0,100
39e1a9bee17f6b74d254e32d32ed92f2e0a8f435,0,0,0,0,0,0,0,0,0,0,0,0,0,0,374,9,0,0,0,0,0,0,0,0,0,0,100
7c533cc4c9c2e6d138a352b81fb2c5a886d3584a,10,196,49,147,1,0,1,1,66,77,1,3,2.831932983,5848,375,10,1126,1089,37,27944,27262,682,556,537,19,0,99.30394432
ad89bbe481b15bd526e895e0705d410ac0b64b56,1,3,3,0,0,0,0,1,9,0,1,1,0,758,376,11,189,189,0,3247,3249,2,21,21,0,0,100
4fb08c83f68606496d6c1833096c4a2c6d79c305,2,6,5,1,0,0,0,1,10,0,1,2,0.845350937,1182,377,12,205,205,0,6862,6846,16,33,33,0,0,100
c8fedb34d0494ad162c49a0f5d239a2c9e027736,6,166,88,78,0,0,0,1,19,207,1,1,1.591167266,722,378,12,103,99,4,3093,2822,271,35,26,9,0,96.79402723
168b73425619dc83cbbd0d49ff28c855e4bb2940,2,33,48,15,0,0,0,1,67,1,1,1,0.228538144,2141,379,13,358,358,0,7134,7238,104,116,116,0,0,100
9da05cfe1d436fdb0dc04d578c7599753f326f3f,3,4,4,0,0,0,0,1,16,14,1,1,1.5,486,380,12,59,59,0,1828,1828,0,18,18,0,0,100
ae77176185766746007780306f260c7514789cae,4,76,43,33,1,0,1,1,68,10,1,2,1.57171039,2585,381,9,424,421,3,9236,9137,99,128,125,3,0,99.91652755
7a1bad8662df835696931026067be7633b4ad7d6,1,7,1,6,0,0,0,1,21,0,1,1,0,265,382,10,40,39,1,1127,1095,32,12,12,0,0,100
96d2ebc2d963b096998a42af70bfe67d87a2dcae,1,0,1,1,0,0,0,1,2,0,1,1,0,16,383,11,2,2,0,56,58,2,2,2,0,0,100
372d98f0934ffab1647fe630cefe42c95e27d596,5,63,6,57,1,0,1,1,69,8,1,2,1.921244932,3935,384,12,795,784,11,15892,15634,258,368,360,8,0,99.75
b9b19d93dbdb8f0cf68270a2fb4a3d72052ffb60,2,43,1,42,0,0,0,1,70,52,1,2,0.632130278,3187,385,0,610,600,10,12765,12494,271,347,341,6,0,100
7581b09d672567b1437819de7438b99cb6691d63,1,4,0,4,0,0,0,1,24,0,1,1,0,1158,386,1,259,258,1,5802,5772,30,240,239,1,0,100
39864ef711fe4218085e4886ce432d35f7a9daeb,2,32,17,15,0,0,0,1,12,76,1,1,0.948613198,1966,387,2,681,681,0,10451,10442,9,108,108,0,0,100
6f82f41808d69ad63b11f7a99b791c335bf34e02,6,8,21,13,0,0,0,1,71,69,1,1,2.318369254,3189,388,3,584,585,1,11848,11877,29,151,152,1,0,97.67135325
e4716350c2de5bf7ef36b42e4c3c387839c0d438,2,164,165,1,0,0,0,1,25,396,1,2,0.976675698,1208,389,4,271,269,2,6117,6042,75,242,244,2,0,100
a882f8d0de1ac01f26726867eb772148f5e648ab,5,21,84,63,0,0,0,2,29,42,1,3,1.350431215,3363,401,5,479,489,10,11864,12130,266,183,192,9,0,100
85598ccb099a8afe731fb3984f53ced99ad872a1,7,96,25,71,0,0,0,1,28,16,1,5,1.842664462,5126,390,5,916,904,12,20713,20399,314,446,435,11,0,100
0e81ba39342d759e5ccf9b283f7bebb0902b40f6,1,10,5,5,0,0,0,3,72,4,1,1,0,2066,391,6,352,352,0,6977,6977,0,108,108,0,0,100
85e1a7f74fda8eea45e453299327103aa9cf4a0a,2,91,23,68,0,0,0,1,7,779,1,2,0.844220203,354,392,7,70,58,12,2261,1998,263,27,24,3,0,100
17fbaf1595ce940923cbf39b1015e54a9dfa6065,19,842,828,14,4,1,5,1,73,420,1,5,3.155209203,7794,393,8,997,1000,3,29556,29270,286,386,387,1,0,98.88785913
7dd1af420c94e303705437419232c8967d193d2e,13,104,114,10,0,0,0,1,74,0,1,4,2.248460627,7445,394,9,959,961,2,28239,28262,23,372,374,2,0,99.81532779
c4dba4ffe94625d9a2f3682e47b7f36e62493376,6,917,23,894,4,0,4,1,75,0,1,3,1.675299745,3324,395,10,670,528,142,15985,11130,4855,204,156,48,0,99.5400184
3a2b14979720f1aab0ed1396a2c524a117e38ca9,2,1059,448,611,0,0,0,1,2,2,1,2,0.999961567,805,396,11,212,131,81,7314,4520,2794,86,40,46,0,100
0b4b0a5500d6baa1edafa9599d6a69d602c94116,1,0,1,1,0,0,0,1,3,0,1,1,0,661,397,12,142,142,0,3389,3391,2,27,27,0,0,100
d7717e99af3f1e4d9de481088c9902194215a122,3,168,17,151,0,0,0,1,24,0,1,2,1.171377562,2953,398,13,449,432,17,12882,12341,541,175,163,12,0,99.63353184
f6b4e9c5e013a9e8d8bd4530707ade44c53a5c32,3,5,6,1,0,0,0,2,76,2,1,2,1.572623664,2042,399,14,336,336,0,6835,6844,9,88,88,0,0,100
59f11c14e6b2b093645667d50a7bc6b35421fe14,6,127,61,66,0,0,0,1,57,180,1,4,1.512691798,4865,400,15,626,619,7,18386,18140,246,277,270,7,0,99.86263736
87fa6de09358c00be7119cd518d1c62660899e57,8,116,1,115,7,0,7,1,5,0,1,2,2.410716635,890,401,16,101,89,12,5039,4606,433,85,76,9,0,99.22727273
d18d5969999281236981179ebb954f6a74474562,2,5,0,5,0,0,0,2,9,1051,1,1,0.970950594,248,402,17,19,19,0,719,719,0,13,13,0,0,100
ff3ce9d284fd5c77ffcd8983197659e874b885b5,1,11,5,6,0,0,0,2,58,10,1,1,0,1410,403,11,125,125,0,4154,4154,0,70,70,0,0,100
921acb12a5f1e6260c653e8df966d984b844355f,3,84,35,49,0,0,0,2,59,8,1,2,1.106256103,3048,404,12,360,350,10,9485,9348,137,155,151,4,0,100
b6b64b8bfcb1de9294c8b5b5b42ca13586ec8ca3,1,2,2,0,0,0,0,2,27,0,1,1,0,1638,405,13,225,225,0,5171,5168,3,80,80,0,0,100
3f8fa866e0eac7a1b99176e637c85b170dc264fe,467,6659,13334,6675,0,0,0,1,77,829,1,32,8.63727795,81791,406,14,11227,11227,0,308960,308986,26,4837,4837,0,0,100
153aec42933f8cb317b70710b510347cd6ff1b9d,0,0,0,0,0,0,0,0,0,0,0,0,0,0,407,15,0,0,0,0,0,0,0,0,0,0,100
0eb143d70627389a039bee600da1eef2524a5c34,5,21,83,62,0,0,0,2,31,0,1,3,1.358721939,3186,420,16,479,489,10,11864,12130,266,183,192,9,0,100
4c29824f7d3fadb01e907236cf34c34dd53197e8,174,82,247,165,0,0,0,2,61,31,1,20,6.315095895,33196,408,16,4536,4526,10,120455,120189,266,1872,1863,9,0,100
a8fd91565b87a6e938b50650b282e9d3816f2afc,5,21,82,61,0,0,0,2,33,0,1,3,1.367119044,3181,422,18,479,489,10,11864,12130,266,183,192,9,0,100
cfa4592a0c4c6100f8a0dff20f2835d16f545774,5,82,21,61,0,0,0,2,30,1098,1,3,1.367119044,3120,409,17,489,479,10,12130,11864,266,192,183,9,0,100
fc9eba51492c3cd4da3547ba15b95c7db9b3d237,1,5,3,2,0,0,0,2,62,1,1,1,0,1384,410,17,131,130,1,4187,4175,12,71,71,0,0,100
8e9affef630b087fdc7159f8b0db85c2b4ea8b12,6,129,6,123,1,0,1,1,8,0,1,2,2.37297974,696,411,18,96,89,7,2918,2607,311,60,53,7,0,99.63963964
1bc3291c98f8fe80fa211b880366f2bba90f7187,1,19,2,17,0,0,0,2,23,2,1,1,0,177,412,19,32,28,4,768,691,77,9,9,0,0,100
5f6c139842b3a2b977aec46e45326a5293a7f145,2,8,2,6,1,0,1,2,5,1,1,1,1,53,413,20,2,2,0,100,79,21,2,2,0,0,99.91015274
73ccd1b52cc7b0b2a25d1365156a19462bac2f38,5,83,8,75,1,0,1,1,17,0,1,2,1.520392674,1192,414,21,166,159,7,4691,4363,328,50,45,5,0,99.9103139
ac1440e1811e9f65a9e734bd26d42c24f521b8be,0,0,0,0,0,0,0,0,0,0,0,0,0,0,415,22,0,0,0,0,0,0,0,0,0,0,100
a0800270d8d662dd5449b2d1aa3624b3b2595620,1,5,2,3,0,0,0,2,8,3,1,1,0,306,416,23,20,19,1,676,677,1,5,5,0,0,100
fac1e4f70d7a17cc86707a1cc1a765b91b73c2e9,2,6,6,0,0,0,0,1,78,8,1,2,0.650022422,1850,417,24,322,322,0,6522,6522,0,83,83,0,0,100
e4589a881e1d74d4493e4c7025a9274cffb858d6,3,35,0,35,0,0,0,1,63,7,1,3,1.148834854,3945,418,25,454,449,5,14405,14244,161,232,228,4,0,100
badafb39c5a9fe0d619c35adbfe849c31b2efcb2,1,8,7,1,0,0,0,2,64,0,1,1,0,1391,419,26,132,132,0,4230,4230,0,71,71,0,0,100
bbf2c61601c83af5b39d5f91ef520187d0577d0f,8,341,38,303,1,0,1,1,65,4,1,3,2.178697334,2326,420,27,265,220,45,7910,6609,1301,150,113,37,0,99.73130318
7574bdeb04d41e2dd07adccf843a9bb9353e584e,2,12,9,3,0,0,0,1,66,2,1,2,0.453716339,1603,421,28,166,166,0,5188,5195,7,103,103,0,0,100
2447ad1e294d9b38e9b0aa1b046b3b5e14316032,3,25,6,19,0,0,0,2,11,12,1,1,1.081876149,244,422,29,44,37,7,860,750,110,27,24,3,0,100
403604b079139cdea9c633b4e7c137b32002a66c,1,10,0,10,0,0,0,2,10,0,1,1,0,83,423,30,14,12,2,351,287,64,5,5,0,0,100
ad41cd85c4963f8ea811c9e251dcb58b57bd7694,1,1,1,0,0,0,0,2,67,2,1,1,0,1400,424,31,132,132,0,4250,4250,0,71,71,0,0,100
30f3fc2c5201589f405fbce03bab352d77d2f835,5,116,15,101,1,0,1,1,23,9,1,3,1.243042003,714,425,32,165,147,18,4060,3503,557,51,42,9,0,99.91055456
8778df44e81219899028f07c049e2aca2692ee1d,1,9,0,9,0,0,0,1,28,18,1,1,0,1086,426,33,240,238,2,5377,5328,49,235,233,2,0,100
2e0afd4179c29c23add61834792d437b3c71dc72,0,0,0,0,0,0,0,0,0,0,0,0,0,0,427,34,0,0,0,0,0,0,0,0,0,0,100
9ace3665d0d57ab137c9d6d08c2d6c2c6df26cbb,1,58,0,58,1,0,1,1,1,0,1,1,0,0,428,35,10,0,10,302,0,302,4,0,4,0,99.91071429
3823adf286e9cc9ba7f06e5087bba0cfdf0df9a2,3,80,3,77,0,0,0,1,68,8,1,3,1.44442636,1524,429,36,152,148,4,5146,4724,422,84,81,3,0,100
1ae9c7175872d81b73343e06a5ee144a4b24b0c0,3,118,0,118,3,0,3,1,1,0,1,1,1.531522894,0,430,37,10,0,10,663,0,663,7,0,7,0,99.68875056
d4ffa9e3727b83b95fd546591aa15dbad0118bd0,2,91,62,29,0,0,0,1,19,13,1,2,0.483332971,612,431,36,103,100,3,2486,2212,274,35,33,2,0,100
41da298448d5313495a26fac2a93cb76f0cc6c0d,36,781,146,635,11,0,11,1,19,20,1,3,4.549902598,4675,432,29,900,819,81,24444,21611,2833,364,304,60,0,96.35099913
30db61a99dbedca606703e33e9aff92db905d016,3,94,6,88,0,0,0,1,10,27,1,2,1.506169738,863,433,30,196,181,15,4608,4122,486,57,52,5,0,99.82971477
f07fcd607c821fd368973c5738d4b39162d01f90,14,24,55,31,0,0,0,1,31,3,1,1,3.701831266,2357,434,26,314,314,0,7982,8059,77,157,157,0,0,100
c8072fb85dcee2a6f6a3c0f526e4ae839f745cab,18,288,0,288,0,0,0,1,5,8,1,4,4.169925001,1060,435,27,140,140,0,5096,5096,0,122,122,0,0,100
76169a5a9a6b23ed731a5b655900f50e96c2e481,1,3,3,0,0,0,0,2,20,18,1,1,0,549,436,26,89,89,0,1956,1956,0,28,28,0,0,100
50bf5ac285ed8d957da5a2d4e86144ee5b70f00d,4,31,5,26,0,0,0,1,32,20,1,3,1.376279168,1700,437,27,272,266,6,9388,9205,183,114,113,1,0,100
1414df5a7580684c3d6c0ec817df0ba538a7f85b,31,128,463,335,1,1,2,2,69,61,1,10,3.448727908,10563,438,17,1448,1503,55,40676,41773,1097,516,553,37,0,98.97915781
df2f3a738c7eab7f5f6a9ec0710970517cf08e5d,4,593,13,580,0,0,0,2,31,17,1,3,0.470687499,3441,439,18,662,594,68,17261,14681,2580,219,198,21,0,99.83000425
3145ace59532b619304211a5825eec44fb7d0f8b,0,0,0,0,0,0,0,0,0,0,0,0,0,0,440,14,0,0,0,0,0,0,0,0,0,0,100
98d608f9aff6c2ad2dece66fcc4691769b4881b3,0,0,0,0,0,0,0,0,0,0,0,0,0,0,441,10,0,0,0,0,0,0,0,0,0,0,100
e0cbd594829392e11771ffe0f2f8841363dc2f1c,2,555,71,484,0,0,0,2,10,40,1,2,0.585742915,1169,442,10,183,139,44,7709,5045,2664,52,40,12,0,100
2a83b7a34a64100815a17d344ef1c51198256d5a,2,14,7,7,0,0,0,2,11,2,1,2,0.985228136,1653,443,11,186,183,3,7782,7709,73,52,52,0,0,100
e90f99ae247e679035855b6240bac637702cd219,0,0,0,0,0,0,0,0,0,0,0,0,0,0,444,12,0,0,0,0,0,0,0,0,0,0,100
d86d4837796cd2ddfe957cd41f76f85deacd034a,0,0,0,0,0,0,0,0,0,0,0,0,0,0,445,13,0,0,0,0,0,0,0,0,0,0,100
83e586fd5f3010d993ebeb26f8514a18c0d5df4f,5,21,82,61,0,0,0,2,35,6,1,3,1.367119044,3198,460,14,481,491,10,11896,12162,266,184,193,9,0,100
73e5b4fab0e98fb0a631f9102b24c07946a0a856,5,82,21,61,0,0,0,2,31,902,1,3,1.367119044,3137,446,14,491,481,10,12162,11896,266,193,184,9,0,100
ffcc2fd618d7af51b46c96327fa44b63aefbc54e,1,7,2,5,0,0,0,2,32,27,1,1,0,1605,447,15,226,225,1,5201,5178,23,80,80,0,0,100
92e0deebaa27e8d98aa19336dc1be9ef852391b9,4,260,106,154,0,0,0,2,33,41,1,1,0.907458617,4188,448,10,676,651,25,16720,16194,526,248,242,6,0,100
b43b789925116dabf33dc2ad25cb1487735010c0,7,216,32,184,1,0,1,2,34,42,1,3,1.558996706,4726,449,11,730,709,21,20447,19675,772,269,250,19,0,99.70276008
4fbc948a1aa48dd2992fb824187a651bb0d778a9,3,121,17,104,0,0,0,1,34,0,1,2,1.044382584,2376,450,12,369,361,8,10048,9679,369,145,143,2,0,100
a17e494767886a060c8c83c37ea60513f20f6fa7,1,48,0,48,0,0,0,1,3,2,1,1,0,243,451,13,22,19,3,1118,973,145,21,18,3,0,100
b92cabc8bbdef496d889a31066afcaf0adb31ecf,0,0,0,0,0,0,0,0,0,0,0,0,0,0,452,11,0,0,0,0,0,0,0,0,0,0,100
07a42a2fb235a441ddb15c2cd7822e53c1c4dc87,1,1,1,0,0,0,0,2,22,55,1,1,0,539,453,11,88,88,0,1929,1927,2,27,27,0,0,100
74994a10529249a99d48086b2e73a60db9074736,1,1,1,0,0,0,0,2,23,0,1,1,0,539,454,12,88,88,0,1927,1929,2,27,27,0,0,100
8e1562fc7e9d30283754fb037bae5f58b099c0dd,7,183,27,156,0,0,0,2,29,67,1,2,1.285499816,1533,455,13,254,231,23,5856,5434,422,115,108,7,0,100
d40ddb682830df1d8cb0c680d8bd7fd3e1467a9b,5,21,82,61,0,0,0,2,39,7,1,3,1.367119044,3311,471,15,509,519,10,12421,12687,266,190,199,9,0,100
251c1d5c1276ffc46e908ba38d3c0e80fd544977,6,83,24,59,0,0,0,2,34,746,1,3,1.54617453,3777,456,13,616,606,10,15373,15116,257,242,233,9,0,100
7727a7457b4c033ef4f9b080bbbfab038d6f6b71,1,27,0,27,0,0,0,1,9,106,1,1,0,196,457,14,20,19,1,1393,1159,234,11,10,1,0,100
abf136ffdcd4b2354d2a97e629f08e6e30fc6825,2,64,6,58,0,0,0,2,12,40,1,2,0.997643296,1660,458,15,192,186,6,8165,7782,383,55,52,3,0,100
ab851b76cf816d45707851ac72918a20b0a03fa0,0,0,0,0,0,0,0,0,0,0,0,0,0,0,459,16,0,0,0,0,0,0,0,0,0,0,100
5111bb2c8f056cbfe92a0b7df7e998036919343d,5,90,44,46,0,0,0,2,35,27,1,3,1.35360697,3065,460,17,370,369,1,14333,13990,343,147,147,0,0,100
2f8c8fb24479f037f03e14d36e4d47090e0b0c37,1,8,2,6,0,0,0,2,70,59,1,1,0,1413,461,18,133,133,0,4256,4256,0,72,72,0,0,100
801ead32c2e45e18489567821f81b5847b5cd119,7,117,48,69,0,0,0,2,35,3,1,4,2.308689595,4855,462,16,711,692,19,24161,23798,363,252,250,2,0,100
bdba57fb5bfcd27dbd88166eedcb7b94522e644e,1,15,6,9,0,0,0,1,6,0,1,1,0,302,463,15,22,22,0,1158,1140,18,21,21,0,0,100
3cc995e809870abb73a1c92f6acd0aa051ffbbab,4,91,11,80,0,0,0,2,36,0,1,2,1.649377105,1704,464,16,244,232,12,11435,10899,536,96,89,7,0,99.91511036
d9d57ae39a5c33f68d3f1341b6a3a231382ee282,1,3,2,1,0,0,0,2,71,3,1,1,0,1419,465,17,133,133,0,4256,4256,0,72,72,0,0,100
a4febdffe53c7e841dd5d7ad5b8794395510517c,2,8,4,4,0,0,0,1,37,10,1,1,0.650022422,1022,466,18,151,151,0,6549,6533,16,63,63,0,0,100
a0e05d423d43dfc926f2e058d53e87f3e9c2ec68,8,41,39,2,0,0,0,2,36,38,1,3,2.631211375,6192,467,19,993,993,0,25138,25138,0,322,322,0,0,100
78179ace7cd1d63ea4dc2d3ef9dd0a106c231fcc,7,260,187,73,3,0,3,2,37,2,1,2,1.987021998,3883,468,20,594,593,1,17807,17596,211,210,205,5,0,99.53449006
cba56647d9172d9e90e01221307528f3114043c6,4,87,21,66,0,0,0,1,38,0,1,1,1.74063256,2201,469,20,376,354,22,9227,9028,199,129,125,4,0,100
e3e06ccff2b74c43d1e1af88f9f08895c7342332,5,45,15,30,0,0,0,1,17,0,1,1,1.943542178,1056,470,21,194,194,0,5009,4945,64,67,67,0,0,99.74683544
a1ed253c86cc6f0fb611033292ed14f045660331,8,494,350,144,2,0,2,2,39,0,1,2,2.034826284,5328,471,20,859,821,38,21584,20825,759,290,275,15,0,99.62105263
1fee9100fc1ca169de5a3c215ec406fab8f953f7,1,4,1,3,0,0,0,1,19,6,1,1,0,514,472,20,92,92,0,2535,2524,11,44,44,0,0,100
623bfc3435a297835e783bfdaca3027a52cc42bd,3,539,366,173,0,0,0,2,38,7,1,3,0.622185078,3426,473,21,438,433,5,13583,13500,83,148,136,12,0,100
3ac5a6b7cc878f88fe09e07daf1be0ae69ffc672,5,35,33,2,0,0,0,1,72,12,1,3,2.041907694,5995,474,22,784,788,4,23027,23041,14,308,308,0,0,100
a413714e2acd56a4af6387ec2a09fc4d6e2c9435,1,1,1,0,0,0,0,2,19,137,1,1,0,373,475,23,89,89,0,1811,1811,0,14,14,0,0,100
b399791709c35d7c0c36acc4272a1cd398934350,21,842,361,481,7,0,7,2,41,7,1,5,3.11401878,6921,476,18,1119,1056,63,33091,31429,1662,390,368,22,0,99.24843424
48fe7cdbffd9b35fcbafd91f79074d949d19a77c,0,0,0,0,0,0,0,0,0,0,0,0,0,0,477,19,0,0,0,0,0,0,0,0,0,0,100
eb410a174784392440352caba141eb264bcbbc0d,2,5,6,1,0,0,0,1,42,2,1,1,0.439496987,2222,478,13,384,383,1,9203,9203,0,124,124,0,0,100
060fea4111b6b467f8323a779eaac5e7eb5cd178,1,30,6,24,0,0,0,1,8,15,1,1,0,311,479,14,23,22,1,1226,1158,68,22,21,1,0,100
a80e4686579003dc80abde0b412f1906612e81b4,1,14,7,7,0,0,0,2,73,17,1,1,0,1420,480,14,133,133,0,4256,4256,0,72,72,0,0,100
f7968557da21ab60e1317ea85ed87054511016a3,1,22,10,12,0,0,0,2,43,2,1,1,0,2069,481,15,355,354,1,8429,8377,52,116,116,0,0,100
056f5942969bb364be785b081a06aefe698d35fc,11,190,131,59,0,0,0,1,44,0,1,1,2.141403036,3276,482,16,551,550,1,14003,13813,190,203,202,1,0,99.4269341
352ebc615bd550e4e71a11b035063473356b730b,1,3,1,2,0,0,0,2,45,0,1,1,0,2104,483,17,351,351,0,8502,8502,0,117,117,0,0,100
815affd99a67534099607b1db8d0b3a20342985d,6,176,140,36,0,0,0,1,46,25,1,3,1.738299836,4725,484,18,687,681,6,18103,18004,99,254,255,1,0,100
094c5fbfcad5075543cf60512f8f2fb00fbd9b5b,4,114,27,87,0,0,0,1,47,0,1,2,1.151448119,4314,485,19,640,638,2,17213,16343,870,227,226,1,0,99.83831851
3b98b717b62566c19df0a618c82548ca926cec39,3,110,52,58,0,0,0,1,42,0,1,2,1.526675374,2277,486,20,300,297,3,7707,7601,106,109,108,1,0,100
62a0e4b9925f67660676978c3d555ae6b973cd32,1,51,26,25,0,0,0,2,43,6,1,1,0,1766,487,18,234,234,0,5355,5355,0,83,83,0,0,100
970e4c154f547abb1927624506afd8e9338acf6a,2,4,26,22,0,0,0,1,39,20,1,2,0.836640742,773,488,17,54,54,0,4469,4692,223,35,35,0,0,100
c2c274c1442aac09ba2dda4032b0607c7a753358,2,50,49,1,0,0,0,1,44,1,1,2,0.195909271,2775,489,18,331,331,0,10360,10352,8,164,164,0,0,99.8381877
21906186ef6ea971fdb533fbf02893588e1e6eb1,2,4,4,0,0,0,0,2,74,81,1,2,1,1538,490,19,139,139,0,4727,4727,0,78,78,0,0,100
793b4847ad18042dddbb62e0cef2f28514042307,0,0,0,0,0,0,0,0,0,0,0,0,0,0,491,20,0,0,0,0,0,0,0,0,0,0,100
4ff15e9b8eb7f95b3416bdbed6ff65cb942af382,1,2,1,1,0,0,0,2,13,119,1,1,0,681,492,21,143,143,0,3085,3083,2,40,40,0,0,100
7cbc643680e6a27d04ec1518dc251929d0c4e75f,3,98,14,84,0,0,0,3,40,48,1,1,0.827602342,1271,493,22,211,199,12,8064,7681,383,96,93,3,0,100
c5be74eb584eada891beac4512099a3739b45047,1,2,2,0,0,0,0,2,75,0,1,1,0,1427,494,23,133,133,0,4256,4256,0,72,72,0,0,100
9703a91c1c95743972994d77a9b89a1db273e335,0,0,0,0,0,0,0,0,0,0,0,0,0,0,495,24,0,0,0,0,0,0,0,0,0,0,100
e184096845eeccdd0492c3ef6239cf8adbe8ca37,3,34,7,27,0,0,0,2,76,10,1,3,1.247285467,2473,496,25,297,291,6,10826,10717,109,137,134,3,0,99.91915926
28eba49079363c8185c51d45d0127885649321ad,0,0,0,0,0,0,0,0,0,0,0,0,0,0,497,25,0,0,0,0,0,0,0,0,0,0,100
0461f1d0f2c9dcb10bb9030c192826b87bebaf9a,4,79,53,26,0,0,0,1,19,170,1,2,1.965032383,534,498,22,102,94,8,2778,2601,177,33,33,0,0,100
b6706b54873394dff76a296b8aa049d3ed48bee4,1,26,20,6,0,0,0,1,12,9,1,1,0,347,499,23,21,21,0,1281,1252,29,20,20,0,0,100
14af800e840f0d241b6c8fe6c322d3aef3f9e72f,2,110,88,22,0,0,0,2,20,2,1,1,0.368556778,318,500,24,64,58,6,1538,1601,63,20,18,2,0,100
3c4757d06a8ddc8440778bcf2d11efeb7a4fdf0e,0,0,0,0,0,0,0,0,0,0,0,0,0,0,501,25,0,0,0,0,0,0,0,0,0,0,100
5d3c6998b99f5436e617b0ac01709a239c02e517,0,0,0,0,0,0,0,0,0,0,0,0,0,0,502,26,0,0,0,0,0,0,0,0,0,0,100
09367a80cb70f360351a4c9e8779e41a347c33b8,0,0,0,0,0,0,0,0,0,0,0,0,0,0,503,27,0,0,0,0,0,0,0,0,0,0,100
cf3a7329b804092b409a900ff36a0306d37c0d0f,3,4,3,1,0,0,0,3,25,18,1,1,1.556656707,1393,504,28,227,227,0,6761,6755,6,112,112,0,0,100
1790da3ab62e9a844123e7720434f42af5cc4a1e,4,44,24,20,0,0,0,2,77,7,1,2,1.336025341,1868,505,29,218,216,2,6234,6155,79,104,103,1,0,99.83831851
57743783450b357e1b10ac3ff9f00aafabae3c45,6,179,63,116,4,0,4,1,13,0,1,1,2.328188978,170,506,30,47,31,16,1012,600,412,26,18,8,0,97.75010044
302969ee7c49365adc77c8555323558e5c74c3b2,1,4,0,4,0,0,0,2,78,0,1,1,0,1438,507,31,133,133,0,4265,4265,0,72,72,0,0,100
489eea821eddb2a4915e7c9a0a9a78463c429301,1,4,0,4,0,0,0,1,3,192,1,1,0,42,508,32,4,3,1,125,111,14,4,3,1,0,100
a9bdbbba024648a6f01bc4edb0441ee85bfa3696,0,0,0,0,0,0,0,0,0,0,0,0,0,0,509,29,0,0,0,0,0,0,0,0,0,0,100
d95a8e713c25594b9f9bde80724046888a19b887,1,40,9,31,0,0,0,1,9,201,1,1,0,316,510,28,57,51,6,2004,1787,217,25,23,2,0,100
be951caaf2bc9aff333e18fc6688a68133e85d51,6,107,67,40,0,0,0,1,22,6,1,1,1.601669286,546,511,27,108,99,9,2536,2338,198,40,38,2,0,100
5b73b3254f668cf8f9373c36468035347fed5bec,4,16,3,13,0,0,0,1,23,0,1,1,1.871019121,403,512,25,77,74,3,1839,1794,45,28,26,2,0,100
e56478d4b31a223e562d950820874c59b1223f70,0,0,0,0,0,0,0,0,0,0,0,0,0,0,513,26,0,0,0,0,0,0,0,0,0,0,100
71f86da22e09a362bf7519002eb1f17ce132dcb9,2,11,33,22,0,0,0,3,41,29,1,1,0.359101626,1029,514,27,127,132,5,6236,6321,85,67,68,1,0,100
f84d7a13a2e8bb916be15109e28c0c3440ba697b,0,0,0,0,0,0,0,0,0,0,0,0,0,0,515,28,0,0,0,0,0,0,0,0,0,0,100
99e60116f5d3bbc87b16db42621f560351b0248c,0,0,0,0,0,0,0,0,0,0,0,0,0,0,516,29,0,0,0,0,0,0,0,0,0,0,100
01e18358b1deeb0e418df669480153226b82627b,0,0,0,0,0,0,0,0,0,0,0,0,0,0,517,30,0,0,0,0,0,0,0,0,0,0,100
d37329008a3344257c566e8a836dc4e2f704eeac,0,0,0,0,0,0,0,0,0,0,0,0,0,0,518,31,0,0,0,0,0,0,0,0,0,0,100
37272c3bdff9629b818a5d304aff6ae29edfdef6,0,0,0,0,0,0,0,0,0,0,0,0,0,0,519,32,0,0,0,0,0,0,0,0,0,0,100
4ecea19a39a7ad9337ac2b5ee2edd55cbe136b65,0,0,0,0,0,0,0,0,0,0,0,0,0,0,520,33,0,0,0,0,0,0,0,0,0,0,100
485b0fc5db91a2e82854574caca82592537d62de,1,19,10,9,0,0,0,2,4,210,1,1,0,110,521,34,10,4,6,371,332,39,10,4,6,0,100
888e7663e6464eecd5e542b6b86c7c5f01715e82,1,4,0,4,0,0,0,2,20,173,1,1,0,844,522,34,149,148,1,3943,3928,15,49,49,0,0,100
f7520e52573f96f88e2a6ba67bd1e414d7c0c8ee,1,1,1,0,0,0,0,2,45,40,1,1,0,1792,523,35,234,234,0,5363,5363,0,83,83,0,0,100
6c451d2fe6603fc538e29819fb8ba362c215463e,4,259,202,57,2,1,3,2,21,91,1,1,1.375684579,853,524,36,140,140,0,3875,3860,15,51,54,3,0,99.68140183
dcc1adeabb5cced72f4c02d4e5b9f94923488e2b,7,248,17,231,0,0,0,2,79,181,1,3,2.374189254,2972,525,27,369,343,26,11486,10613,873,165,147,18,0,99.92050874
09c740a4c28060555ff9e63a09eb1b3e34439a58,2,2,2,0,0,0,0,2,46,3,1,2,1,1918,526,28,244,244,0,5615,5615,0,90,90,0,0,100
6add9813381832869385a9b9bbc9fb34f23fabff,15,119,35,84,1,0,1,1,80,69,1,5,2.926430341,8997,527,27,1264,1255,9,33962,33489,473,486,480,6,0,99.6821613
e6d88f4930679d2f2e2f3f52989fd139773dbaa2,0,0,0,0,0,0,0,0,0,0,0,0,0,0,528,27,0,0,0,0,0,0,0,0,0,0,100
2955e5f7d4aea79934032bd6121a57980c57335a,0,0,0,0,0,0,0,0,0,0,0,0,0,0,529,28,0,0,0,0,0,0,0,0,0,0,100
107fd27bb5b0b04a8af0ed13de9f98b91c3fa6f4,19,304,0,304,0,0,0,1,13,54,1,4,4.247927513,1362,530,29,165,165,0,5401,5401,0,87,87,0,0,100
35f46b2d1685b801ec9df12053d346724079e536,3,77,17,60,1,0,1,1,33,95,1,3,1.133097856,699,531,27,104,95,9,5123,4761,362,39,37,2,0,99.72211195
fd60564706db4bceb9961e22f6b4f5f34c29b428,9,62,47,15,0,0,0,1,81,63,1,5,2.855504008,5702,532,27,669,669,0,19513,19465,48,279,279,0,0,100
8332c3247901fd29f3c26751b56317163a63a245,1,4,12,8,0,0,0,1,22,20,1,1,0,828,533,28,133,134,1,3646,3691,45,47,47,0,0,100
4c073146856c2bfd6dfef0ed2fbd651f607762e6,37,158,153,5,0,0,0,1,82,157,1,9,3.792890002,10139,534,29,1173,1173,0,45857,46184,327,675,675,0,0,99.44444444
a36ad2dfe1b95844526b6aaf7887950a7cca3a39,2,3,33,30,0,0,0,1,81,0,1,1,0.943601631,2580,535,30,439,441,2,9735,9775,40,124,126,2,0,100
af15c1ef11c3651c69a5eb867fa150d83534830c,1,8,8,0,0,0,0,2,83,1,1,1,0,1478,536,30,135,135,0,4384,4384,0,73,73,0,0,100
76d4fbfb07e02f4f08f6ec970551145826363e0a,2,7,2,5,0,0,0,2,11,232,1,1,0.918295834,432,537,31,47,47,0,1205,1205,0,26,26,0,0,100
f187c6f3250f240133c72442c3db8ef02a6f9311,2,139,5,134,0,0,0,1,84,1,1,2,0.983096874,1813,538,32,170,159,11,7322,6691,631,91,87,4,0,100
1cb32e9233eaaa050ab46901cf1f826d6fa4853b,1,1,1,0,0,0,0,2,6,232,1,1,0,132,539,31,13,13,0,339,338,1,10,10,0,0,100
62e981f50d9434838ffb77cb13e21d9a223f1eba,1,26,2,24,0,0,0,2,9,233,1,1,0,514,540,31,124,112,12,3005,2856,149,24,23,1,0,100
e220af94580c9e42befb75c4ca3413d4d9524d0d,4,95,13,82,0,0,0,2,85,5,1,3,0.779859457,3225,541,32,420,402,18,14602,14203,399,197,192,5,0,99.84120683
d3e8d965066fe950850ab84d0a8a3b1dd0cbbdde,0,0,0,0,0,0,0,0,0,0,0,0,0,0,542,33,0,0,0,0,0,0,0,0,0,0,100
f2b6145be852c742031bb443e583ab8ed14b9169,1,11,6,5,0,0,0,2,86,0,1,1,0,1558,543,34,144,144,0,4612,4612,0,75,75,0,0,100
42092bb854052f7262a1ac44876d73e403db2329,0,0,0,0,0,0,0,0,0,0,0,0,0,0,544,35,0,0,0,0,0,0,0,0,0,0,100
9e65084998a12873506348edb63c910d395663aa,0,0,0,0,0,0,0,0,0,0,0,0,0,0,545,36,0,0,0,0,0,0,0,0,0,0,100
7abc0f6b7568633c8c91a495056d58155ac4464d,0,0,0,0,0,0,0,0,0,0,0,0,0,0,546,37,0,0,0,0,0,0,0,0,0,0,100
053c6b8852e22a76f10c0bb7ccaa9c2232377b23,5,21,82,61,0,0,0,2,53,17,1,3,1.367119044,3389,563,38,538,548,10,12745,13011,266,191,200,9,0,100
99b1cc8ca37cb05bf8b766bd7218dee5f2a1e588,5,82,21,61,0,0,0,2,47,680,1,3,1.367119044,3328,547,38,548,538,10,13011,12745,266,200,191,9,0,100
bc80187633249cd2af48381ea07b1783184bd7ab,5,21,82,61,0,0,0,2,53,17,1,3,1.367119044,3389,565,40,538,548,10,12745,13011,266,191,200,9,0,100
1e31ce994661c268a3132cb710729aa410fe8b21,5,82,21,61,0,0,0,2,47,680,1,3,1.367119044,3328,548,38,548,538,10,13011,12745,266,200,191,9,0,100
b79833f697b8418307f9510496fe3a80d991e848,5,21,82,61,0,0,0,2,53,17,1,3,1.367119044,3389,567,41,538,548,10,12745,13011,266,191,200,9,0,100
2cec22dc8327356a49920f66283f169ad7fddff3,5,82,21,61,0,0,0,2,47,680,1,3,1.367119044,3328,549,39,548,538,10,13011,12745,266,200,191,9,0,100
ce711404ba0730ba78cab77736bcfc57a6c5630f,6,238,136,102,0,0,0,2,87,137,1,3,1.735846384,4930,550,40,720,703,17,19047,18619,428,256,249,7,0,100
602218a9a62478098c9b40a0b155e01dd5646376,5,21,82,61,0,0,0,2,55,3,1,3,1.367119044,3416,570,44,539,549,10,12779,13045,266,192,201,9,0,100
998925a505d2decfd81ef4e7c62bdeaad56f9990,5,82,21,61,0,0,0,2,48,695,1,3,1.367119044,3355,551,39,549,539,10,13045,12779,266,201,192,9,0,100
525d63f8099c813ca72f9c735c5154921cb58fb7,0,0,0,0,0,0,0,0,0,0,0,0,0,0,552,39,0,0,0,0,0,0,0,0,0,0,100
e8a8c5219abeb6a6a7fd2c3957c59aded9122356,0,0,0,0,0,0,0,0,0,0,0,0,0,0,553,30,0,0,0,0,0,0,0,0,0,0,100
d4ac3a4b43a856c5c3ed33782ddb2c3ee72b564f,1,1,1,0,0,0,0,2,14,144,1,1,0,120,554,31,17,17,0,423,423,0,5,5,0,0,100
06c5e86581f672049b5ae080eb345c570a8ae202,1,4,3,1,0,0,0,1,7,21,1,1,0,108,555,32,14,14,0,539,524,15,7,7,0,0,99.56262425
df126a7917d53e8cc2ac3a621340c542ecdc33fe,9,12,15,3,0,0,0,2,82,129,1,7,3.052140522,6624,556,33,1042,1052,10,24980,25010,30,331,331,0,0,100
f4d23b438022b2252a5622c43c6469d6e9e2b878,1,12,12,0,0,0,0,2,14,252,1,1,0,386,557,32,50,50,0,1401,1401,0,20,20,0,0,100
8cf541f880c6bf376a3c00374b23822b84df436a,2,45,2,43,1,0,1,1,15,0,1,2,0.746736607,386,558,33,53,50,3,1608,1401,207,22,20,2,0,99.92044551
fa2c449fbf588ae094210370974a683038be6a42,1,3,1,2,0,0,0,2,13,99,1,1,0,116,559,32,29,28,1,552,542,10,8,8,0,0,100
09bdcf6ad2bb2ef627e205fca859fdfc0afba723,1,1,1,0,0,0,0,2,88,19,1,1,0,1581,560,33,146,146,0,4658,4658,0,76,76,0,0,100
f8a020f8b1ef650d2b38b74ec6dc99db181a9906,3,112,63,49,0,0,0,2,42,113,1,2,0.932569764,2510,561,34,517,520,3,13960,13775,185,117,109,8,0,100
c7f2d21404a20caacc7d33319cc4b13d66d54ba8,4,6,90,84,0,0,0,2,43,34,1,3,1.249973898,2449,562,35,310,320,10,10847,11270,423,131,137,6,0,100
5009c65dd185b68b38293b69ff458b6f68b28edc,0,0,0,0,0,0,0,0,0,0,0,0,0,0,563,35,0,0,0,0,0,0,0,0,0,0,100
b1dfeda7d61f2200f0eab9d61e608079957ec957,1,10,6,4,0,0,0,1,11,36,1,1,0,347,564,35,57,57,0,2025,1998,27,25,25,0,0,100
3b924a3a6d69dd9c40d7cb9500355dc3c6833715,2,2,2,0,0,0,0,2,49,146,1,1,1,2229,565,36,372,372,0,8952,8952,0,127,127,0,0,100
81f63e9d04420abadd6882fb7435e78c5abc569f,1,1,1,0,0,0,0,2,26,15,1,1,0,541,566,37,87,87,0,1924,1924,0,27,27,0,0,100
51191b06a810cf8c31de139304d2710386584c84,0,0,0,0,0,0,0,0,0,0,0,0,0,0,567,33,0,0,0,0,0,0,0,0,0,0,100
aca8c88ec0989a591b3763caff1e5faf93adc6df,1,15,12,3,0,0,0,2,12,221,1,1,0,417,568,32,64,64,0,2014,1999,15,28,28,0,0,100
c76429bfe79f457a8431b17505c1928a94ee21b7,1,119,49,70,0,0,0,2,13,0,1,1,0,420,569,33,72,64,8,2331,2014,317,29,28,1,0,100
25e99643b83cbd686a41b89357f4c084821377d5,0,0,0,0,0,0,0,0,0,0,0,0,0,0,570,23,0,0,0,0,0,0,0,0,0,0,100
7a1299c2836cae8cde92ce56059aa5d4c40d8d05,1,3,2,1,0,0,0,2,7,236,1,1,0,196,571,23,49,48,1,1148,1139,9,12,12,0,0,100
505a18e8ef2fb3d2468c8ebba229bba2d01eee32,0,0,0,0,0,0,0,0,0,0,0,0,0,0,572,24,0,0,0,0,0,0,0,0,0,0,100
7fad6973aee1d976041073f751ba1dd3a6aa4319,1,5,1,4,0,0,0,1,9,48,1,1,0,56,573,24,6,5,1,215,199,16,4,3,1,0,100
a74beea9c4bfe94379f6862b573b1d6d11afd2af,2,25,3,22,1,0,1,1,25,30,1,2,0.985228136,290,574,25,61,58,3,1568,1455,113,15,14,1,0,99.92057188
4fee20607f7687eaed486c54cb71e9808b3de8cc,1,6,4,2,0,0,0,2,14,282,1,1,0,127,575,24,23,23,0,521,509,12,8,8,0,0,97.51324908
780e8be48eae100188ae33b6f4d62c8ddbf3ed0a,2,21,2,19,1,0,1,1,21,27,1,2,0.932111568,723,576,24,89,87,2,2401,2328,73,42,40,2,0,99.91624791
0a43a59ab6401e9654517cd72cfb72b94fbcc8e1,15,55,32,23,1,0,1,1,50,131,1,7,3.336560192,6847,577,25,1052,1050,2,33574,33460,114,466,464,2,0,99.8328458
85f2fb22bf44dda9b4cfd39e3f660aa55a03e156,15,88,88,0,0,0,0,1,89,76,1,7,2.047019997,8817,578,25,1065,1065,0,35387,35387,0,432,432,0,0,100
ca5bf075953b86d00b17d9ba90bbbeec8816386c,0,0,0,0,0,0,0,0,0,0,0,0,0,0,579,26,0,0,0,0,0,0,0,0,0,0,100
def812d76045f86a4b483cfd5770bc2509293132,5,21,82,61,0,0,0,2,57,8,1,3,1.367119044,3420,600,27,540,550,10,12798,13064,266,193,202,9,0,100
5e1ead2733e6b6d11a569a7b68f66ec3afee1f79,5,82,21,61,0,0,0,2,49,685,1,3,1.367119044,3359,580,21,550,540,10,13064,12798,266,202,193,9,0,100
ec10e8c33d633992156356ed12d2dffdf4a03bc3,20,2388,2343,45,11,2,13,3,44,13,1,1,3.415212709,3656,581,18,582,678,96,19047,21929,2882,244,297,53,0,96.38118215
116c0cce26cae1075b91de6f0ed1fb11c8b729f3,5,21,82,61,0,0,0,2,57,8,1,3,1.367119044,3420,603,20,540,550,10,12798,13064,266,193,202,9,0,100
be7e7a645407ea56d5d041374e2647be1e1937dd,5,82,21,61,0,0,0,2,49,685,1,3,1.367119044,3359,582,18,550,540,10,13064,12798,266,202,193,9,0,100
c56f8ce3c0949d70d0f24d0a34da48ddfc01b39d,0,0,0,0,0,0,0,0,0,0,0,0,0,0,583,19,0,0,0,0,0,0,0,0,0,0,100
a32f936bc5db142230e9735668c63bd9d631b8db,0,0,0,0,0,0,0,0,0,0,0,0,0,0,584,16,0,0,0,0,0,0,0,0,0,0,100
1e5f0c93134608a61343c34bd453b6a65ad9b53e,0,0,0,0,0,0,0,0,0,0,0,0,0,0,585,15,0,0,0,0,0,0,0,0,0,0,100
8242e2bae9f3b1a32c9cf5112d2ae4ecf4270df0,3,182,37,145,0,0,0,1,45,9,1,1,0.986200306,1036,586,16,157,130,27,7221,6381,840,81,64,17,0,99.8447205
8acfa25570c3fdda378d59b07551df6e8e6bd00f,3,106,27,79,0,0,0,1,46,4,1,1,0.987586649,1054,587,15,160,145,15,7031,6513,518,76,72,4,0,100
ac870baaa41557aececcbe208cfcf728bf9ce010,0,0,0,0,0,0,0,0,0,0,0,0,0,0,588,16,0,0,0,0,0,0,0,0,0,0,100
f8d3ff72911356f2171e7e343552e6f7df15fada,0,0,0,0,0,0,0,0,0,0,0,0,0,0,589,17,0,0,0,0,0,0,0,0,0,0,100
833bfb448125aabd84e6689c024f2a211586fcb4,0,0,0,0,0,0,0,0,0,0,0,0,0,0,590,18,0,0,0,0,0,0,0,0,0,0,100
247b8f6e86af963b1a230f58f60593527a3a657d,0,0,0,0,0,0,0,0,0,0,0,0,0,0,591,19,0,0,0,0,0,0,0,0,0,0,100
e3928c92cbad0df819e3cd0e8d8139a0a3b52a4e,5,21,82,61,0,0,0,2,57,8,1,3,1.367119044,3420,614,22,540,550,10,12798,13064,266,193,202,9,0,100
639a7771e9ed6c1e162e9d84df0a1db8e7ffa8d7,5,82,21,61,0,0,0,2,49,685,1,3,1.367119044,3359,592,13,550,540,10,13064,12798,266,202,193,9,0,100
f662c4da2f25eb921d68929b628573ca1ad202a8,0,0,0,0,0,0,0,0,0,0,0,0,0,0,593,14,0,0,0,0,0,0,0,0,0,0,100
e077e5c64e081e0ae31b9774df0efa6cbfd8f5cf,0,0,0,0,0,0,0,0,0,0,0,0,0,0,594,14,0,0,0,0,0,0,0,0,0,0,100
1dd8b34a5e4f1347fce90e9c944a64550184244f,4,51,29,22,0,0,0,2,50,129,1,2,1.396930074,3196,595,14,556,552,4,13244,13080,164,185,184,1,0,99.88340459
6fd8351a2314cb1529a3d00c34c68b08ec733389,5,21,82,61,0,0,0,2,59,4,1,3,1.367119044,3419,619,17,541,551,10,12800,13066,266,194,203,9,0,100
9578df70f864ed60212e6eddc7d46d47e22c7687,5,82,21,61,0,0,0,2,50,693,1,3,1.367119044,3358,596,15,551,541,10,13066,12800,266,203,194,9,0,100
32ee33cae18fb7982d0edaa9ab112bc75b486806,0,0,0,0,0,0,0,0,0,0,0,0,0,0,597,16,0,0,0,0,0,0,0,0,0,0,100
87c701e3d22e4abc12c6f1c891e639f30cebefe1,5,21,82,61,0,0,0,2,59,4,1,3,1.367119044,3419,622,20,541,551,10,12800,13066,266,194,203,9,0,100
e618121806d999ab8b1901ba84ba0994d426da1b,5,82,21,61,0,0,0,2,50,693,1,3,1.367119044,3358,598,17,551,541,10,13066,12800,266,203,194,9,0,100
5ab5f3121c4762f665512772f424fc15e0ebc8a6,36,103,124,21,0,0,0,1,90,238,1,14,4.270891662,19062,599,18,2780,2780,0,68015,68022,7,911,911,0,0,100
d1324e03a7633513edbce0e420f52f728d746da1,1,1,1,0,0,0,0,2,29,0,1,1,0,1520,600,19,386,386,0,7589,7589,0,45,45,0,0,100
090a015bd49a63e7882759d4ccea44e5e865b62e,0,0,0,0,0,0,0,0,0,0,0,0,0,0,601,20,0,0,0,0,0,0,0,0,0,0,100
d747485ed34b6a716b9f0e6c17ee4674be219b4f,1,4,4,0,0,0,0,2,91,0,1,1,0,1581,602,21,146,146,0,4658,4658,0,76,76,0,0,100
d86399320d53adfa0ad3201982edae5be989fafa,0,0,0,0,0,0,0,0,0,0,0,0,0,0,603,22,0,0,0,0,0,0,0,0,0,0,100
efdbd4695e5ac3ac2bbc78beae9181e99227b55e,0,0,0,0,0,0,0,0,0,0,0,0,0,0,604,23,0,0,0,0,0,0,0,0,0,0,100
f24fbfcf335d31640969f971c5ea4b2bc1b99723,0,0,0,0,0,0,0,0,0,0,0,0,0,0,605,23,0,0,0,0,0,0,0,0,0,0,100
8135c1836d4f3b316dd005d15d80d6460858a95c,0,0,0,0,0,0,0,0,0,0,0,0,0,0,606,22,0,0,0,0,0,0,0,0,0,0,100
c1b6fa9f017abd6645f9fc7c189766285fa5211b,0,0,0,0,0,0,0,0,0,0,0,0,0,0,607,23,0,0,0,0,0,0,0,0,0,0,100
1a80776517d0c049b09de7a912e7563796ef5851,0,0,0,0,0,0,0,0,0,0,0,0,0,0,608,24,0,0,0,0,0,0,0,0,0,0,100
c275ba6682ffa3ae66ffc794964c91085bd70abf,0,0,0,0,0,0,0,0,0,0,0,0,0,0,609,25,0,0,0,0,0,0,0,0,0,0,100
40c50d975ba260298210c0952dbe4c267e5c1717,0,0,0,0,0,0,0,0,0,0,0,0,0,0,610,26,0,0,0,0,0,0,0,0,0,0,100
ef527e52337cac502a32fd2c56f09bf7cb352df0,0,0,0,0,0,0,0,0,0,0,0,0,0,0,611,27,0,0,0,0,0,0,0,0,0,0,100
8209c2c99202d0b95c2908c40eb2ed7f7384f9bd,5,21,82,61,0,0,0,2,61,7,1,3,1.367119044,3419,637,31,541,551,10,12800,13066,266,194,203,9,0,100
c40e9ed5238f6e8bd7d99ca628c6e5aa12538cd7,8,105,21,84,1,0,1,1,51,491,1,5,2.01294712,4084,612,28,671,656,15,17971,17566,405,239,228,11,0,99.92229992
f134d12350a4392a8a73bdc26af7a15e03aa6041,0,0,0,0,0,0,0,0,0,0,0,0,0,0,613,29,0,0,0,0,0,0,0,0,0,0,100
607dc9434aea2bba686aa41ab8333d641a84893a,1,4,2,2,0,0,0,1,9,175,1,1,0,146,614,29,26,25,1,832,816,16,4,4,0,0,100
2c542cd0b940e12ca73928aa2846b3d1b828145d,1,1,1,0,0,0,0,2,15,104,1,1,0,120,615,30,17,17,0,423,423,0,5,5,0,0,100
aad3ad12d9dba7238c65fdec197968660c1bad19,1,33,0,33,0,0,0,2,5,355,1,1,0,61,616,31,13,7,6,210,129,81,13,7,6,0,100
a10770b3054ad672c25b73d11a8b4e5865b006ea,3,78,36,42,0,0,0,2,52,16,1,2,1.165791691,2870,617,32,481,465,16,11529,11293,236,167,167,0,0,100
3b01eae635bf238c4e204d2f4d4d46c9781c26b9,1,2,3,1,0,0,0,1,1,0,1,1,0,46,618,33,4,4,0,116,125,9,4,4,0,0,99.8447205
638669f52e4c97af61aa1979285d931e671aea84,0,0,0,0,0,0,0,0,0,0,0,0,0,0,619,34,0,0,0,0,0,0,0,0,0,0,100
05e4b8755ae4fd1bb24072e189cdd846f217e795,0,0,0,0,0,0,0,0,0,0,0,0,0,0,620,35,0,0,0,0,0,0,0,0,0,0,100
20b5cc6bb394e671d0ad228c83953708c707486b,10,241,197,44,2,2,4,1,15,144,1,2,2.655950622,827,621,36,68,77,9,3434,3583,149,57,61,4,0,99.41747573
3edd09ec0c88f6f142b473b1b284ea3ebfe09aba,1,11,8,3,0,0,0,2,8,14,1,1,0,99,622,35,4,4,0,244,232,12,1,1,0,0,100
93dfb21d2f433cf8fa6f4398c7f3dd8a6e6ea13b,2,27,10,17,0,0,0,2,92,59,1,2,0.800392208,2383,623,36,275,275,0,8046,8026,20,109,109,0,0,100
8e69dba8c9ad39ecc9d6383e322ad868219ada0c,12,59,37,22,0,0,0,1,93,191,1,7,2.666695728,9176,624,37,1750,1749,1,39379,39332,47,506,505,1,0,100
815536623780141f41fca277fa49c9b9916b1ec8,1,15,9,6,0,0,0,2,94,0,1,1,0,1586,625,38,146,146,0,4660,4660,0,76,76,0,0,100
d9cc9e00dfd3fda6ef80d694d8d0c8f359642d16,0,0,0,0,0,0,0,0,0,0,0,0,0,0,626,39,0,0,0,0,0,0,0,0,0,0,100
b260a747927b4453c2b4af39bfe1fa7879b149b2,0,0,0,0,0,0,0,0,0,0,0,0,0,0,627,40,0,0,0,0,0,0,0,0,0,0,100
3e45864727874eec8d6c8cb9a8c79d0a248a9393,5,21,82,61,0,0,0,2,64,5,1,3,1.367119044,3475,654,45,561,571,10,13139,13405,266,194,203,9,0,100
833ed2f73d1654b2561aeadba03b4cc8947bef6b,2,14,0,14,0,0,0,2,30,146,1,2,0.749595257,1117,655,46,176,176,0,3826,3826,0,70,70,0,0,100
ec450a2717c974c9b083e837a8e688399248fe86,6,82,36,46,0,0,0,2,53,586,1,4,1.590249179,3830,628,41,598,588,10,16151,15894,257,220,211,9,0,100
bfea6378f8d953f9ff53b87dc2475d029ecb6ccb,5,35,82,47,0,0,0,2,64,57,1,3,1.532736713,3475,657,48,561,571,10,13139,13405,266,194,203,9,0,100
c77771af468927727a04da51ec0edb43386849eb,6,95,37,58,0,0,0,2,53,609,1,4,1.86934991,4498,629,40,644,631,13,18059,17755,304,248,238,10,0,100
7325abddf6941490d55a9f4e065043ccd483daac,2,7,7,0,0,0,0,2,16,53,1,2,0.591672779,642,630,41,81,81,0,2180,2180,0,34,34,0,0,100
c1570e5e664693d4bb8aa98cf1285c1580ab8b68,17,272,0,272,0,0,0,1,4,47,1,6,4.087462841,1306,631,42,190,190,0,6568,6568,0,102,102,0,0,100
b7bd1cfd19501e1bdd7d8663b0f61f7086afd634,1,1,1,0,0,0,0,1,2,56,1,1,0,832,632,43,146,146,0,3867,3867,0,48,48,0,0,100
763e278ff051e7194e0fa6a147354f2d0549b4ba,2,5,5,0,0,0,0,1,19,37,1,2,0.970950594,595,633,43,62,62,0,3683,3727,44,35,35,0,0,100
92c927d244d2843a1671fff3fccc565e14967e32,5,35,82,47,0,0,0,2,64,57,1,3,1.532736713,3475,663,51,561,571,10,13139,13405,266,194,203,9,0,100
68dcb35281d24463b712bc900933c1a8b7a697e3,5,82,35,47,0,0,0,2,53,691,1,3,1.532736713,3428,634,43,571,561,10,13405,13139,266,203,194,9,0,100
440080b6f78c74ad4c873a6a642439556405d91e,5,35,82,47,0,0,0,2,64,57,1,3,1.532736713,3475,665,52,561,571,10,13139,13405,266,194,203,9,0,100
1acc58d37e572cc9cf0897296860ae54ee4beccf,0,0,0,0,0,0,0,0,0,0,0,0,0,0,236,85,0,0,0,0,0,0,0,0,0,,100
8d51e5503d9bc0e89a185861f6c5213a9eb4e4fa,49,5399,990,4409,23,1,24,1,23,67,1,10,4.28705951,7075,268,5,2070,1107,963,58274,29406,28868,651,306,345,,96.41519529
e1c2a107f468af6841d474e3b5e581d5998388f4,5,422,19,403,1,0,1,1,24,3,1,3,1.863529541,3193,275,12,600,540,60,16999,14102,2897,239,194,45,,98.1092437
2c648e4ae1de7942626356468ac78a47d44a12c2,96,6348,1679,4669,31,0,31,1,60,159,1,16,4.683918597,20941,366,8,3755,3215,540,105286,83066,22220,1353,1064,289,,90.67127345
a882f8d0de1ac01f26726867eb772148f5e648ab,40,2454,1124,1330,10,1,11,1,71,171,1,8,4.288101812,11802,401,5,2655,2331,324,67215,59949,7266,913,695,218,,97.11761971
0eb143d70627389a039bee600da1eef2524a5c34,468,9592,14286,4694,15,1,16,1,77,817,1,32,8.379718904,79748,420,16,11217,10939,278,308694,299148,9546,4828,4700,128,,97.43472286
a8fd91565b87a6e938b50650b282e9d3816f2afc,171,0,226,226,0,0,0,2,61,0,1,19,7.320092458,32044,422,18,4350,4350,0,116206,116206,0,1793,1793,0,,100
83e586fd5f3010d993ebeb26f8514a18c0d5df4f,99,3434,703,2731,20,0,20,1,78,11,1,16,5.31821136,26509,460,14,4326,4038,288,119796,107507,12289,1814,1669,145,,94.44201313
d40ddb682830df1d8cb0c680d8bd7fd3e1467a9b,16,793,142,651,1,0,1,2,39,47,1,4,2.394464571,6743,471,15,1120,1039,81,30057,27800,2257,440,403,37,,99.70276008
0469ed03306952c95e0ad610e1b6777cbc5c276c,41,3389,1237,2152,18,0,18,2,73,123,1,12,4.246673745,12985,0,0,2167,1913,254,64535,55432,9103,769,667,102,,97.94153973
e141bd3da34977a92e2a29430a1e6cd8424fdaed,1,3,2,1,0,0,0,1,2,2,1,1,0,29,1,1,2,2,0,46,46,0,2,2,0,,100
4cac5b32cf5c8a3750823120d5769be86c84c514,15,350,202,148,0,0,0,1,76,71,1,6,3.459980943,8189,2,2,1111,1085,26,36865,36380,485,496,490,6,,99.8401279
cb6d7f5a96186ac31e86fb0b925bb15f8e91c5a8,5,67,100,33,0,1,1,1,15,50,1,4,1.614578597,1831,3,3,252,256,4,7640,7773,133,68,68,0,,99.92
053c6b8852e22a76f10c0bb7ccaa9c2232377b23,98,1945,1357,588,6,6,12,1,86,78,1,18,5.547602038,25567,563,38,3628,3587,41,112758,112437,321,1566,1550,16,,96.1323764
bc80187633249cd2af48381ea07b1783184bd7ab,0,0,0,0,0,0,0,0,0,0,0,0,0,0,565,40,0,0,0,0,0,0,0,0,0,,100
b79833f697b8418307f9510496fe3a80d991e848,0,0,0,0,0,0,0,0,0,0,0,0,0,0,567,41,0,0,0,0,0,0,0,0,0,,100
602218a9a62478098c9b40a0b155e01dd5646376,6,238,136,102,0,0,0,2,87,124,1,3,1.735846384,4930,570,44,720,703,17,19050,18622,428,256,249,7,,100
def812d76045f86a4b483cfd5770bc2509293132,51,539,383,156,4,0,4,1,89,85,1,14,4.124060277,23254,600,27,3509,3511,2,105542,104882,660,1322,1311,11,,97.3951974
116c0cce26cae1075b91de6f0ed1fb11c8b729f3,20,2388,2343,45,11,2,13,3,44,13,1,1,3.415212709,3656,603,20,582,678,96,19047,21929,2882,244,297,53,,96.38118215
e3928c92cbad0df819e3cd0e8d8139a0a3b52a4e,4,273,49,224,0,0,0,1,46,5,1,1,1.254449678,1209,614,22,200,158,42,8472,7114,1358,94,73,21,,99.8447205
6fd8351a2314cb1529a3d00c34c68b08ec733389,4,51,29,22,0,0,0,2,59,112,1,2,1.396930074,3196,619,17,556,552,4,13247,13083,164,185,184,1,,99.88340459
87c701e3d22e4abc12c6f1c891e639f30cebefe1,0,0,0,0,0,0,0,0,0,0,0,0,0,0,622,20,0,0,0,0,0,0,0,0,0,,100
8209c2c99202d0b95c2908c40eb2ed7f7384f9bd,36,108,129,21,0,0,0,1,91,234,1,14,4.252714156,19062,637,31,2780,2780,0,68027,68034,7,911,911,0,,100
3e45864727874eec8d6c8cb9a8c79d0a248a9393,33,494,303,191,3,2,5,1,94,139,1,11,4.106020368,12687,654,45,2236,2216,20,55550,55157,393,708,703,5,,99.1838321
bfea6378f8d953f9ff53b87dc2475d029ecb6ccb,1,0,1,1,0,0,0,1,18,70,1,1,0,402,657,48,27,27,0,2746,2755,9,17,17,0,,100
92c927d244d2843a1671fff3fccc565e14967e32,23,298,15,283,0,0,0,1,19,50,1,8,4.401416023,4445,663,51,552,549,3,20952,20958,6,264,263,1,,100
440080b6f78c74ad4c873a6a642439556405d91e,0,0,0,0,0,0,0,0,0,0,0,0,0,0,665,52,0,0,0,0,0,0,0,0,0,,100
d0a915be0bf79b0fbc4d4320805edd37ed66253c,6,83,36,47,0,0,0,2,85,577,1,4,1.630091068,5170,635,43,876,866,10,19512,19246,266,281,272,9,,100
aaf57c85fc237ce1149b02e6f998cd625d1f34cd,4,7,3,4,0,0,0,1,95,78,1,3,1.846439345,2595,636,44,194,194,0,10881,10850,31,105,105,0,,100
0d70cf80b7138c48660af2a177c8e1bed00f08d4,2,9,2,7,0,0,0,2,36,190,1,1,0.945660305,707,637,45,90,90,0,4975,4937,38,28,28,0,,99.88344988
13bd680a84e0dd5a89db0569735f3147beb09bca,3,158,8,150,1,0,1,1,96,3,1,3,1.30925434,3776,638,46,534,522,12,14160,13589,571,197,194,3,,99.92236025
3d2b1a30ac9440ba303baebf47e1cb1a6f99392e,1,1,1,0,0,0,0,1,7,370,1,1,0,90,639,47,10,10,0,258,258,0,8,8,0,,100
7dff35055a933979619fcb6f083cbe2f9a93154b,2,143,51,92,0,0,0,2,37,2,1,1,0.608548851,714,640,46,105,90,15,5420,4975,445,30,28,2,,100
54fbfa605e8fa57e1bcfddc3d4b1b56e16ea0248,1,5,5,0,0,0,0,2,13,0,1,1,0,249,641,47,40,40,0,1389,1389,0,8,8,0,,100
a622c2f6da218cf606a4912180a96b1b4d24a5c1,2,191,128,63,0,0,0,2,38,2,1,1,0.981483079,806,642,48,114,105,9,5804,5420,384,34,30,4,,100
da9ce36f7bb84fc0077928ed17f1d7cec5c1e536,1,2,6,4,0,0,0,2,39,0,1,1,0,571,643,49,65,66,1,4106,4128,22,22,23,1,,100
b8530944201df2aaa88b3d03de90b7ec9f92cabf,0,0,0,0,0,0,0,0,0,0,0,0,0,0,644,38,0,0,0,0,0,0,0,0,0,,100
b9690f9ca795df052fc1dbeaa8f2cd7a152489e6,0,0,0,0,0,0,0,0,0,0,0,0,0,0,645,38,0,0,0,0,0,0,0,0,0,,100
09c28e3d11394dd6a261ea8611cb6819cca7cc01,1,3,5,2,0,0,0,2,53,53,1,1,0,1780,646,34,230,230,0,5313,5313,0,82,82,0,,100
931f8e5f9e5781fcc0ac8c06d8a7b0594e30be25,2,82,1,81,1,0,1,1,2,45,1,2,0.530744567,133,647,0,26,21,5,993,623,370,19,14,5,,99.92248062
8ac8f722835ca0bcc011bd794828f58de894059d,8,253,159,94,1,0,1,1,55,268,1,2,2.022997629,3251,648,1,576,571,5,14015,13769,246,187,183,4,,99.92260062
7aa570e24056ba6619e486fcfeeea573e69086c6,1,6,5,1,0,0,0,1,3,0,1,1,0,110,649,2,3,3,0,396,394,2,3,3,0,,100
85ace66f5925c39c0b293e2628d7267e0131e544,1,88,30,58,0,0,0,1,4,1,1,1,0,111,650,3,4,3,1,544,396,148,4,3,1,,100
872396e7b4be4ab2f4e3a66521eb6c918096d633,3,258,183,75,1,1,2,1,56,0,1,2,1.457038426,2406,651,4,393,393,0,9906,10217,311,127,128,1,,99.84532096
96cb2a073dd3b974b7a0e044d79673b0f18c207a,0,0,0,0,0,0,0,0,0,0,0,0,0,0,652,5,0,0,0,0,0,0,0,0,0,,100
3a90b65a41a781d90b3e523c01d4d70b768619f5,1,6,1,5,0,0,0,2,5,452,1,1,0,201,653,6,19,19,0,675,643,32,9,9,0,,99.92266048
2a3616006afd7e6e33538e1da00224b5157c99a2,9,565,62,503,5,0,5,1,15,45,1,5,2.548337425,1920,654,7,394,333,61,10762,8302,2460,98,79,19,,99.46091644
3ab7b2e491278482a19c8f3a1f87f4f8e429106a,2,1,2,1,0,0,0,2,6,273,1,2,0.918295834,511,655,8,125,125,0,2858,2858,0,18,18,0,,100
7e81a04faaedfdeb80729c6ce16b602d122d6c4b,4,146,144,2,1,0,1,1,12,68,1,3,1.813681184,1316,656,9,277,275,2,6842,6771,71,64,62,2,,99.69360398
c1b50434ff2dc1a5ab386bdefdc38f31b4af9979,0,0,0,0,0,0,0,0,0,0,0,0,0,0,657,10,0,0,0,0,0,0,0,0,0,,100
971c6c3fae31d476d19f2ddf186a2c83c07a0855,10,48,111,63,0,3,3,1,3,87,1,2,2.403963778,1140,658,11,181,181,0,3770,3785,15,161,161,0,,98.65797546
8a70302c5f20a69ab3fa3d0c0b99f5007756b978,1,27,0,27,1,0,1,1,1,0,1,1,0,0,659,12,6,0,6,158,0,158,4,0,4,,99.92319508
e5c9e6a598fb8a5a2b55b28db5bfe2bcdbdeeae9,3,25,7,18,0,0,0,3,86,148,1,2,1.321884787,2682,660,13,471,470,1,10570,10549,21,124,123,1,,99.96162701
91cda83f4ea128cdbab5faaf1e03dcdb3d93ee56,0,0,0,0,0,0,0,0,0,0,0,0,0,0,661,14,0,0,0,0,0,0,0,0,0,,100
7becfc29db72859d4bfcad1a964f3fd3904ad390,0,0,0,0,0,0,0,0,0,0,0,0,0,0,662,15,0,0,0,0,0,0,0,0,0,,100
9f2a97edb728b98b90d1537872777227843e4b8e,1,32,22,10,0,0,0,3,14,0,1,1,0,802,663,16,143,143,0,3912,3888,24,39,39,0,,100
da2a26a1fb3ded968692a325f0ccf215274e2028,1,1,1,0,0,0,0,3,15,0,1,1,0,812,664,17,144,143,1,3916,3912,4,39,39,0,,100
6c07e760422a723bd3bf3dea873b2a54a2be8404,3,33,27,6,0,0,0,2,16,170,1,3,1.459147917,1635,665,18,232,232,0,6662,6662,0,60,60,0,,100
d130d9910cd67cbe0fb26c33a0a70a33734ff997,2,83,13,70,0,0,0,3,17,0,1,2,0.14609425,1590,666,19,248,232,16,6970,6634,336,64,60,4,,100
51c4c5ecab816c60e6f0580535ce6c5cb8ddc98b,2,174,107,67,0,0,0,1,18,2,1,2,0.061010498,909,667,20,178,166,12,4822,4410,412,50,47,3,,100
b8227fac196673c3ca3270474db829c9a55a5674,0,0,0,0,0,0,0,0,0,0,0,0,0,0,668,21,0,0,0,0,0,0,0,0,0,,100
034a3f7dd0e2a605384eeffe21c939cdef076aa2,3,152,0,152,3,0,3,1,1,0,1,2,0.656743147,0,669,22,16,0,16,802,0,802,6,0,6,,99.73210869
91c1c1d9e7b451a5919b0acdfa62d2ada735607d,7,229,27,202,4,2,6,1,2,0,1,3,2.336276504,152,670,20,36,16,20,1709,802,907,19,6,13,,99.27619048
dc4ca84b5ad27034d39fbba92b657de07e76f5cd,1,9,6,3,0,0,0,1,2,2,1,1,0,159,671,15,17,17,0,881,859,22,7,7,0,,100
48e17531c6ce7fcefa603cacc207649679bb39fb,1,1,1,0,0,0,0,1,3,22,1,1,0,162,672,15,17,17,0,881,881,0,7,7,0,,100
1e58eb41ced162c78d624c2e8dc619bd3ff06368,5,426,279,147,1,0,1,1,19,18,1,4,0.776587697,1907,673,16,303,278,25,8948,8320,628,95,75,20,,99.92401216
907889c045a22fe2a3a8bbf67fc09dbfa8a3af58,0,0,0,0,0,0,0,0,0,0,0,0,0,0,674,17,0,0,0,0,0,0,0,0,0,,100
9936313fb3312c7b157a575875d3a9bddb0b622e,4,4,4,0,0,0,0,2,97,338,1,4,2,2560,675,18,253,253,0,7715,7707,8,135,135,0,,100
dc3477a30d7e1a17dfe7d5507cf3614902b7c7db,8,643,418,225,2,0,2,1,10,252,1,1,2.07572354,818,676,16,141,95,46,3203,2281,922,90,79,11,,99.35606061
3a2de430a988b08449124bd8cd22b2cdd94200ec,2,2,4,2,0,0,0,1,20,0,1,2,0.918295834,1052,677,17,192,192,0,5129,5128,1,62,62,0,,100
88c8602c776067a4a98791417d89cd4bcf869aee,3,156,86,70,1,0,1,1,11,0,1,1,0.630152446,629,678,18,92,81,11,2172,1883,289,33,31,2,,99.9244713
23211d58d7f63175be98b171915fb486d34dfcc5,3,14,8,6,0,0,0,2,23,113,1,2,1.422675468,1600,679,19,227,226,1,5915,5885,30,59,59,0,,100
3446f77494062eea0d78c1453eaada4712d176ab,0,0,0,0,0,0,0,0,0,0,0,0,0,0,680,20,0,0,0,0,0,0,0,0,0,,100
8ae8ea497e7175fb1737700a70971fe7909c1687,1,2,0,2,0,0,0,2,13,0,1,1,0,571,681,21,77,77,0,1806,1806,0,17,17,0,,100
9e4d5ac12623c11f6b2b6c2e02e7f7c88b791e7d,4,221,220,1,0,0,0,1,7,0,1,1,1.89651586,285,682,22,45,45,0,952,952,0,44,44,0,,100
2d51dcfd7b3ba7599c6a4f066ea6148813113dd9,3,589,499,90,0,0,0,1,21,191,1,2,0.054372275,1271,683,14,226,207,19,6453,6151,302,77,74,3,,100
a6a0384dd477f2c8080bb9d3ee6c3587c1f2fe6c,1,4,10,6,0,0,0,2,24,3,1,1,0,815,684,15,128,129,1,3355,3390,35,33,33,0,,100
971e9fa339bb9320ba74a4be2704686b31b8d79c,0,0,0,0,0,0,0,0,0,0,0,0,0,0,685,16,0,0,0,0,0,0,0,0,0,,100
1fcb66e16403381e49132ca58c1c85e2080e5b0e,4,476,180,296,0,0,0,1,22,9,1,3,1.261158271,1975,686,16,357,304,53,9735,8343,1392,106,90,16,,100
e5ccc94b24eea10fa41159938cb6faa9a7e35cd3,9,39,676,637,0,1,1,1,5,6,1,4,0.501520253,1162,687,17,58,198,140,2253,4209,1956,32,166,134,,99.01812689
7d5c56b657cb3f9338d02c9fb1026a77df16c4b1,1,30,0,30,1,0,1,1,1,0,1,1,0,0,688,18,1,0,1,67,0,67,1,0,1,,99.9244713
5d16acbeba2570a838dd86e5af20476dfee15d4f,4,63,33,30,0,0,0,1,19,10,1,3,1.551496395,1157,689,19,134,128,6,4677,4487,190,47,45,2,,100
4eb088af3dd94fbcbee8ad875b234b399f5603a3,0,0,0,0,0,0,0,0,0,0,0,0,0,0,690,20,0,0,0,0,0,0,0,0,0,,100
63fa72bf05172e6dfb2d3fca6f92c5af887830e6,1,117,105,12,0,0,0,3,23,3,1,1,0,1342,691,21,256,254,2,6524,6474,50,78,76,2,,100
f1d00b8bd76a65727cb2e1e3d31defc3927947f9,7,1323,538,785,1,1,2,1,24,84,1,5,1.324266625,2541,692,20,516,387,129,14459,11011,3448,155,121,34,,99.8490566
7720dd13dec68b829afb35bdd8f057e89036a99c,2,112,65,47,0,0,0,3,25,0,1,2,0.929183104,2972,693,21,482,482,0,12876,12876,0,134,134,0,,100
52abc1b03601b948fb0f26c38acce481625c06a0,0,0,0,0,0,0,0,0,0,0,0,0,0,0,694,22,0,0,0,0,0,0,0,0,0,,100
310b58b390216626bcc83e07d2ea59f059941d57,1,30,27,3,0,0,0,3,26,2,1,1,0,1998,695,23,362,364,2,9135,9142,7,109,109,0,,100
5a696156b0f3ce3cccb6c784070f9e72104c46d9,2,22,20,2,0,0,0,1,27,1,1,2,0.526617066,2079,696,24,369,368,1,9454,9443,11,116,115,1,,100
2d385e96fe473f656dc704ffd2fb85ff8b61202e,1,19,1,18,0,0,0,1,8,0,1,1,0,83,697,25,8,7,1,385,328,57,8,7,1,,100
6bfcc860c8d639755b886f26c6af3aa5daa685f1,0,0,0,0,0,0,0,0,0,0,0,0,0,0,698,26,0,0,0,0,0,0,0,0,0,,100
d15ca6a696c16fa5fc658ac09c7780de2898dfb0,3,13,13,0,0,0,0,1,87,312,1,1,1.334679141,2715,699,27,457,457,0,10296,10296,0,132,132,0,,100
f785fb7f66467f2160285392d30a42433084b7c5,15,384,10,374,4,0,4,1,57,302,1,3,2.869594948,4146,700,28,818,782,36,17757,16654,1103,281,264,17,,99.62391877
1dfe4e3bd5c3529f0df0e3064af99df38ba1843e,5,35,82,47,0,0,0,2,69,0,1,3,1.532736713,3598,732,29,577,587,10,13483,13749,266,200,209,9,,100
c3ac3476a69e7ba298da9534b764cdc9246e6f6a,6,157,51,106,0,0,0,2,57,666,1,4,1.85086381,3641,701,29,601,585,16,14366,13931,435,219,204,15,,100
bbca1e2f6d8ad713e6cf37e40e1f6b5bdef36506,1,47,7,40,0,0,0,1,3,0,1,1,0,149,702,30,16,14,2,844,617,227,12,10,2,,100
bada9a4a4f71c1924e1c6ce311dc6c0f6d34032e,2,72,27,45,0,0,0,1,58,0,1,2,0.472189385,2484,703,31,413,407,6,10316,10092,224,138,135,3,,100
73dea3862a43a5f2fd470edc25868e6afa77000e,2,25,30,5,0,0,0,1,59,0,1,2,0.81840333,2529,704,32,413,413,0,10347,10316,31,137,138,1,,100
535f9623c341733c6383657dcbe94307d81371c4,2,8,4,4,0,0,0,1,60,0,1,2,1,2524,705,33,416,413,3,10386,10347,39,137,137,0,,100
12ed80574d77b90d639b1ead55c2d26c2026da8d,2,25,26,1,0,0,0,2,61,0,1,1,0.626751137,2415,706,34,394,394,0,9378,9378,0,123,123,0,,100
916924a314f391c1ed49e6f03d739b0e23cd2c03,2,28,8,20,0,0,0,1,28,4,1,2,0.309543429,2099,707,35,374,370,4,9594,9511,83,117,117,0,,100
c390f99dcbd32a89ba198929293518e4812d6d34,1,0,8,8,0,0,0,3,29,0,1,1,0,2018,708,36,366,366,0,9173,9209,36,109,109,0,,100
44064853b12d426c69afea27064dd8fc536020b4,2,123,83,40,0,0,0,3,54,83,1,2,0.138157229,2799,709,37,356,348,8,9287,9047,240,112,107,5,,100
766f1a6226729dfff2f3f3b3aabf075fe5d7335d,2,21,1,20,1,0,1,1,10,1,1,2,0.976020648,101,710,38,10,8,2,465,385,80,10,8,2,,99.92509363
3286f19e27a04aacc024f3e7cc4e969ea89f69dd,0,0,0,0,0,0,0,0,0,0,0,0,0,0,711,39,0,0,0,0,0,0,0,0,0,,100
16d87dcbfbb8d79fbb768f1a620987dd7b1a6d04,1,12,12,0,0,0,0,3,30,3,1,1,0,2010,712,40,367,366,1,9164,9173,9,110,109,1,,100
56fa068fab24beb2c5f7a09a55b12f4cb4ece353,0,0,0,0,0,0,0,0,0,0,0,0,0,0,713,41,0,0,0,0,0,0,0,0,0,,100
d9d73ce8f0b70879cdd0d4a7b90268abfbc5ae47,2,36,2,34,0,0,0,1,11,13,1,2,0.561752608,135,714,42,21,15,6,779,576,203,17,13,4,,100
68ee63335dcd9c2541b2f9dc33635720b7f13a2e,1,58,0,58,0,0,0,3,23,5,1,1,0,1061,715,39,144,126,18,4315,3974,341,31,30,1,,100
8341673e4ed471814b7dadc6b2005ed40cafcb60,2,43,12,31,0,0,0,2,6,560,1,1,0.225363639,216,716,40,28,23,5,1232,1047,185,5,5,0,,99.9251497
1c359ed919084a016e47ddb6b737c0ffe463fb95,5,46,24,22,0,0,0,3,31,177,1,2,1.947580835,3221,717,41,597,592,5,15232,15120,112,184,182,2,,100
5b19aee3aa4adf612b74700fd8b6d3bd4b768287,0,0,0,0,0,0,0,0,0,0,0,0,0,0,718,39,0,0,0,0,0,0,0,0,0,,100
085c6e46278c0469d90641440b5def54aeb081c4,1,39,37,2,0,0,0,2,15,277,1,1,0,203,719,40,38,38,0,866,846,20,11,11,0,,100
ac3239b7fc2e1d06f657c2c7e011201857cc4e9c,1,39,11,28,0,0,0,3,24,3,1,1,0,1119,720,41,145,144,1,4320,4315,5,32,31,1,,100
e981503e6c51951e9b1ec41e3a60ff1660ac3ff2,1,9,0,9,0,0,0,3,25,0,1,1,0,1147,721,42,148,145,3,4366,4320,46,32,32,0,,100
ccedc3f4398c70a7a3d57ab1fce82a554c276bd6,1,10,5,5,0,0,0,1,12,5,1,1,0,109,722,39,10,9,1,431,411,20,10,9,1,,100
dc3fbb8f9dfb754087562373a7d5101780391f7f,2,22,12,10,0,0,0,1,13,9,1,2,0.322756959,314,723,40,33,31,2,1571,1494,77,21,20,1,,100
c85b378b474ff35ae586e48e54d921fb05e59dd1,3,108,7,101,2,0,2,1,14,0,1,2,1.481167606,114,724,41,27,10,17,914,433,481,19,10,9,,99.77570093
df658a5a6adf04c754c8b2ec15b8a6693f8e8b9b,2,28,0,28,1,0,1,1,3,16,1,2,0.371232327,72,725,42,12,9,3,555,371,184,10,9,1,,99.92537313
f287c9cd771018f98186d5b28f95453b93d52f6b,1,14,4,10,0,0,0,3,26,3,1,1,0,1156,726,43,150,148,2,4403,4366,37,32,32,0,,100
5a446570a98343a69e66ad6d50ddc85f695cffb2,1,20,16,4,0,0,0,3,27,0,1,1,0,1166,727,44,151,150,1,4414,4403,11,33,32,1,,100
9c638804a1ad91739eec96de55ece6c6eeb412b6,3,36,1,35,0,0,0,1,98,120,1,3,1.545970257,2093,728,45,236,233,3,7156,7005,151,115,115,0,,100
f2551b2d0aceb4bbf5a649e293d1edf330a34448,1,5,22,17,0,0,0,2,7,518,1,1,0,60,729,43,3,5,2,57,129,72,3,5,2,,100
ad16868922b968fa98b547b1d291a790d3687410,3,153,117,36,0,0,0,2,99,6,1,3,1.237114969,3850,730,44,547,538,9,13185,13065,120,194,193,1,,100
d6a7d44170c99f2f9ebb6c0c58cad389636da960,17,1293,255,1038,5,0,5,1,100,178,1,4,3.139794573,5701,731,39,805,662,143,25947,20649,5298,354,270,84,,99.47974731
a35497cb39ba44f243f8720b3c87916703885ff5,0,0,0,0,0,0,0,0,0,0,0,0,0,0,732,40,0,0,0,0,0,0,0,0,0,,100
447387265a4f22245c322e80922a4dd90f657848,0,0,0,0,0,0,0,0,0,0,0,0,0,0,733,41,0,0,0,0,0,0,0,0,0,,100
6fc57f2d280980087b90d88c6ec02954b885ded5,18,531,76,455,3,0,3,2,90,121,1,6,2.939966441,5269,734,39,810,766,44,27208,25013,2195,287,265,22,,99.74141116
ceeef6ad4a3876a63e603bfb7ff46ebd679a3495,0,0,0,0,0,0,0,0,0,0,0,0,0,0,735,40,0,0,0,0,0,0,0,0,0,,100
4ae4f3ad5772b5b5b625dc9c00aff63b32a6a510,4,118,15,103,0,0,0,2,41,0,1,3,1.801085022,1318,736,38,125,116,9,10208,9600,608,53,48,5,,100
e48f387a969808d69baa001e7df3a85aad6eb332,0,0,0,0,0,0,0,0,0,0,0,0,0,0,737,39,0,0,0,0,0,0,0,0,0,,100
c7ecd93edd7f7a7b0587c0592b51b4d5e5ddd3ec,5,172,36,136,1,0,1,1,27,49,1,3,1.649911452,1233,738,40,128,109,19,7738,7093,645,59,49,10,,99.9263623
6c74bf2d486a2771b1faa4598457a07facdb463c,3,111,12,99,0,0,0,1,11,5,1,2,1.570450707,1201,739,38,126,112,14,7895,7262,633,59,58,1,,100
9d33a65f428a2734df6b3c1305671025f05c0580,2,53,29,24,0,0,0,2,101,7,1,1,0.956652272,1931,740,35,189,189,0,5713,5713,0,90,90,0,,100
591df1a0e7f0639e31be64b3aca5b0e71a3f5fc8,1,7,2,5,0,0,0,2,16,366,1,1,0,188,741,34,37,36,1,1033,1021,12,17,16,1,,100
6cdb00f738b4bab51f69949c508ede87e4ebd4fa,4,165,8,157,0,0,0,1,15,44,1,2,1.35605609,498,742,35,71,53,18,3333,2425,908,46,34,12,,100
8a99f031878df1c2f73dc8b01c1e802ab7930bd5,11,167,115,52,0,0,0,1,91,223,1,4,2.254107916,4372,743,34,680,680,0,17125,17074,51,193,194,1,,99.92641648
fc2e5ac9158a424b204593c2cddd2f958644cea8,7,58,19,39,0,0,0,2,8,88,1,2,2.364205768,1092,744,34,170,170,0,3676,3669,7,105,105,0,,100
b0f67b827064274d63f82f9a8c681f6c2da6116b,1,16,5,11,0,0,0,1,5,0,1,1,0,142,745,35,23,21,2,504,462,42,10,10,0,,100
c96e72542174304649b8fe8e2ccf1b017517b547,0,0,0,0,0,0,0,0,0,0,0,0,0,0,746,36,0,0,0,0,0,0,0,0,0,,100
d88baf9aaa54af162c77300912e9535d0d4b7c69,1,6,2,4,0,0,0,2,29,3,1,1,0,303,747,37,43,43,0,1026,1026,0,14,14,0,,100
63f76e7c0b4c97bace39f6e880c413c96673f102,3,63,4,59,2,0,2,2,42,2,1,2,1.515796034,600,748,38,69,66,3,4458,4346,112,24,22,2,,99.59573686
7dab10d15f2ccdb087cb2f5a73fb57e57e3c2aef,0,0,0,0,0,0,0,0,0,0,0,0,0,0,749,31,0,0,0,0,0,0,0,0,0,,100
6c5488e01b5df51b61e419ea0a9947b30bca0d40,3,289,1,288,1,0,1,1,20,83,1,2,0.881383845,1167,750,32,119,80,39,10742,8893,1849,59,40,19,,98.03266518
e3541b763653d1450b73c778e04b42ac282f8d83,3,77,72,5,0,0,0,1,30,5,1,2,1.516373126,1357,751,33,142,143,1,8852,8831,21,61,61,0,,100
e8f1a1a20d5061fdd3c43f157ed31117fbc364d5,2,3,3,0,0,0,0,3,92,124,1,1,0.918295834,2198,752,34,363,363,0,7664,7664,0,101,101,0,,100
62f87c377bf3de83a2b6a6ba6435952c3cb47dd0,15,271,16,255,5,0,5,1,93,5,1,5,3.499886895,6644,753,29,946,916,30,29898,28824,1074,354,340,14,,99.17695473
22b1a1fa16a8bfcc84fc4c2b9a24da07e456c90f,2,37,9,28,0,0,0,2,94,2,1,2,0.95033767,2121,754,30,361,356,5,7404,7300,104,98,96,2,,100
c4a9c057e4b8ad80b4bca0896c49625dfc0f8f92,8,123,37,86,1,0,1,2,56,117,1,5,2.556374312,4072,755,26,561,554,7,18855,18289,566,188,183,5,,99.51600894
e9468196c4b15836b7daebc2c7d7d2ca1ac7590d,0,0,0,0,0,0,0,0,0,0,0,0,0,0,756,27,0,0,0,0,0,0,0,0,0,,100
3ddcebbd10de7f315c505b4b560e714737563f3d,2,93,2,91,1,0,1,1,9,306,1,2,0.485460761,53,757,26,12,3,9,673,82,591,8,3,5,,99.85146677
6604a9430b912ed7cc6434ca63d0a3f3fcf3d687,3,21,1,20,0,0,0,1,22,3,1,2,0.699857857,1482,758,27,124,123,1,11071,10930,141,62,61,1,,100
6339f31e8587d11c9b3ddf4a5518376dbf54b646,13,190,129,61,0,0,0,1,95,35,1,6,3.286799337,6003,759,28,887,887,0,28075,28059,16,334,334,0,,99.22106825
445e37e303696a0187110fc96497c69c44b3090d,2,44,12,32,0,0,0,2,62,42,1,1,0.991703308,4105,760,26,635,629,6,14789,14691,98,209,207,2,,100
c12e280201c0822d42fcab47e64963ab2cf07865,4,261,66,195,0,0,0,1,29,177,1,4,1.327672223,1764,761,27,231,216,15,7932,7457,475,81,72,9,,100
a96e4349bb84f7c4e79d38a3a94d80d2292398ea,2,108,28,80,0,0,0,2,102,15,1,2,0.999843994,2927,762,28,316,304,12,9492,9337,155,117,110,7,,100
699ffebb5c9ac2debd70be841b0cc3cad32dcec7,1,0,5,5,0,0,0,1,17,0,1,1,0,276,763,29,24,24,0,1332,1164,168,22,22,0,,100
00b4118079f14a0cb32bed9df06ab536ee89f583,0,0,0,0,0,0,0,0,0,0,0,0,0,0,764,30,0,0,0,0,0,0,0,0,0,,100
247edc68acff7f3fb446e59be27347e1a3b0a677,2,63,22,41,0,0,0,2,103,307,1,2,0.806583102,1858,765,31,177,168,9,5210,5073,137,91,89,2,,100
dc7977532fde0287c288aaf1d6b3235a5919e7a0,2,56,16,40,0,0,0,1,31,0,1,2,0.681290887,1577,766,32,193,188,5,6286,6049,237,59,57,2,,100
00926663d7c4bc7c9fd978d4123a7e17d29c2168,2,15,1,14,0,0,0,1,19,2,1,2,0.543564443,565,767,33,60,60,0,2936,2871,65,43,43,0,,100
a541d2a02804b0c49730129ecfe4ebb4e05e45e2,1,1,2,1,0,0,0,2,33,11,1,1,0,349,768,34,45,45,0,1105,1114,9,15,15,0,,100
e916e8035d384d7c9e6210e8386a6ceebb276447,2,144,106,38,0,0,0,2,104,2,1,2,0.493853724,1899,769,35,182,177,5,5295,5210,85,94,91,3,,100
013bb6da1157873be27652de42f0f288c36b69fc,1,153,0,153,0,0,0,1,20,0,1,1,0,298,770,36,36,25,11,2261,1471,790,33,23,10,,99.66629588
0254311a9535c44a15b4d8dac4990a711f827577,2,32,5,27,1,0,1,1,105,0,1,1,0.800392208,1725,771,37,155,153,2,4850,4798,52,85,83,2,,98.70848708
71f084cc81b1953931d9e1eee1269e44cee8567f,0,0,0,0,0,0,0,0,0,0,0,0,0,0,772,38,0,0,0,0,0,0,0,0,0,,100
98e7eaa1b5e2b9cc0673b3eed25624583a4202af,2,9,13,4,0,0,0,2,32,316,1,2,0.684038436,1479,773,39,177,177,0,5323,5323,0,40,40,0,,100
27f90988f509efa75bb0ae1f0e1be988b400cadb,1,8,7,1,0,0,0,3,33,0,1,1,0,1329,774,40,170,168,2,4886,4887,1,36,36,0,,100
20afbb175264267f6812e09be4f343cff15a0d0b,1,5,2,3,0,0,0,2,9,0,1,1,0,146,775,41,9,9,0,451,436,15,4,4,0,,100
3f285c6d2dcc8403586e975204a6b97a5b62d55f,2,17,6,11,0,0,0,3,34,207,1,2,0.828055725,1507,776,42,194,192,2,5530,5446,84,46,45,1,,98.63569322
bfd9901c6d83c9d7dce870c9d547cba738edbfbc,1,61,59,2,0,0,0,3,32,68,1,1,0,2010,777,43,365,367,2,9193,9168,25,111,110,1,,100
5647aa8993e113638062e4fbb911a4b5979db8ce,1,2,3,1,0,0,0,1,21,2,1,1,0,451,778,44,36,36,0,2253,2261,8,33,33,0,,100
641bd4345bcf845efc50099617d87dff376e6986,1,32,18,14,0,0,0,3,35,0,1,1,0,1330,779,45,170,170,0,4926,4888,38,36,36,0,,100
39225f786df0fc466b4ee11efb7349c6c9318bb9,1,26,24,2,0,0,0,2,14,107,1,1,0,573,780,46,77,77,0,1804,1806,2,17,17,0,,100
fdff05f31ca4d7002548fabb7b2024b4e5b30d06,1,0,6,6,0,0,0,1,10,20,1,1,0,682,781,47,145,145,0,3434,3434,0,27,27,0,,100
61a07cf1b067c78218c3316543f59f68464a8413,1,7,7,0,0,0,0,2,25,104,1,1,0,809,782,48,128,128,0,3355,3355,0,33,33,0,,100
23015ca9dd820ba9adb08b3fabc6219243f3181c,1,2,1,1,0,0,0,1,4,23,1,1,0,647,783,49,125,125,0,3285,3283,2,52,52,0,,100
404cfe76d8f0e832d1f9b5b05de5d6579ac01c88,15,88,90,2,0,0,0,2,26,333,1,8,3.203678249,4555,784,48,679,679,0,17784,17783,1,236,236,0,,100
2d6f40ad9a73f84bd1b8b5d1af037ba6ca75f87a,9,541,89,452,3,0,3,1,106,2,1,5,2.774708599,6286,785,49,748,720,28,23601,21574,2027,275,256,19,,99.55719557
21da7e7d022188435b70a8cf1cad925680b36dc1,12,375,189,186,1,0,1,1,35,189,1,4,2.869578485,3632,786,47,488,476,12,16085,15264,821,204,196,8,,96.61981258
a761fe818318038af999f650a2c3d7964559ed64,5,35,82,47,0,0,0,2,75,1,1,3,1.532736713,3655,819,48,586,596,10,13644,13910,266,203,212,9,,100
133ce0c9d3ac06987679bc7e8ae8594cec563ef1,6,84,36,48,0,0,0,2,62,700,1,4,1.663079227,3696,787,48,603,593,10,14194,13928,266,213,204,9,,100
cf7de666f2ce65b0542710d457dc8568d68c55ed,3,113,54,59,0,0,0,1,36,0,1,2,0.777382306,972,788,47,126,121,5,4553,4256,297,57,55,2,,100
c7d9690ba655efb68ba7e7b787324893503ccc78,2,13,3,10,0,0,0,1,29,2,1,1,0.896038233,862,789,46,129,128,1,3438,3418,20,40,40,0,,100
d8998021ab0f111151bc5277a6c21dee51d5e4f6,1,27,9,18,0,0,0,1,4,2,1,1,0,89,790,47,7,7,0,291,284,7,1,1,0,,100
0162581713c6442c9655c2cff2fd3a6cbcbf6ad6,3,59,55,4,0,0,0,2,25,148,1,3,0.692909402,1787,791,48,272,273,1,7234,7236,2,102,102,0,,100
51b62cca32d8394edeb7a0c28cb016747fea8383,0,0,0,0,0,0,0,0,0,0,0,0,0,0,792,49,0,0,0,0,0,0,0,0,0,,100
e7e39a396d6ee499e519e4b670ffeee9e5f01346,5,102,46,56,0,0,0,1,30,0,1,2,1.365374535,1299,793,50,165,156,9,5677,5512,165,59,52,7,,100
d39e55ab745d2799c998fb390b1a81023a78125c,3,53,26,27,0,0,0,1,6,0,1,1,1.5547661,261,794,51,24,23,1,658,643,15,16,15,1,,99.96930632
ac707932505ff4e55102e317b2c97d8a54c7d2a7,5,38,81,43,0,0,0,2,75,1,1,3,1.555439729,3652,828,53,585,595,10,13649,13902,253,203,212,9,,100
4b9b8b2b93ddc002a52c158d2d3300eb03d98bc4,7,164,81,83,1,0,1,2,62,560,1,5,2.126387575,4434,795,48,724,713,11,17574,17029,545,250,240,10,,99.84662577
a212496b550035fbb4bda6887f8cae1c9eb66a6a,0,0,0,0,0,0,0,0,0,0,0,0,0,0,796,49,0,0,0,0,0,0,0,0,0,,100
309e941f132c5ea90f43e864d00ba760dd1b443d,5,194,118,76,0,0,0,2,107,4,1,3,1.701279621,5066,797,49,700,694,6,18282,18040,242,256,251,5,,100
87d21f4d89fa54de93ba9a968ecae49edfed70f8,3,86,52,34,0,0,0,1,33,0,1,3,0.69261197,1680,798,50,225,224,1,6497,6297,200,86,85,1,,100
fe675433f853ec6a0d013d188eca9375c88523db,4,174,12,162,0,0,0,1,28,104,1,4,1.68317315,1308,799,50,127,118,9,5831,4881,950,72,65,7,,100
6b0a6985e5192401801d7e99e052f44d431ad1a1,8,142,82,60,0,0,0,1,108,11,1,4,2.531050663,5490,800,47,600,594,6,19855,19576,279,252,249,3,,100
e638aba137142fc07549cbfe9723b8a0bc9e15c0,6,410,85,325,0,0,0,1,109,4,1,4,1.597247421,6174,801,47,822,813,9,24581,22609,1972,317,311,6,,100
9dc0a4b200b9092b0ce1bb1e45584645257aa592,3,328,33,295,0,0,0,1,110,1,1,3,0.850380319,3193,802,47,339,333,6,14445,12136,2309,150,148,2,,100
caeccda7d74bf54627078153d5be3f06d55cfbc9,3,31,1,30,0,0,0,1,111,0,1,3,1.049886625,3488,803,48,341,339,2,14650,14445,205,151,150,1,,100
f598f2140b29bacd61aa6ac67e4b4a7cb6572593,5,52,43,9,0,0,0,1,65,57,1,3,1.817057088,3829,804,49,585,584,1,14788,14776,12,201,200,1,,100
e3ad7e6c71b7b683070e9aa914277d9dbbcd3907,4,121,29,92,1,0,1,1,37,14,1,3,1.631023038,3822,805,50,577,571,6,16646,16376,270,185,180,5,,99.87748851
fa777b2952635402a9eeb259f8641e5b8d961643,2,5,5,0,0,0,0,2,112,0,1,2,0.881290899,3865,806,49,529,529,0,14340,14340,0,199,199,0,,100
e1a6db78fa30c1ef464fe5681f85433c0f4313ee,5,697,79,618,2,0,2,1,113,0,1,4,1.945067859,3519,807,48,405,341,64,17987,14650,3337,162,151,11,,99.63212753
232be99fd6d66c31322e99685cfffb89d518fa28,7,44,45,1,0,0,0,1,114,3,1,3,2.323628541,4369,808,49,369,369,0,18954,18971,17,178,178,0,,100
237e4707b1383146470f2c1f975a4a6451e2fbfc,11,420,73,347,0,0,0,1,115,18,1,6,2.155227627,8356,809,49,1058,1014,44,32614,31346,1268,374,353,21,,100
34d9151438bda2c19bacf6bc6bd773b4937d0b95,0,0,0,0,0,0,0,0,0,0,0,0,0,0,810,50,0,0,0,0,0,0,0,0,0,,100
e21a8d82791c9a7a33f1ca69baaa14b8c0415f60,7,208,86,122,0,1,1,1,116,188,1,4,2.329998421,5885,811,51,655,630,25,22698,21912,786,284,274,10,,97.4641308
07513e2992a73fb134fe55f58f22fb909fd0e0e6,1,2,1,1,0,0,0,2,62,2,1,1,0,1883,812,52,243,243,0,5615,5615,0,86,86,0,,100
4f5df22619aa11ce72f4b15e27ef84fca0dfb5e2,5,33,6,27,1,0,1,2,10,105,1,1,1.580202816,788,813,53,98,92,6,2502,2337,165,43,40,3,,99.67117282
e1d4f87a0f6a768eb473fca4f84e3c6f9043fd02,10,311,178,133,2,0,2,1,117,114,1,6,2.584777279,6349,814,47,904,886,18,24541,24399,142,314,302,12,,97.5536193
328731b6de6198d5fda8b36bf35e133828596a65,6,216,79,137,3,0,3,1,8,2,1,5,2.043683449,1179,815,43,117,103,14,7156,6592,564,33,23,10,,99.62962963
964df6aac2c03d85305615d9a87206d76f1f300d,53,848,0,848,0,0,0,1,23,57,1,17,5.727920455,6365,816,44,644,644,0,31746,31746,0,365,365,0,,100
48ec4f0185943195052c4a3ba4000fac0a1b2fb0,34,115,159,44,0,0,0,1,45,197,1,11,4.368369017,8935,817,44,664,666,2,51244,51668,424,432,432,0,,99.84639017
e00f336fa56fd6475e2e957161df117ec6ad7ae6,6,162,109,53,2,0,2,1,11,111,1,3,1.790856136,1131,818,43,100,91,9,5368,5322,46,26,17,9,,96.91746768
0dbf5326d4d9efb15d6892ebb8e10077dd6177d0,4,30,20,10,0,0,0,2,118,78,1,3,1.801217233,4141,819,44,678,676,2,15264,15243,21,172,169,3,,100
00ce70bde132c79196434a2a80421f6ceeca94da,1,12,3,9,0,0,0,2,43,4,1,1,0,852,820,44,129,126,3,3629,3574,55,41,40,1,,100
3633e122281285ffa1fbd96a305c89c7de4e2905,0,0,0,0,0,0,0,0,0,0,0,0,0,0,821,44,0,0,0,0,0,0,0,0,0,,100
e38a40c6aef30f46af28ad2f978a242ab4abe9b8,7,419,151,268,0,0,0,1,119,5,1,4,2.455682875,4419,822,38,551,512,39,18024,16741,1283,256,239,17,,99.89177489
82801e0a29311af74d4186222125de7e23f27955,1,0,5,5,0,0,0,2,45,0,1,1,0,957,823,39,140,141,1,3891,3911,20,47,47,0,,100
c391998843765132a522abd24a2de4176560181e,0,0,0,0,0,0,0,0,0,0,0,0,0,0,824,40,0,0,0,0,0,0,0,0,0,,100
0969c14a106c41df0a1b8de958c36834ccc526ab,0,0,0,0,0,0,0,0,0,0,0,0,0,0,825,39,0,0,0,0,0,0,0,0,0,,100
68d7e79cc1dc7b3cb67a19f4c11aabe817c060a3,16,204,44,160,2,0,2,1,32,273,1,5,2.8183951,3657,826,40,824,792,32,17811,16990,821,214,201,13,,97.51819987
f85e0118a4a4637a094e779d4ad06dab36b69338,1,0,4,4,0,0,0,2,11,0,1,1,0,95,827,41,14,15,1,268,278,10,10,11,1,,100
2dea8b038a2d7b782d360c6ef5f800c12f4210a0,0,0,0,0,0,0,0,0,0,0,0,0,0,0,828,42,0,0,0,0,0,0,0,0,0,,100
e57ac03d6446a8fcdd17002f4a2b0200e97b3605,0,0,0,0,0,0,0,0,0,0,0,0,0,0,829,42,0,0,0,0,0,0,0,0,0,,100
a14ef67437fb2ab3d27330c642c97d39822edeb0,1,9,0,9,0,0,0,2,22,0,1,1,0,334,830,43,73,69,4,1793,1716,77,14,14,0,,100
03d1c1636f9a52fff5f4f4073af2f71b3e9abcec,0,0,0,0,0,0,0,0,0,0,0,0,0,0,831,43,0,0,0,0,0,0,0,0,0,,100
726dc937d6b21b312fca540c54fd5c7d7db14eaf,0,0,0,0,0,0,0,0,0,0,0,0,0,0,832,44,0,0,0,0,0,0,0,0,0,,100
3e43399260c2c0b9814e6b26f1b7568307dfaef4,0,0,0,0,0,0,0,0,0,0,0,0,0,0,833,45,0,0,0,0,0,0,0,0,0,,100
a888347e6fdd16b1b960ee7d2851528ad23ecddf,3,809,1,808,1,0,1,1,33,2,1,3,0.953581382,1648,834,39,1001,418,583,13276,8106,5170,79,53,26,,99.93891265
a7dec64e2e0005c35dc9a500c24522193331a18e,0,0,0,0,0,0,0,0,0,0,0,0,0,0,835,40,0,0,0,0,0,0,0,0,0,,100
95e1fe1fffa72ef498684e5417362c2c997d08b4,5,38,81,43,0,0,0,2,80,7,1,3,1.555439729,3752,870,41,594,604,10,13845,14098,253,210,219,9,,100
144ad6a87245d898f127335de9f5387c58270015,6,82,39,43,0,0,0,2,66,708,1,4,1.65121046,3941,836,39,643,633,10,15219,14966,253,231,222,9,,100
7435edc4394cd4d11fcd7549a1cc223d47872de6,1,7,5,2,0,0,0,1,5,155,1,1,0,112,837,40,8,8,0,415,395,20,5,5,0,,100
0f36ed81d2dc8d096c77181d6dabae526d4c3329,0,0,0,0,0,0,0,0,0,0,0,0,0,0,838,39,0,0,0,0,0,0,0,0,0,,100
eb81708d5ab80de592afee5229e39980456d2eec,0,0,0,0,0,0,0,0,0,0,0,0,0,0,839,40,0,0,0,0,0,0,0,0,0,,100
d9e8f2215ea1a5251f1b13f4c2379a4e691019aa,3,99,5,94,0,0,0,1,49,238,1,1,0.371193903,1168,840,41,179,160,19,7681,7073,608,82,76,6,,100
191a79c41a8bac2e80affab767fcac057d15bd44,1,24,16,8,0,0,0,1,6,0,1,1,0,652,841,42,115,113,2,3602,3556,46,55,55,0,,100
209c2a1a839f77bf5c620f30ee7b0cde6546c418,5,272,8,264,0,0,0,1,50,207,1,3,1.964656713,2779,842,42,831,784,47,17396,16032,1364,100,92,8,,99.90839695
5dae3ef39472b2324836dbd83dd569cfe6af429a,0,0,0,0,0,0,0,0,0,0,0,0,0,0,843,43,0,0,0,0,0,0,0,0,0,,100
9858ea90ed32b17c27a013ccac175ccc788084a5,24,586,102,484,7,1,8,1,120,13,1,5,3.904705827,9197,844,43,1618,1550,68,42167,40001,2166,462,424,38,,96.71484888
9d550569e831d08d8f8e777023b54ef8eb2ab789,3,46,6,40,0,0,0,1,121,18,1,3,1.23785836,4057,845,44,449,443,6,13738,13520,218,190,189,1,,100
54b12c5e9761e64118dd39c1cd61dd14cc234761,25,277,84,193,0,0,0,1,122,36,1,9,4.018109232,13939,846,44,2280,2276,4,50243,50120,123,674,674,0,,100
66ccc2f22e2a43f52b5489f1e42760bf3714ffdc,5,38,81,43,0,0,0,2,82,5,1,3,1.555439729,3754,882,46,594,604,10,13845,14098,253,210,219,9,,100
96a0458aebb1d06b3f6fff523aa4943cbacbb68e,5,81,38,43,0,0,0,2,67,774,1,3,1.555439729,3711,847,38,604,594,10,14098,13845,253,219,210,9,,100
43181eca56ccc9f1fe504e25fd9ad71d9e37c888,0,0,0,0,0,0,0,0,0,0,0,0,0,0,848,39,0,0,0,0,0,0,0,0,0,,100
d7e369c7e97afd81b3eab048e6a90f5b23d73653,1,16,28,12,0,0,0,1,7,24,1,1,0,194,849,39,32,35,3,902,961,59,19,18,1,,100
467b6fa5b8417d44b9bfad50fa8946eecd969c4e,1,5,0,5,0,0,0,2,46,29,1,1,0,614,850,40,69,68,1,4545,4498,47,22,22,0,,100
d9ecef170c85e4078d8243d8063bf937a605abdc,3,58,9,49,0,0,0,1,47,28,1,3,1.155660102,2389,851,40,264,261,3,10288,10060,228,111,109,2,,100
4b0f32a05915f52c4deac676fd03845765569e56,2,22,4,18,0,0,0,1,29,170,1,2,0.89049164,1163,852,41,113,111,2,5799,5697,102,40,39,1,,100
2cfb63119b9ead5a229db1ba20eeee064f219253,1,1,1,0,0,0,0,3,10,699,1,1,0,81,853,42,10,10,0,259,259,0,7,7,0,,100
4cf5c388c98c70293cf829289d289028c3b934c3,0,0,0,0,0,0,0,0,0,0,0,0,0,0,854,43,0,0,0,0,0,0,0,0,0,,100
064fb2d90acb048d0819cc00ff48deb965ddf08b,1,8,4,4,0,0,0,2,32,0,1,1,0,857,855,44,99,99,0,2604,2604,0,51,51,0,,100
8349f6a9b6db3d6cf3f0803a9c14c043cb19048d,2,23,6,17,0,0,0,2,68,17,1,2,0.978449329,2744,856,45,475,473,2,11048,11026,22,138,138,0,,100
1a1ce2c935bc7cb3c0e431dac9284156c9e665b5,1,2,1,1,0,0,0,1,3,700,1,1,0,30,857,46,4,2,2,66,46,20,2,2,0,,100
07a1622fd9b14c628b60b98e7282d3b10b273dae,2,38,73,35,0,0,0,2,21,22,1,1,0.98678672,382,858,47,59,70,11,1476,1688,212,16,17,1,,99.68005688
b2c823efea0428e9c48eb3db61a49d00544c0abc,0,0,0,0,0,0,0,0,0,0,0,0,0,0,859,48,0,0,0,0,0,0,0,0,0,,100
2f162a98cd03a16c2e79c66bd0947aef56c73415,1,2,0,2,0,0,0,2,33,0,1,1,0,861,860,49,99,99,0,2604,2604,0,51,51,0,,100
d7597453d84ef66eb5f92e38a9eff0b27c59c62a,0,0,0,0,0,0,0,0,0,0,0,0,0,0,861,50,0,0,0,0,0,0,0,0,0,,100
4c7af09fca4f00eef5d14a3d4c08851df8bc4748,2,65,22,43,1,0,1,1,12,173,1,2,0.79732651,190,862,51,42,52,10,1074,846,228,14,13,1,,99.53835227
55bae785c79ffcd64af8b6801ae35d240a9ea2e4,5,38,81,43,0,0,0,2,84,0,1,3,1.555439729,3778,899,54,595,605,10,13876,14129,253,211,220,9,,100
59f3dcf63568e42829d01d432ce92bc1a03491d7,7,260,38,222,1,0,1,2,68,552,1,5,1.852629342,3756,863,45,614,598,16,15386,13962,1424,227,212,15,,99.92912828
1b68aaf483147f427a52c0c0c6e460b6bfb547c1,1,6,4,2,0,0,0,2,123,22,1,1,0,2206,864,42,233,233,0,6276,6276,0,117,117,0,,100
436d6daf76c2eb596557173d41384196bca31957,3,237,76,161,0,0,0,1,65,244,1,2,1.207393046,2252,865,43,284,270,14,7826,7285,541,110,100,10,,99.89380531
64a5da29a908e2c46955f667605ca9ac97cde7c9,5,38,81,43,0,0,0,2,84,0,1,3,1.555439729,3778,903,47,595,605,10,13876,14129,253,211,220,9,,100
6657b415fbca70bf5b2f04026a3c64019e1ecf63,5,89,45,44,0,0,0,2,68,774,1,3,1.648931595,3735,866,41,605,595,10,14129,13876,253,220,211,9,,100
ccb253aeb6fa595ef5434167fc5330385db28f44,4,95,21,74,0,0,0,1,36,180,1,3,1.678925564,2496,867,42,781,772,9,12923,12514,409,91,90,1,,99.9646143
5b98505e3f840dfc9514cb197b759be89ec7f0dd,2,157,0,157,2,0,2,1,1,0,1,1,0.991525874,0,868,39,8,0,8,849,0,849,5,0,5,,99.82332155
d723989a83c44f0646ebdb2859c3401b7a655b22,5,35,78,43,0,0,0,2,84,0,1,3,1.475463338,3779,907,44,595,605,10,13876,14129,253,211,220,9,,100
224bccde273ef2015e0f00fbd3d3e09ec2438d85,11,103,42,61,0,0,0,2,68,432,1,3,2.389097292,4527,869,35,739,729,10,16846,16593,253,288,279,9,,100
c61bb107c051f4bd65e535856ae182d9d151b8be,6,13,13,0,0,0,0,1,3,49,1,2,2.411602218,544,870,36,56,56,0,1443,1443,0,35,35,0,,99.85885674
640e5e79fdb38af47451a4c70cd533c7afbda3e9,0,0,0,0,0,0,0,0,0,0,0,0,0,0,871,37,0,0,0,0,0,0,0,0,0,,100
a255c4187f32215c56b4575fb5de09fca0856433,1,16,12,4,0,0,0,2,124,7,1,1,0,2208,872,36,233,233,0,6276,6276,0,117,117,0,,100
ffb1258dc9c61aa2dc9a19c436dced012d69e3f2,0,0,0,0,0,0,0,0,0,0,0,0,0,0,873,37,0,0,0,0,0,0,0,0,0,,100
19e63943588711cacea5daa7d8e827a04bc9f5d2,0,0,0,0,0,0,0,0,0,0,0,0,0,0,874,38,0,0,0,0,0,0,0,0,0,,100
0af8afa358b8859f801ef21dd1f51f53051fa815,5,35,78,43,0,0,0,2,84,0,1,3,1.475463338,3782,914,43,595,605,10,13876,14129,253,211,220,9,,100
b11e82f0e402e800cdce75f08fd32b0ebbf67be7,7,110,35,75,0,0,0,2,68,510,1,4,2.131958293,3896,875,28,613,603,10,14978,14725,253,225,216,9,,100
d48f7693d3dc07fe73b25b2c83689268a5469b77,45,622,63,559,5,1,6,1,69,347,1,3,3.99552204,7434,876,29,1457,1372,85,31769,30061,1708,558,492,66,,99.4374121
878a1f539e5d52c0415d708d49361043916bebdb,0,0,0,0,0,0,0,0,0,0,0,0,0,0,877,21,0,0,0,0,0,0,0,0,0,,100
c341c3aec4b81d0dabe485b4cf3b31d95d84d9b2,0,0,0,0,0,0,0,0,0,0,0,0,0,0,878,17,0,0,0,0,0,0,0,0,0,,100
da8fb72f2813a686376fe62fff6785025cca980f,1,1,1,0,0,0,0,2,7,145,1,1,0,154,879,18,22,22,0,852,852,0,4,4,0,,100
f1fdb39ca0d7bd2b58e5d4eec68ba626496359e2,3,32,32,0,0,0,0,2,8,96,1,1,1.398329204,695,880,19,108,106,2,3096,3066,30,51,50,1,,100
3c13998a2cfad8cef94ac3668ee26d0c51e71dfe,2,32,0,32,0,0,0,1,2,8,1,2,1,157,881,18,19,19,0,665,665,0,14,14,0,,100
f9cee45798813e3eb66674b3275a9381256f7e76,5,35,78,43,0,0,0,2,86,2,1,3,1.475463338,3813,922,22,598,608,10,13917,14170,253,214,223,9,,100
513c27676fb25abdc9fd1d26a33a50faac9719e3,5,78,35,43,0,0,0,2,69,683,1,3,1.475463338,3770,882,19,608,598,10,14170,13917,253,223,214,9,,100
960c043e06de2ed8716371c95caf29b5c3243b56,5,35,78,43,0,0,0,2,86,2,1,3,1.475463338,3813,924,24,598,608,10,13917,14170,253,214,223,9,,100
5fde67bf9abc5b02f09a4bab21a9572672937a81,0,0,0,0,0,0,0,0,0,0,0,0,0,0,925,25,0,0,0,0,0,0,0,0,0,,100
3bf73ff73e8d2377ac3cb637525690a36442ec13,1,0,2,2,0,0,0,2,47,33,1,1,0,871,926,26,99,99,0,2626,2626,0,51,51,0,,100
6009703237b28ee13da44c8dfb9ffbb961309a9b,8,83,43,40,0,0,0,2,69,448,1,4,1.98086835,4505,883,20,704,694,10,17175,16919,256,252,243,9,,100
f087610fb1f2dda0649fe28b48e2e1caf60537d2,5,33,78,45,0,0,0,2,86,8,1,3,1.43920467,3813,928,28,598,608,10,13917,14170,253,214,223,9,,100
b5feae051f3938f57ea89f8e8b04190e35bdeebb,5,78,33,45,0,0,0,2,69,683,1,3,1.43920467,3768,884,9,608,598,10,14170,13917,253,223,214,9,,100
52b8bcc1b4a2e38a047e249be27e2fd2ee86291f,0,0,0,0,0,0,0,0,0,0,0,0,0,0,885,10,0,0,0,0,0,0,0,0,0,,100
94e05ccba138654956d0d63fbcba84b821e738e4,4,41,29,12,0,0,0,2,11,682,1,4,0.787522864,1619,886,11,277,277,0,7389,7389,0,64,64,0,,100
91adffa96ee0f61fb89aa2ae07135d0c2abbc8c0,1,31,0,31,0,0,0,2,125,48,1,1,0,2212,887,12,238,233,5,6384,6276,108,121,117,4,,100
a4f234edcdebaf3f49db3440528c097f671f8bce,5,33,78,45,0,0,0,2,86,8,1,3,1.43920467,3813,933,18,598,608,10,13917,14170,253,214,223,9,,100
1c3478239b608784efbb02898b0f0d2149c37ec7,22,182,104,78,0,0,0,2,98,201,1,9,3.687013721,14544,888,13,2633,2624,9,56813,56503,310,713,705,8,,100
5d09839e856aeb50c948e5206251fd8d664711f8,1,2,2,0,0,0,0,2,17,86,1,1,0,129,889,14,19,19,0,486,500,14,5,5,0,,100
ecd41d226971c2df4e2392113b3fa7d7dab66390,2,4,9,5,0,0,0,2,126,4,1,2,0.779349837,2372,890,14,257,257,0,6836,6870,34,126,126,0,,100
1dcee124b4380e7ba8b45b966143bec2989db405,5,33,78,45,0,0,0,2,88,1,1,3,1.43920467,3813,937,21,598,608,10,13917,14170,253,214,223,9,,100
dc3a89a2c8ef66b9f8c21116b28a854fdc0915bf,5,78,33,45,0,0,0,2,70,692,1,3,1.43920467,3768,891,15,608,598,10,14170,13917,253,223,214,9,,100
4a1ecb3e647350a4a3f5eddc1800b6d67143b3da,0,0,0,0,0,0,0,0,0,0,0,0,0,0,892,16,0,0,0,0,0,0,0,0,0,,100
8d35edfb4492c21de5ca21c8c544222e12f2df42,5,33,78,45,0,0,0,2,88,1,1,3,1.43920467,3813,940,24,598,608,10,13917,14170,253,214,223,9,,100
10b7ff513445e8bb0e3a025bdf43741bdd07f1bc,5,78,33,45,0,0,0,2,70,692,1,3,1.43920467,3768,893,17,608,598,10,14170,13917,253,223,214,9,,100
b490c99e70f0fad865757f4d7994cbdca138e09f,5,33,78,45,0,0,0,2,88,1,1,3,1.43920467,3813,942,26,598,608,10,13917,14170,253,214,223,9,,100
053c6b8852e22a76f10c0bb7ccaa9c2232377b23,98,4855,1941,2914,21,2,23,1,86,81,1,17,5.199581684,26295,563,38,4044,3712,332,125953,115808,10145,1689,1555,134,,95.69142388
1dfe4e3bd5c3529f0df0e3064af99df38ba1843e,73,5022,2029,2993,17,1,18,2,97,150,1,18,4.009956829,18953,732,29,3164,2791,373,87746,73566,14180,1157,1108,49,,96.52804273
a761fe818318038af999f650a2c3d7964559ed64,98,6280,1381,4899,28,0,28,1,106,151,1,19,5.388531623,26660,819,48,4382,3826,556,132607,109510,23097,1628,1342,286,,93.18258522
ac707932505ff4e55102e317b2c97d8a54c7d2a7,10,347,168,179,0,0,0,1,36,44,1,5,2.647902149,3763,828,53,550,535,15,15849,15334,515,212,202,10,,99.96930632
95e1fe1fffa72ef498684e5417362c2c997d08b4,116,5510,891,4619,14,0,14,1,119,100,1,22,5.152835859,28803,870,41,4726,3840,886,143894,123899,19995,1685,1518,167,,97.36761555
66ccc2f22e2a43f52b5489f1e42760bf3714ffdc,46,1291,206,1085,7,1,8,1,122,64,1,13,4.735172565,20198,882,46,3642,3496,146,89296,84751,4545,1020,967,53,,96.61740558
55bae785c79ffcd64af8b6801ae35d240a9ea2e4,14,240,148,92,1,0,1,1,84,153,1,7,3.246833564,7174,899,54,1044,1058,14,31709,31333,376,357,353,4,,99.78700745
64a5da29a908e2c46955f667605ca9ac97cde7c9,5,406,64,342,1,0,1,1,123,151,1,4,1.525906543,4316,903,47,520,500,20,14188,12476,1712,228,212,16,,99.82288346
d723989a83c44f0646ebdb2859c3401b7a655b22,7,263,31,232,2,0,2,1,46,101,1,4,2.47656013,3366,907,44,888,871,17,16398,15140,1258,147,141,6,,99.78798587
0af8afa358b8859f801ef21dd1f51f53051fa815,14,54,32,22,0,0,0,1,124,108,1,3,3.270265478,3953,914,43,512,512,0,11915,11915,0,250,250,0,,99.85885674
f9cee45798813e3eb66674b3275a9381256f7e76,50,719,96,623,5,1,6,1,86,310,1,5,4.290435081,8299,922,22,1573,1486,87,35728,33990,1738,614,547,67,,99.4374121
960c043e06de2ed8716371c95caf29b5c3243b56,0,0,0,0,0,0,0,0,0,0,0,0,0,0,924,24,0,0,0,0,0,0,0,0,0,,100
f087610fb1f2dda0649fe28b48e2e1caf60537d2,3,5,10,5,0,0,0,1,26,58,1,2,1.56559623,737,928,28,96,96,0,3005,3002,3,29,29,0,,100
a4f234edcdebaf3f49db3440528c097f671f8bce,5,72,29,43,0,0,0,2,125,553,1,5,1.435406568,3831,933,18,515,510,5,13773,13665,108,185,181,4,,100
1dcee124b4380e7ba8b45b966143bec2989db405,21,110,82,28,0,0,0,1,126,52,1,8,3.832429979,16370,937,21,2782,2783,1,61514,61505,9,794,795,1,,100
8d35edfb4492c21de5ca21c8c544222e12f2df42,0,0,0,0,0,0,0,0,0,0,0,0,0,0,940,24,0,0,0,0,0,0,0,0,0,,100
b490c99e70f0fad865757f4d7994cbdca138e09f,0,0,0,0,0,0,0,0,0,0,0,0,0,0,942,26,0,0,0,0,0,0,0,0,0,,100
f49ab3764ab1b1fc82ca3b0fd670954e85181339,0,0,0,0,0,0,0,0,0,0,0,0,0,0,944,28,0,0,0,0,0,0,0,0,0,,100
0714a7d0b5f43f28965330c1129277caa94060a5,0,0,0,0,0,0,0,0,0,0,0,0,0,0,948,32,0,0,0,0,0,0,0,0,0,,100
acaf12dd1c9a04b50c68d666240dbe4cc2534394,8,126,16,110,0,0,0,1,127,145,1,5,2.042522101,8257,953,3,851,841,10,37736,37172,564,369,365,4,,100
867c028ec1a6a0dc2f3682c690d1a7a3d2c9aea3,26,1958,498,1460,5,0,5,1,133,163,1,7,3.69408593,11500,978,11,1634,1468,166,53206,46858,6348,652,596,56,,95.7
137a3f735613b62a44fcd6c3cf27fc1958743f97,21,813,137,676,7,0,7,1,92,70,1,6,3.478613772,7689,987,16,1655,1563,92,37213,35076,2137,421,367,54,,94.39563769
90602421f10d25ea4f9d8921afecd1d593cf6c7c,11,366,35,331,3,0,3,1,134,2,1,3,2.640434681,5962,1002,30,855,823,32,23847,22562,1285,343,321,22,,99.71148298
4b5810a8abb46c87a5e80b453c47494997d2d9fb,14,313,85,228,0,0,0,1,97,564,1,3,2.87638788,4486,1026,44,725,694,31,19391,18319,1072,254,246,8,,99.85599078
ff98c7b9d663d3b172eea8ed28395c5516a22a60,20,480,77,403,5,0,5,1,62,86,1,3,3.322238429,3830,1037,48,691,637,54,19410,17829,1581,269,239,30,,99.31506849
aaa43144dd795393f9f623a893637cc579102bc4,7,271,72,199,1,0,1,1,135,52,1,3,2.167276801,6069,1044,41,816,798,18,22658,21804,854,310,300,10,,99.83060418
1bf7b3f5397841e5b0242e6d6a8f30c36438e7a8,7,33,18,15,0,0,0,1,136,5,1,3,2.468188031,5950,1048,41,804,804,0,22919,22919,0,310,310,0,,100
ee4e742b8204f117197cee8a46d221b14f0e51ca,7,154,11,143,2,0,2,1,103,75,1,2,1.896084939,2768,1055,32,467,461,6,11656,11032,624,160,155,5,,99.88726043
88d5b09499e120afc107dbad7426fb884d5e4fac,9,904,423,481,3,0,3,1,42,237,1,6,3.010607496,3785,1060,30,586,513,73,18723,16314,2409,237,209,28,,99.3816751
1dc15469f0ca3a7b91b0af56b6340791baa27e7e,2,242,6,236,1,0,1,1,11,214,1,2,0.979210938,220,1062,23,61,21,40,1778,726,1052,21,9,12,,99.83179142
2670680a77f6ac182956bf9e674c010d2d06bb5c,12,139,79,60,1,0,1,2,53,254,1,5,2.851460565,4220,1067,21,997,984,13,19133,18706,427,192,185,7,,99.8600224
ac8efcf7fd019bc85254d5081f36f61f64a4a6ba,31,475,274,201,1,0,1,2,49,158,1,3,3.896108499,5437,1075,25,1040,1010,30,25249,24408,841,405,389,16,,99.94407159
529932c9898a7a93b1704db0de533fd5da84d28d,8,20,13,7,0,0,0,1,80,50,1,2,2.766780196,4486,1077,27,857,856,1,18741,18734,7,276,275,1,,100
e02e33cbfaf765cc33460a943e96cedf833d8cc5,0,0,0,0,0,0,0,0,0,0,0,0,0,0,1080,26,0,0,0,0,0,0,0,0,0,,100
d87f33098dff99b89355a2bcacc08e5a8c12e9a2,10,113,4,109,0,0,0,1,70,116,1,7,3.11731325,3208,1085,31,455,455,0,11713,11715,2,163,163,0,,100
27c190b9e98da870618980d21139c4f5210a69e5,9,133,73,60,0,0,0,1,56,386,1,7,2.162847583,2566,1100,22,330,326,4,9107,8837,270,132,128,4,,100
e4c3f3d5b2113e0b01061de914df70fb32593c73,0,0,0,0,0,0,0,0,0,0,0,0,0,0,1104,18,0,0,0,0,0,0,0,0,0,,100
04ed7db484abcd0218e7659989a5ef10a316210b,0,0,0,0,0,0,0,0,0,0,0,0,0,0,1107,21,0,0,0,0,0,0,0,0,0,,100
5890dffb22fd0181053a8e108a8ec7648fcd04c2,0,0,0,0,0,0,0,0,0,0,0,0,0,0,1109,23,0,0,0,0,0,0,0,0,0,,100
0e4b7dbc92b7bbad9cdc6f53e4630e5e07b405d8,0,0,0,0,0,0,0,0,0,0,0,0,0,0,1111,25,0,0,0,0,0,0,0,0,0,,100
7603723218cbb10451e678a460a9aafde83ca13a,0,0,0,0,0,0,0,0,0,0,0,0,0,0,1113,27,0,0,0,0,0,0,0,0,0,,100
da7b36b79b1a85a80e31fd2bb5c6c1753cec4665,7,84,33,51,0,0,0,2,40,791,1,5,1.731485225,3453,1041,22,355,345,10,18222,17957,265,174,165,9,,100
d6e5476169a0417a8bdb1de3537bb925188e3eee,2,43,7,36,0,0,0,2,41,403,1,2,0.680077046,1167,1042,23,145,137,8,3651,3493,158,70,68,2,,100
8c5fed5cb586db31c705bc47b5d923d93190c09a,4,29,79,50,0,0,0,2,58,0,1,3,1.324387378,1637,1116,30,219,229,10,4993,5249,256,100,109,9,,100
88e703d078686e07023db96df032ce254bcb5ac5,73,207,157,50,0,0,0,2,81,313,1,11,4.951932401,24541,1043,24,4633,4623,10,109779,109527,252,1367,1358,9,,100
30accceda8b302a1bf2f34ec6e8e94300be2bb2d,4,29,79,50,0,0,0,2,60,0,1,3,1.324387378,1637,1118,32,219,229,10,4993,5249,256,100,109,9,,100
d012ad980fe7d6fa41691c3b90abae8482e64295,4,79,29,50,0,0,0,2,42,1115,1,3,1.324387378,1587,1044,25,229,219,10,5249,4993,256,109,100,9,,100
e06b8887cdf70f29980c144268904ba118a51388,4,29,79,50,0,0,0,2,60,0,1,3,1.324387378,1637,1120,34,219,229,10,4993,5249,256,100,109,9,,100
d8efa561c52d1b6a074e24e67da35194d2f7c933,12,103,190,87,0,1,1,2,137,951,1,5,2.604496868,5907,1045,26,762,771,9,19325,19597,272,318,317,1,,99.74895397
2549f185a4770fd7b7d625815069b9a31a6feb78,4,29,79,50,0,0,0,2,60,0,1,3,1.324387378,1637,1122,36,219,229,10,4993,5249,256,100,109,9,,100
59710b531c3192a20668823cc616379c03ed8891,54,301,251,50,0,0,0,2,99,492,1,15,4.581951641,21848,1046,27,3484,3474,10,92495,92022,473,1151,1142,9,,100
248d59e7682dfa383c7982d3d2e4b37cab47755f,4,29,79,50,0,0,0,2,60,0,1,3,1.324387378,1637,1124,38,219,229,10,4993,5249,256,100,109,9,,100
00e51a4f4810a8939f495836bc970bd509f388bd,5,80,30,50,0,0,0,2,42,893,1,3,1.431414137,1989,1047,28,281,271,10,6512,6256,256,135,126,9,,100
44510e5e48a10778b526f86f980803e533c7c756,1,1,1,0,0,0,0,2,15,0,1,1,0,402,1048,29,52,52,0,1263,1263,0,26,26,0,,100
a88b93f4326143fa22a9d9c522f3b9d058882eef,241,2686,4268,1582,0,0,0,2,138,478,1,24,6.7641906,60692,1049,30,9352,9352,0,249617,249617,0,3492,3492,0,,100
594324bbf5d299fb820674fa40452cca82e2ad8a,4,29,79,50,0,0,0,2,62,0,1,3,1.324387378,1621,1128,42,219,229,10,4993,5249,256,100,109,9,,100
e01f618f8561b679023444ac83d79534f927747b,119,460,847,387,0,0,0,2,139,57,1,20,6.253538912,34286,1050,29,5174,5164,10,136769,136513,256,1927,1918,9,,100
2c30a1dae0d10401ee3f711ade9d2a0b3751bd16,4,29,79,50,0,0,0,2,64,0,1,3,1.324387378,1616,1130,42,219,229,10,4993,5249,256,100,109,9,,100
a62ce19059135f73ce661e9dea430564a807581b,4,79,29,50,0,0,0,2,44,866,1,3,1.324387378,1566,1051,30,229,219,10,5249,4993,256,109,100,9,,100
faf259c59c5c55c269353758f003ef856f3a38f7,24,118,201,83,0,0,0,1,140,276,1,8,4.020968869,14327,1052,31,2382,2397,15,58666,58962,296,750,756,6,,99.74825175
8e8374aedbb3f1609c46a44083f08a39f84d91a7,4,29,79,50,0,0,0,2,64,0,1,3,1.324387378,1616,1133,45,219,229,10,4993,5249,256,100,109,9,,100
1304996efd25057e281c03844a30bf4cd8fd3006,4,79,29,50,0,0,0,2,44,866,1,3,1.324387378,1566,1053,32,229,219,10,5249,4993,256,109,100,9,,100
af51cdccc2dc9a9d95d97d2a5089380f16cba75a,0,0,0,0,0,0,0,0,0,0,0,0,0,0,1054,33,0,0,0,0,0,0,0,0,0,,100
fcfcc60bd65a549bb7b28cb1f1665c4eede554c4,21,68,31,37,0,0,0,1,141,104,1,11,4.011593837,14049,1055,34,2041,2039,2,59261,58868,393,694,694,0,,100
3b95b015af9602945aedd53657393a7ad385b766,4,29,79,50,0,0,0,2,64,0,1,3,1.324387378,1616,1137,49,219,229,10,4993,5249,256,100,109,9,,100
b26819978bb29b5ef5c8143a14d3d1646244b8b7,24,139,125,14,0,0,0,2,85,143,1,12,3.601150266,11041,1056,35,1660,1650,10,43346,43090,256,613,604,9,,100
a62200d983c43475f6b679e6f09523ddaa791957,4,29,79,50,0,0,0,2,64,0,1,3,1.324387378,1616,1139,51,219,229,10,4993,5249,256,100,109,9,,100
5696f26886bcc79e1191776645ac5b27063deda5,236,1563,74,1489,0,0,0,2,142,200,1,18,7.206548679,56115,1057,36,9606,9596,10,229665,226574,3091,3330,3321,9,,100
c98bdfe5cc31485c897415dcdb880145cce2635a,5,37,85,48,0,0,0,2,66,0,1,4,1.67299006,2033,1141,53,288,298,10,7097,7331,234,124,133,9,,100
bc759788cc61201925877472ed7ecd403beab394,22,144,60,84,0,0,0,2,52,275,1,12,3.198674947,6704,1058,37,694,684,10,34997,34709,288,379,370,9,,100
6b62e0e64b28c40318b101448246e1dc4dc62588,5,37,85,48,0,0,0,2,66,0,1,4,1.67299006,2034,1143,55,288,298,10,7099,7333,234,124,133,9,,100
e745108d693a7419d329306e99ec1534e44925da,54,355,351,4,0,0,0,2,105,105,1,8,5.161561423,19334,1059,32,3229,3219,10,79870,80363,493,1080,1071,9,,100
1981aef509f93a796e430ff972b3add65c928855,5,37,85,48,0,0,0,2,66,0,1,4,1.67299006,2034,1145,51,288,298,10,7099,7333,234,124,133,9,,100
44479ef01613c8b49128271de9f5932670da2858,5,85,37,48,0,0,0,2,45,239,1,4,1.67299006,1986,1060,27,298,288,10,7333,7099,234,133,124,9,,100
052d6e3e2fd0125962e067dafa3bdd6b12954c0b,0,0,0,0,0,0,0,0,0,0,0,0,0,0,1061,26,0,0,0,0,0,0,0,0,0,,100
b94ce7883a2109bf09f9ba97e57f0909283df26f,1,11,11,0,0,0,0,2,78,12,1,1,0,2110,1062,24,267,267,0,6236,6236,0,87,87,0,,100
7e2374dc5f2d33e3b58f456dd5577351af2cd4d4,6,854,32,822,3,0,3,1,143,16,1,3,1.991677849,4914,1063,11,698,568,130,17512,13996,3516,274,225,49,,99.80364656
8972df2217586670f101ad1adf93b39bab0adfa8,4,201,25,176,0,0,0,1,80,0,1,2,1.193073713,3130,1064,11,427,417,10,11302,10144,1158,154,148,6,,100
d2f013b1b07dfd4fd75aab2933090c847468a141,2,21,17,4,0,0,0,1,81,0,1,1,0.991992403,2612,1065,10,360,358,2,7869,7875,6,125,125,0,,100
edf54a030cdafe3e472a7f3f0506d4733d384c82,4,152,40,112,0,0,0,1,46,14,1,3,1.536813456,1729,1066,7,232,224,8,7383,7149,234,94,88,6,,100
a37ecae5ca3a91e6d9e8f6dd97b745c15bcb7574,6,212,38,174,1,0,1,1,47,29,1,3,1.839219546,1921,1067,4,257,240,17,8584,7759,825,116,102,14,,99.91610738
318eec74052573b0a276249e180549bafceb53e5,1,2,2,0,0,0,0,2,25,0,1,1,0,162,1068,5,27,27,0,702,701,1,13,13,0,,100
06a148820e721791fff7e06d80970f6c734190af,2,2,51,49,0,0,0,1,5,9,1,2,0.987380023,920,1069,6,117,125,8,4801,4976,175,38,43,5,,100
6ea649bc40f2c26325cf7dec2d37279f7503156e,1,13,0,13,1,0,1,1,1,0,1,1,0,0,1070,7,1,0,1,43,0,43,1,0,1,,96.97793895
1167c49593b4732a273af987ead5d38fbef55b38,2,24,12,12,0,0,0,1,14,622,1,2,0.764204507,488,1071,8,72,72,0,2433,2366,67,28,28,0,,100
fb7edd145c747fe2b773ab219e1c9b31f1f71d97,1,18,0,18,0,0,0,1,2,0,1,1,0,13,1072,9,3,1,2,136,43,93,3,1,2,,97.56251978
4fbecf1eceabae408fc4568c5e11154bb7005921,2,72,49,23,0,0,0,1,6,0,1,2,0.16756764,871,1073,10,129,117,12,4964,4801,163,47,38,9,,100
1e45ee9cd51aaca3cbab8c30893d609284a83d56,2,28,11,17,0,0,0,1,48,0,1,2,0.999525689,1530,1074,11,176,173,3,6606,6513,93,85,83,2,,100
2c67f3a7703aa3ed95db75cfa0f5f1ca92ca1d1e,3,40,13,27,0,0,0,1,49,19,1,3,1.401202109,1690,1075,12,186,185,1,7265,7161,104,89,88,1,,100
33823e0119796f670fb06538f5f69a552c1d4763,2,17,16,1,0,0,0,2,50,0,1,2,0.32984607,1132,1076,13,125,125,0,3513,3513,0,60,60,0,,100
26a010b1449557937ac8b8c65632b442393ad2e8,1,0,1,1,0,0,0,2,42,67,1,1,0,655,1077,14,103,103,0,2231,2239,8,45,45,0,,100
51f5fb58c0cb1685d3167023154aa9d4f60da891,3,66,18,48,0,0,0,1,51,20,1,3,1.147401948,1677,1078,15,196,190,6,7376,7189,187,91,90,1,,100
e0b793932cf616f1689301bbbc909736d22579f5,1,18,5,13,0,0,0,1,7,3,1,1,0,337,1079,16,71,71,0,1361,1354,7,20,20,0,,100
a39f7707696e543f284c67f7cb827a6093c3a2dd,2,77,8,69,0,0,0,1,10,0,1,2,0.983060555,971,1080,17,164,136,28,5592,5280,312,51,49,2,,100
f6f1cc41504445e0dd1d1a51791ca84761e77a9b,2,26,9,17,0,0,0,1,82,13,1,1,0.315997133,2696,1081,18,385,383,2,8088,8049,39,129,128,1,,100
3a7fcb2a5874ce2bc1e981c216cdb9b1af0087d0,1,42,0,42,0,0,0,1,11,0,1,1,0,655,1082,19,77,72,5,4297,4103,194,31,30,1,,100
02502e7b244d06d085852e894a3525ccf0747dcd,5,75,0,75,0,0,0,1,12,3,1,2,2.321928095,1231,1083,20,182,182,0,6207,6207,0,64,64,0,,100
947b35f09eff6b1de4e1248a8878d5ea6a1f2017,1,1,2,1,0,0,0,1,40,74,1,1,0,1195,1084,21,77,77,0,8576,8575,1,40,40,0,,100
db4d2d4f6cb864e083d499cb905bfab91f766776,4,129,19,110,1,0,1,1,83,40,1,2,1.855914477,4083,1085,22,564,548,16,15784,15357,427,238,230,8,,99.93906155
f878a1fe20dba1ae45b014899bd3f66a9094e311,24,1423,44,1379,14,0,14,2,144,16,1,8,4.315236087,11389,1086,23,1952,1810,142,54295,49048,5247,545,493,52,,96.3125
554ea413736c87fb7ac7a7b579c717571ed927e9,1,148,0,148,1,0,1,1,1,0,1,1,0,0,1087,24,18,0,18,537,0,537,10,0,10,,99.90378448
2edcf408a4aebd304c69ff3d59076d599aa6f335,1,3,2,1,0,0,0,2,11,77,1,1,0,172,1088,25,18,18,0,507,497,10,10,10,0,,100
b8601df6c386f1de21af2cfaee980e75ea1c4e77,4,266,140,126,1,0,1,1,60,0,1,3,1.845583751,2209,1089,26,334,344,10,10944,10407,537,111,105,6,,99.84056122
26fb09cc7d99bbc843510e601bdfb69f5f825e18,1,4,4,0,0,0,0,2,61,1,1,1,0,1012,1090,27,151,151,0,4128,4134,6,51,51,0,,100
67960bd371a730929b366e0657d1d486992dad32,3,36,25,11,0,0,0,2,62,3,1,3,0.720523937,2444,1091,28,369,368,1,8629,8625,4,134,134,0,,100
7f31c339d1e7a78fba01411d68459c01cacd17ec,1,1,3,2,0,0,0,2,63,0,1,1,0,1015,1092,29,151,151,0,4118,4124,6,51,51,0,,100
629992b76bddb8c31c9c2ee06bfac5f3d49d76a4,3,5,5,0,0,0,0,1,2,0,1,3,1.370950594,451,1093,30,33,33,0,2251,2251,0,20,20,0,,100
959babebf809061e66fa5251ffa1d82434699b67,1,2,1,1,0,0,0,2,44,2,1,1,0,2087,1094,31,682,682,0,10506,10504,2,61,61,0,,100
5ef47244abf02d6ebeec6ff7702d48dad723c40b,1,129,22,107,0,0,0,1,3,0,1,1,0,148,1095,32,7,3,4,1536,853,683,7,3,4,,99.87253027
cebbf10726ee0cf02669fc0a3d52c1b760309292,1,1,1,0,0,0,0,1,3,0,1,1,0,107,1096,33,12,12,0,247,247,0,8,8,0,,100
836c21362437bdd50fea9e0a637ada18c98549a8,4,59,21,38,0,0,0,2,145,0,1,2,1.539417949,6385,1097,34,796,796,0,18638,18631,7,318,318,0,,100
60113d99793acd21803640e3c28ec6449200645b,8,117,13,104,0,0,0,1,146,0,1,4,2.454703833,4571,1098,35,594,579,15,15362,14941,421,232,226,6,,100
9b57a5a5b0678905977eb88a6363241021337af8,2,20,12,8,0,0,0,2,54,5,1,2,0.543564443,1059,1099,34,118,118,0,3009,3009,0,58,58,0,,100
1a8e6862219e2457a491d36d06d56c4a08b08c4b,5,37,85,48,0,0,0,2,76,0,1,4,1.67299006,2090,1186,35,293,303,10,7166,7400,234,127,136,9,,100
f8869fd44b35a8d321ec3c9d1dc53b03138238f8,9,250,114,136,0,0,0,2,86,133,1,5,2.713517523,5837,1100,35,806,773,33,22239,21293,946,309,298,11,,100
f287ec4f5347d5e0e183d83abc62ae16109321d4,1,1,8,7,0,0,0,1,3,12,1,1,0,75,1101,35,7,8,1,167,191,24,7,8,1,,100
f6de83d87e9b94a586a4b10347ef5febf05ab9e8,9,51,34,17,0,0,0,1,56,29,1,3,2.680634696,3023,1102,36,418,417,1,13178,13037,141,165,163,2,,99.87195903
8e61b7a02975f71ee392a659febfb387096e9845,5,37,85,48,0,0,0,2,79,0,1,4,1.67299006,2084,1190,38,291,301,10,7151,7385,234,126,135,9,,100
aef4174e4013e97fe84d748ae1e725c312f2ba7a,9,147,92,55,0,0,0,2,56,238,1,5,2.715857299,2844,1103,37,378,361,17,10629,10371,258,192,180,12,,89.23187365
1afe0b81556d302debc6888115de9b46a4b317c2,0,0,0,0,0,0,0,0,0,0,0,0,0,0,1104,38,0,0,0,0,0,0,0,0,0,,100
3847732aedc5fa0303f93635c7166cd2d238af2e,13,296,12,284,1,0,1,1,147,83,1,4,3.058095244,9494,1105,39,1105,1078,27,37668,36610,1058,461,446,15,,99.87755102
46ac38bf3f57bdb85a4944d89ede696e3330ed18,1,2,0,2,0,0,0,2,58,0,1,1,0,1020,1106,40,118,118,0,2968,2968,0,59,59,0,,100
6111bf091e898e4c0043e8a03b2ea4c07ecd4a03,5,37,85,48,0,0,0,2,82,0,1,4,1.67299006,2105,1195,43,293,303,10,7179,7413,234,128,137,9,,100
19a3f1c6e3afd6960d21b3c0b2c7fc977bad3c33,15,319,46,273,0,0,0,2,148,78,1,6,3.328729694,10497,1107,41,1258,1225,33,41457,40479,978,539,516,23,,100
3c8d6171916b935cad915262ecb664dd05fea3c9,2,3,2,1,0,0,0,1,89,0,1,1,0.970950594,2422,1108,42,294,294,0,6719,6719,0,108,108,0,,100
486fc775a7d379563e0598056592829e4ef9b099,4,30,5,25,0,0,0,1,149,143,1,4,1.692268628,6479,1109,43,687,682,5,23980,23834,146,291,290,1,,100
b2d8431c2c8e7307401e247dafc0d26007586992,5,37,85,48,0,0,0,2,84,0,1,4,1.67299006,2126,1199,47,295,305,10,7207,7441,234,130,139,9,,100
64414a2a1752723135d182c3ac2af0175cc4ccca,6,87,39,48,0,0,0,2,59,199,1,5,1.822953195,2193,1110,43,319,309,10,7722,7488,234,148,139,9,,100
392549051ba3d52ebfe843ebfa71712c760621fd,0,0,0,0,0,0,0,0,0,0,0,0,0,0,1111,44,0,0,0,0,0,0,0,0,0,,100
b779c0488f30b91bc4342bce47fd92dbd8861203,4,192,6,186,0,0,0,1,150,1,1,3,1.391904058,4019,1112,45,508,479,29,13954,12998,956,206,203,3,,88.84325804
48a58db4bf302001d04574a93c28f287e4ee21fa,1,2,2,0,0,0,0,2,66,0,1,1,0,1086,1113,46,171,171,0,4507,4507,0,53,53,0,,100
a6634747e15579085068ceaa838b2f87c582ebb7,5,458,0,458,5,0,5,1,1,0,1,3,2.021894646,0,1114,47,72,0,72,2244,0,2244,24,0,24,,99.6767558
46894f69be8d6030cb8e6d7c63315b55558eec2a,5,75,0,75,0,0,0,1,2,0,1,3,2.321928095,458,1115,48,72,72,0,2244,2244,0,24,24,0,,100
f2b6fbdc6a7de681e6be72f509fcdcaedf9f171d,10,462,224,238,5,0,5,1,45,1,1,3,2.980477,2585,1116,49,750,754,4,13161,12717,444,103,85,18,,99.67883212
77bd1c279460aed2d1bae6cc75146936a5bad420,2,127,155,28,0,1,1,2,7,254,1,2,0.992876749,314,1117,50,25,25,0,1894,1939,45,17,17,0,,98.01633606
5edc5d6215652858c1916df8a22c1e886a4faa81,4,262,71,191,2,0,2,2,46,0,1,3,1.844420649,2455,1118,51,727,725,2,13596,12952,644,98,82,16,,99.8540146
068d24dc4c2fb1e0057907f93dddb7ef5d1b83a2,2,115,107,8,0,0,0,2,47,0,1,2,0.690218849,2547,1119,52,689,719,30,13288,13386,98,93,90,3,,100
67cc6d6fa57e454b50fc19ad3a7d76a5a47ac579,10,273,16,257,3,0,3,1,151,10,1,3,2.839374119,4472,1120,53,559,525,34,17407,16418,989,224,202,22,,96.20150862
ca45914baca8306e7dae2a49136848143dd69282,2,30,0,30,0,0,0,1,2,0,1,1,1,83,1121,54,12,12,0,275,275,0,12,12,0,,100
bdba4e294b597f1c53df6f41bad8250fca529658,17,373,52,321,3,0,3,1,152,15,1,5,3.546035492,5122,1122,55,684,653,31,20539,19313,1226,284,265,19,,97.7992087
6ad4bf614c58454247b94933c09928b2e8c93597,8,92,34,58,0,0,0,1,60,28,1,4,2.481846418,2274,1123,56,336,324,12,8784,8479,305,140,134,6,,100
bc0b46b0f8fa513d7bc187c0bc682e214ac8b24f,0,0,0,0,0,0,0,0,0,0,0,0,0,0,1124,57,0,0,0,0,0,0,0,0,0,,100
cec10565d10178948572e73cafc5e9df5c2efd4b,3,32,31,1,0,0,0,1,28,8,1,2,1.445848893,304,1125,58,42,43,1,1196,1250,54,19,20,1,,99.97557401
20cb1a74486a2ba9c22c45557630699b2a2230bc,0,0,0,0,0,0,0,0,0,0,0,0,0,0,1126,59,0,0,0,0,0,0,0,0,0,,100
486ed299086727794c29e0753a8040d38a1102b1,0,0,0,0,0,0,0,0,0,0,0,0,0,0,1127,60,0,0,0,0,0,0,0,0,0,,100
f04ec7842b442a9298fc57201ad2c60593b4d804,5,37,85,48,0,0,0,2,86,0,1,4,1.67299006,2132,1218,65,297,307,10,7244,7478,234,130,139,9,,100
e175e499711fac69e647a9bea39d9a3b89363d0d,10,182,86,96,0,0,0,2,153,118,1,5,2.648890096,5504,1128,61,677,662,15,18248,17880,368,303,293,10,,100
441bdf038034e21c6a8ab77278982c21a8924ecb,18,242,85,157,3,0,3,1,154,0,1,3,3.263547269,4143,1129,62,445,434,11,12785,12434,351,225,216,9,,96.18949537
037741a5a04e54406b428e92b163013e4e9abcd6,4,97,7,90,0,0,0,1,155,24,1,3,1.489732708,3431,1130,63,383,371,12,11076,10688,388,176,166,10,,96.11872146
f5b833b48356db9b91c7671e4a87672ffb8ea693,1,4,0,4,0,0,0,1,10,1,1,1,0,438,1131,64,40,40,0,2184,2159,25,22,22,0,,100
932a2ca87045dd24fcd74ce178c08203ee19fdb8,1,1,1,0,0,0,0,2,67,14,1,1,0,1086,1132,65,171,171,0,4503,4507,4,53,53,0,,100
bdf11e40a4d794177d297fe1f18fefd723170a0e,24,321,240,81,1,1,2,1,156,1,1,5,3.112955818,12843,1133,66,1548,1548,0,50611,50187,424,626,629,3,,99.51923077
3f864d742970dd92270ab08bb9395ded00badaeb,3,84,19,65,0,0,0,1,157,0,1,3,1.419502694,4454,1134,67,539,528,11,15534,15238,296,215,214,1,,99.76140769
66dcc015cd2f8e383a8183924291ac618727c919,1,16,10,6,0,0,0,1,18,2,1,1,0,774,1135,68,153,153,0,3899,3899,0,35,35,0,,100
9d3050f7b2ff90f242f1e759f4e06a103e232138,5,208,135,73,0,0,0,1,158,251,1,3,1.338357941,7190,1136,69,897,879,18,24962,24450,512,381,379,2,,100
e1276302590e617c736b6b074b593ad31ab9281a,3,252,5,247,0,0,0,1,93,0,1,2,1.051420676,4290,1137,70,613,578,35,17835,16414,1421,251,239,12,,100
55d9b0cfea9af26d46a50f7b51b813e3fee641ac,8,239,58,181,4,0,4,1,159,0,1,4,2.750541361,7103,1138,71,754,735,19,27536,26880,656,325,313,12,,90.31483458
41134f264bbf2148ba69c2833a975a504b4ca9c1,2,20,2,18,0,0,0,1,160,0,1,2,0.439496987,4303,1139,72,406,403,3,18149,18062,87,183,183,0,,100
7c49a5a2a5c4b0eaca4bbe77350eeff23623524d,1,5,2,3,0,0,0,2,161,0,1,1,0,2978,1140,73,323,322,1,8695,8677,18,139,139,0,,100
e4c165dc54fbab9dd8e4f669859616c558ab0983,1,7,2,5,0,0,0,2,162,1,1,1,0,2981,1141,72,324,323,1,8723,8695,28,139,139,0,,100
5049a5bc2700a37ff37a01648026fefe7ebf6337,12,5,15,10,0,0,0,2,163,2,1,3,3.341446071,4453,1142,72,564,564,0,14407,14456,49,204,204,0,,95.28130672
6a16347c26d75a47e9fb9d89c62963175b9d2408,2,8,3,5,0,0,0,2,164,0,1,2,0.945660305,3024,1143,73,324,324,0,8772,8772,0,139,139,0,,100
f63214e7c5aec91cf2016a879b6b6bd5da49db4d,13,92,74,18,1,1,2,1,165,0,1,4,3.128881451,9627,1144,72,1045,1044,1,39238,39255,17,413,412,1,,99.77790117
4847f946535c1c5cc11295a31e96778dd5aef3eb,36,370,465,95,2,4,6,1,166,0,1,5,4.029981359,8765,1145,71,1158,1171,13,29323,29692,369,453,467,14,,88.35284042
001ad3d9c89623ca10e5b5d6973391d7f7a38f0a,28,298,267,31,2,2,4,1,167,0,1,4,3.944100204,5819,1146,72,698,699,1,19708,19895,187,287,288,1,,99.05992949
af5dc741728e56d9cff63654737e8be565066095,5,37,85,48,0,0,0,2,89,0,1,4,1.67299006,2133,1238,78,297,307,10,7251,7485,234,130,139,9,,100
b372f821ad101a2b55b82932e7a7f54eca3b2d45,13,137,120,17,0,0,0,2,62,90,1,5,3.000386705,2723,1147,72,353,343,10,9414,9180,234,174,165,9,,99.76498237
0b366e920af5ae703266421b6afffaf65a310573,0,0,0,0,0,0,0,0,0,0,0,0,0,0,1148,73,0,0,0,0,0,0,0,0,0,,100
6fa898b54106216c093155cd3f3553ee9432d650,2,111,8,103,0,0,0,1,19,12,1,2,0.99382757,710,1149,73,94,85,9,4009,3557,452,43,40,3,,96.29182997
63d6be7a3e582973588382e24fd473b6e5bda477,1,30,39,9,0,0,0,1,18,0,1,1,0,511,1150,73,38,39,1,2484,2511,27,17,18,1,,100
b58a2aed7a87e0e5eadeebcae4d3740641df0311,1,9,0,9,0,0,0,1,19,0,1,1,0,502,1151,74,38,38,0,2518,2484,34,17,17,0,,100
64ed0bfcf50afcba3337316edca3626f49af203e,2,53,19,34,0,0,0,1,20,53,1,2,0.972552317,676,1152,75,74,69,5,3428,3282,146,29,27,2,,100
07173942d6e3ac98a7299fe509d35d17d6964877,3,26,5,21,0,0,0,1,26,10,1,2,1.140045798,850,1153,74,94,95,1,4073,3995,78,33,32,1,,100
d2ff9b7813aa6efa90a2112f7b20812849d091de,5,192,29,163,3,0,3,1,70,3,1,2,2.046044595,1026,1154,75,93,82,11,6831,6348,483,48,39,9,,88.76108315
b001febe761a2706755f6a7bb4a80799deab2a81,0,0,0,0,0,0,0,0,0,0,0,0,0,0,1155,72,0,0,0,0,0,0,0,0,0,,100
1d3857bb490ee598f2c13b9d7b347539d1cebf42,1,2,0,2,0,0,0,1,23,0,1,1,0,580,1156,73,43,43,0,2815,2808,7,20,20,0,,100
801ddfc337514a4f8bb06e0981491065bf5be422,2,30,3,27,0,0,0,1,27,0,1,2,0.967294779,318,1157,74,57,53,4,1541,1385,156,16,14,2,,100
3a2dae72e67d6c1fec6d2f35ac73114158620c39,1,5,0,5,0,0,0,2,35,110,1,1,0,552,1158,75,88,87,1,1966,1949,17,27,27,0,,100
951346a1f709cb6ebb3b09dcc49eea843681d797,0,0,0,0,0,0,0,0,0,0,0,0,0,0,1159,76,0,0,0,0,0,0,0,0,0,,100
800b35ad00c11b784630dd8e72d680573fe0b2ba,2,150,0,150,1,0,1,1,24,0,1,2,0.981453895,582,1160,77,59,43,16,3229,2815,414,30,20,10,,99.96098322
8fe0caa36f264bdb6ddb5af76c29cee971ee1cd8,2,20,17,3,0,0,0,1,25,0,1,2,0.84185219,732,1161,78,59,59,0,3238,3229,9,30,30,0,,100
86b59c6947bc097ac50b2c90ed8cc326f34d7031,3,216,0,216,2,0,2,1,26,0,1,2,1.570812243,648,1162,79,71,44,27,3545,2972,573,40,21,19,,99.9222395
33f9a161f0850cafe3789fba2e14c043ecef1994,4,58,28,30,0,0,0,1,28,1,1,2,1.672938818,1560,1163,79,136,129,7,7173,7036,137,60,59,1,,100
301220b9e9c2091400bec29b70bce7d84d5a3e2f,0,0,0,0,0,0,0,0,0,0,0,0,0,0,1164,80,0,0,0,0,0,0,0,0,0,,100
bb76fcaf20270876ffb9b0c4be89798b66061b76,0,0,0,0,0,0,0,0,0,0,0,0,0,0,1165,81,0,0,0,0,0,0,0,0,0,,100
a019154d8dda354be7debdb4aaf18e18a9188367,9,125,60,65,1,0,1,1,71,16,1,3,2.699775355,2259,1166,82,274,258,16,9562,9235,327,101,88,13,,99.74859795
4dd63aac3417a8e2c163a12cb2220f2dcfcb122f,1,15,0,15,0,0,0,1,2,0,1,1,0,54,1167,83,11,11,0,195,195,0,9,9,0,,100
b55944c4dc9d516a3d62e01905d7147e787c6912,1,36,16,20,0,0,0,1,29,0,1,1,0,737,1168,84,47,46,1,3299,3190,109,24,23,1,,100
edd6e37167e88b52c69c6144b1f9ec2e7eb06cf2,9,274,20,254,1,0,1,2,49,20,1,6,2.490298883,5060,1169,85,1006,976,30,29175,28009,1166,204,188,16,,99.96150885
5d8a4523077ea47eab65cdf08fb5454dedc553cc,0,0,0,0,0,0,0,0,0,0,0,0,0,0,1170,86,0,0,0,0,0,0,0,0,0,,100
39dafcffdb913ca425c9205a40f2bc65f9459a81,4,176,4,172,0,0,0,1,29,212,1,3,1.295763468,486,1171,87,101,69,32,3112,2213,899,32,20,12,,99.80861244
5adbd11b0c7d73eb1db796ba4c2e958dbfb674c0,5,37,85,48,0,0,0,2,89,0,1,4,1.67299006,2133,1264,94,297,307,10,7251,7485,234,130,139,9,,100
38ca434e440566cc491688593a8fcae55ccb8a12,9,158,44,114,1,0,1,2,62,145,1,5,2.629649899,3083,1172,88,383,368,15,11887,11360,527,186,174,12,,94.2831216
b19b941f7d248ff940d328a043d121f9584a78b2,16,228,145,83,1,0,1,1,168,1,1,4,3.622706734,5138,1173,88,535,529,6,17561,17420,141,265,262,3,,99.94397759
0fa74812c435a2bb17b559ec358b8585bb4ab65a,5,246,4,242,2,0,2,1,7,0,1,2,1.595368136,253,1174,89,35,13,22,2123,1084,1039,34,13,21,,99.80430528
0d65fadc21ad6d36063ab819061b8966d57c6299,1,174,0,174,1,0,1,1,1,0,1,1,0,0,1175,90,12,0,12,884,0,884,12,0,12,,99.94419643
ca2075a5782ae85685ce5ce65c445c4f84eafd86,5,203,28,175,0,0,0,1,169,4,1,4,2.106934433,5487,1176,90,523,506,17,24498,23545,953,247,241,6,,96.11514813
7782de5252debaaeca5a864e9560dfa473a42239,5,44,20,24,0,0,0,1,33,0,1,2,2.036841464,1167,1177,91,87,85,2,5009,4708,301,56,55,1,,98.45904298
e7b65ea3dd7e9e0a2ec43671522251d4d2ba4ab5,3,20,3,17,0,0,0,1,170,97,1,3,1.353448505,3164,1178,91,338,337,1,9254,9200,54,146,145,1,,99.84227129
0611c98f0fdfb96c426cb4c9ae4bbd5803d67eda,1,16,0,16,0,0,0,2,171,0,1,1,0,3044,1179,89,334,331,3,9026,8946,80,141,140,1,,100
a56cab9212bfcd72a38f637bde6a47be1af4d400,12,296,135,161,0,0,0,1,172,5,1,5,2.623091816,10569,1180,90,1206,1212,6,42862,42220,642,478,467,11,,92.95031918
2f1453b1d420b37f30cf021e27f96c52e49f3f06,2,10,9,1,0,0,0,2,173,0,1,2,0.629249224,5502,1181,91,638,638,0,15866,15866,0,253,253,0,,100
aa304567033357d2302901fda7a0afa1451df547,5,34,0,34,0,0,0,1,35,24,1,2,2.191657671,1475,1182,83,121,116,5,6854,6666,188,68,65,3,,100
4465abde7a61023dc34c4ac44a9127fdea4b8493,1,12,0,12,0,0,0,1,36,0,1,1,0,904,1183,84,54,52,2,4338,4293,45,31,30,1,,100
74845d038821cb847e0332b8cb3044a9bd812595,1,2,2,0,0,0,0,2,73,2,1,1,0,1011,1184,84,151,151,0,4109,4111,2,51,51,0,,100
27f4d95b3360d0143156938e8b9436a8b2109567,3,183,0,183,3,0,3,1,1,0,1,1,1.460791199,0,1185,85,5,0,5,926,0,926,5,0,5,,91.09048724
256148b52fdb5f4357f21e64430ef8cd5c1ae09e,1,6,0,6,0,0,0,1,19,29,1,1,0,132,1186,83,9,9,0,615,573,42,8,8,0,,100
6d7a66c62c728562517367991ddb3fadc77b1d08,5,109,28,81,1,0,1,1,9,1,1,2,1.790271509,384,1187,84,54,43,11,2355,1955,400,34,27,7,,99.94226328
362931c423d4229cdeac70bb01ac2d59caa695f9,0,0,0,0,0,0,0,0,0,0,0,0,0,0,1188,85,0,0,0,0,0,0,0,0,0,,100
e0ef6c370f59996b835359053a70d25cacd7bfb2,0,0,0,0,0,0,0,0,0,0,0,0,0,0,1189,84,0,0,0,0,0,0,0,0,0,,100
fca87ab1b4db66c63637c195811d8a6e999ac244,1,25,0,25,0,0,0,1,2,3,1,1,0,22,1190,80,8,3,5,147,67,80,8,3,5,,100
1c05b62cfea6c70359e51d8d13b1f9581ff510e4,2,128,3,125,0,0,0,1,174,6,1,2,0.268287043,3172,1191,81,347,345,2,10223,9429,794,148,146,2,,99.98076183
cd4f015b5aceb0e00efe515889acfb742ceab5b4,0,0,0,0,0,0,0,0,0,0,0,0,0,0,1192,78,0,0,0,0,0,0,0,0,0,,100
01bea63ac87e1154952a2ddb080e9af0ccac3949,18,208,121,87,0,0,0,1,175,4,1,4,3.348189576,11174,1193,79,1227,1215,12,43055,42569,486,531,527,4,,96.2413452
f662a5d9dbc5964b433b6a1c65cc595b68d9ab10,21,285,121,164,1,0,1,1,176,0,1,4,3.256033335,11323,1194,80,1246,1232,14,43735,43198,537,547,536,11,,99.81696156
1a2a4489cf0cbf3ddc6aa2a3920abc8c784dd1ed,0,0,0,0,0,0,0,0,0,0,0,0,0,0,1195,81,0,0,0,0,0,0,0,0,0,,100
1956eeb99590229e17b905b11ac026c24559db25,5,37,85,48,0,0,0,2,92,0,1,4,1.67299006,2133,1289,85,297,307,10,7251,7485,234,130,139,9,,100
7d7f733b084062fa31d21d746c3c60712c197a8b,5,85,37,48,0,0,0,2,64,238,1,4,1.67299006,2085,1196,82,307,297,10,7485,7251,234,139,130,9,,100
b6c7e314ffad188d3dc9584ba4b66c30fd30c7b0,0,0,0,0,0,0,0,0,0,0,0,0,0,0,1197,83,0,0,0,0,0,0,0,0,0,,100
b10b45948716b17a62f407634809705df55ad66a,3,65,44,21,0,0,0,1,88,445,1,1,1.458534396,2569,1198,82,436,434,2,10384,10355,29,139,139,0,,100
3c5d79c2faaa49dc5a38256f8d2d7443aa46c239,1,2,0,2,0,0,0,1,10,7,1,1,0,257,1199,83,46,46,0,1355,1331,24,26,26,0,,100
25231d01f5609ab68b8d5fe5b0b9f489db537762,1,18,11,7,0,0,0,1,8,1084,1,1,0,79,1200,84,2,0,2,120,80,40,2,0,2,,100
b3f01196130614d38a1d40d66c9a3125cd9c5e2d,6,33,22,11,0,0,0,1,89,63,1,1,2.136734091,2722,1201,85,446,446,0,10762,10698,64,147,147,0,,100
80be74c7014aac1596724e024bbbdcab2733a403,7,182,25,157,2,0,2,1,9,348,1,1,2.170283213,454,1202,83,62,56,6,1817,1471,346,20,16,4,,99.69543147
9c66dc080adc533bd48cdb7d9eb229e7db4aed83,16,220,88,132,1,0,1,1,90,16,1,2,3.251567476,3696,1203,80,533,530,3,14786,14766,20,192,189,3,,99.43216386
4786a52e974fd3fb5dc7d618bff64ed08c9a58cd,19,548,70,478,6,0,6,1,100,0,1,2,3.664277936,6971,1204,76,1068,1020,48,27187,25936,1251,382,346,36,,99.45211039
1f4558bc02e70a3255c103a34224d89a446fe9fe,27,485,241,244,3,1,4,1,92,174,1,3,3.702627736,5038,1205,74,809,778,31,19938,19366,572,298,281,17,,91.97460893
9c73c0977d165cc7923daf99a1f668f63d016903,12,306,151,155,2,1,3,1,101,0,1,3,2.916158878,6807,1206,72,1014,998,16,27400,26835,565,390,391,1,,99.71816551
e0a3ff031ef6b1eb676a644e645bef21a207a226,10,295,165,130,1,0,1,1,94,0,1,2,2.052228766,3761,1207,71,634,624,10,15760,15354,406,250,238,12,,94.75369458
4c82b081a528caecc3550640da57595adf159be1,4,126,8,118,0,0,0,1,95,0,1,3,1.788662473,3410,1208,71,605,592,13,15443,14915,528,223,217,6,,99.88120694
a20db469a7f4fa5838e55bb8700111352ebb04d1,8,38,9,29,0,0,0,1,96,2,1,2,2.561614167,3252,1209,72,506,502,4,12724,12616,108,181,178,3,,100
7ae1e0f19b1658770d2ebe134467d8b635d90107,20,308,167,141,4,0,4,1,97,0,1,2,3.577699071,3936,1210,72,604,591,13,15023,14586,437,241,230,11,,99.66737943
f5a214ff4f0bc30881f1090a33c41b71cb91c364,2,106,0,106,0,0,0,1,102,8,1,2,0.67842322,3929,1211,72,420,401,19,17775,17151,624,165,162,3,,100
eacfc41d49c9d0f785ceecc01067de3cec3739fa,15,103,39,64,0,0,0,1,98,0,1,2,3.576556141,3630,1212,73,545,545,0,13756,13698,58,221,221,0,,100
18835e35fbc9c61e2048b0ae6648506d0106d726,1,5,3,2,0,0,0,2,103,0,1,1,0,2496,1213,74,316,317,1,7079,7076,3,117,117,0,,100
52669ec595cdb92625b8cf72ae776440e981b3fc,3,131,12,119,1,0,1,1,99,0,1,2,1.037583784,2573,1214,75,439,425,14,10885,10454,431,155,144,11,,97.05087245
ecb0c01ca6bf8b26c56d156ee39c7c0d948f6c4a,1,87,33,54,0,0,0,2,100,0,1,1,0,2407,1215,74,424,413,11,10083,9815,268,132,132,0,,100
a6df64a78660f1601f54d3e2772d481d30e6d2c5,2,187,79,108,0,0,0,1,101,0,1,2,0.297472249,2539,1216,75,463,430,33,10892,10357,535,140,138,2,,100
3de562f4aee50fdf103e0415a1eaaea609751f23,7,126,237,111,0,1,1,1,102,0,1,2,2.605646658,3087,1217,72,497,514,17,11824,12119,295,161,173,12,,94.39583826
a26e832c8eb2f5a42b18ef8d8f236fc4719366f6,1,11,0,11,0,0,0,3,42,148,1,1,0,1996,1218,72,358,356,2,9125,9075,50,106,106,0,,100
8d1e14f3caa1128c97eee2f43a548d0961b45459,15,199,458,259,1,2,3,1,103,0,1,2,3.198264029,3871,1219,70,533,594,61,13565,14627,1062,186,205,19,,94.59266317
03da3a59e1a8360ad8f6dd2c7adc6768eb02904a,1,16,16,0,0,0,0,1,2,0,1,1,0,118,1220,71,18,18,0,514,509,5,5,5,0,,100
b8842555dbf368966b99012bef414044c17b6395,1,74,54,20,0,0,0,1,12,0,1,1,0,152,1221,72,31,27,4,799,701,98,7,7,0,,100
8b72f8bb6f9518421c356b9d427abaae032d7859,1,47,0,47,1,0,1,1,1,0,1,1,0,0,1222,73,1,0,1,212,0,212,1,0,1,,99.81977343
de5152eb97a446d55899f3e917ff53620c44ef92,8,209,9,200,1,0,1,1,104,0,1,2,1.78265061,3247,1223,70,521,503,18,13551,12810,741,193,179,14,,99.61389961
1e761842ca4568e4777cbe52c3fb5a188fcc16b4,3,65,8,57,0,0,0,1,105,0,1,2,1.426127854,2810,1224,71,457,441,16,11652,11335,317,161,158,3,,95.31882591
bb02d0ff48e3c1c067eb616472bf3b526035ef42,3,123,7,116,1,0,1,1,9,0,1,1,0.894861932,392,1225,72,38,25,13,2026,1572,454,35,25,10,,99.56054688
f4a4ff44798a23df962d027e6fee71228933f29c,3,109,21,88,0,0,0,1,106,0,1,2,1.536162994,2755,1226,73,466,456,10,11654,11179,475,160,157,3,,99.85479187
46a572f687b3ec34b67fde64580076f2ea7a5058,0,0,0,0,0,0,0,0,0,0,0,0,0,0,1227,74,0,0,0,0,0,0,0,0,0,,100
a9fc0f25c24cde843731573ea1eb1d9bfa7ac5cd,5,37,85,48,0,0,0,2,92,0,1,4,1.67299006,2133,1322,77,297,307,10,7251,7485,234,130,139,9,,100
2e9036d942eb250b26e3d4d50e81db742bb85054,16,127,78,49,0,0,0,2,71,90,1,7,3.211823515,4713,1228,70,510,500,10,20926,20690,236,254,245,9,,100
ed1bf242b0a459238fa39b1ff978de3012fe7721,2,58,3,55,0,0,0,1,27,10,1,2,0.894869231,1365,1229,71,233,225,8,7307,6901,406,69,67,2,,99.95140914
1b429d85e46f20eb65c42cbd2d4f37fae3b7b640,3,213,3,210,0,0,0,1,104,30,1,2,1.121338709,4671,1230,69,663,635,28,19525,18262,1263,268,260,8,,100
9f514e8f99b70107f17f7dfe18389a77f90cdf3d,5,37,85,48,0,0,0,2,92,0,1,4,1.67299006,2133,1326,73,297,307,10,7251,7485,234,130,139,9,,100
ec6f52cd8f8625b4c3bd74ae4562f4e1db633915,8,211,39,172,0,0,0,2,105,152,1,5,2.538069793,6265,1231,68,745,725,20,26635,25651,984,313,303,10,,99.51385513
4383c73d7e5cb5cf6db314211f2ae3d3aea9d547,1,18,4,14,0,0,0,2,106,0,1,1,0,2545,1232,69,320,320,0,7308,7308,0,117,117,0,,100
ff86060f71c475e1199ea3aeb7c4f93af9f05a5e,0,0,0,0,0,0,0,0,0,0,0,0,0,0,1233,70,0,0,0,0,0,0,0,0,0,,100
942f03e08fce6abd0a6caf6444c0c8ea8176498f,12,38,26,12,0,0,0,1,16,0,1,2,2.884043039,1215,1234,71,135,135,0,3917,3892,25,76,76,0,,96.16584931
aa28969dd67a13b54dcf46ec114b6b6b4bd96c45,5,37,85,48,0,0,0,2,92,0,1,4,1.67299006,2133,1331,76,297,307,10,7251,7485,234,130,139,9,,100
0e64b9bcb054c14e6f1e5bab54f5f1f393720caa,5,85,37,48,0,0,0,2,64,238,1,4,1.67299006,2085,1235,72,307,297,10,7485,7251,234,139,130,9,,100
c7f874ccf0c30d72412f62bf3593ea725993228c,5,37,85,48,0,0,0,2,92,0,1,4,1.67299006,2133,1333,78,297,307,10,7251,7485,234,130,139,9,,100
c0a231d3f1d481f849bd69ff97853f4fec250f6f,710,10026,7848,2178,0,0,0,1,177,140,1,38,9.465721591,114060,1236,65,15963,15953,10,477751,477517,234,6798,6789,9,,100
0d434f40d1bc81cbb0871ab210e688db94db0a78,5,37,85,48,0,0,0,2,94,0,1,4,1.67299006,2148,1335,72,297,307,10,7251,7485,234,130,139,9,,100
5e4c13b3db2f4737721fedf063a9f06429690285,5,85,37,48,0,0,0,2,65,129,1,4,1.67299006,2100,1237,66,307,297,10,7485,7251,234,139,130,9,,100
c1f736473cd0e43733fa7df5079cc5c049e203a0,0,0,0,0,0,0,0,0,0,0,0,0,0,0,1238,67,0,0,0,0,0,0,0,0,0,,100
34a1da6677ab574071c03bf9a9af3c52d2386cdf,5,37,85,48,0,0,0,2,94,0,1,4,1.67299006,2148,1338,75,297,307,10,7251,7485,234,130,139,9,,100
0eccad5c13958aead41a582ea80a6585e1349666,6,156,74,82,0,0,0,2,108,105,1,4,1.884737798,4601,1239,55,743,734,9,17628,17396,232,277,267,10,,100
52dcb977368e9fc1fffdd9c10a5f227b92007852,14,1066,696,370,0,0,0,1,109,0,1,3,0.98127768,5303,1240,51,831,806,25,22704,21297,1407,336,326,10,,99.26640117
8983313236a7dc72fc76be26a8e53d4512a94324,5,86,70,16,0,0,0,1,110,6,1,1,1.372410842,4179,1241,47,709,705,4,17306,17149,157,232,231,1,,100
016cc9e9baec6326f1fe78de858ceec0d114ab38,5,37,85,48,0,0,0,2,94,0,1,4,1.67299006,2148,1342,55,297,307,10,7251,7485,234,130,139,9,,100
ef18a73e51942dd315126ae4343407f5b281a1a9,20,259,127,132,3,0,3,2,111,29,1,5,3.646601798,6572,1242,40,1001,989,12,24625,24360,265,383,372,11,,99.2020703
dfe0c09782463ff2ee508834dc545c05e6421186,5,37,85,48,0,0,0,2,94,0,1,4,1.67299006,2148,1344,48,297,307,10,7251,7485,234,130,139,9,,100
3fab33d91e6aa5e459ffb16e0bd155c5858c1224,14,516,38,478,5,0,5,2,65,45,1,5,3.298470108,2812,1243,40,367,330,37,11940,10231,1709,182,159,23,,95.3672788
b6d84a0828ac752402323c5edc02fb5fb1e83401,5,37,85,48,0,0,0,2,94,0,1,4,1.67299006,2148,1346,49,297,307,10,7251,7485,234,130,139,9,,100
26c1ff1ea5a9d2ffa9e1705dd4fd3287cc24998e,5,85,37,48,0,0,0,2,65,129,1,4,1.67299006,2100,1244,41,307,297,10,7485,7251,234,139,130,9,,100
2daf5f3d78d15cfed55b93459ef31af9a1889db9,3,157,0,157,3,0,3,1,1,0,1,1,1.503532478,0,1245,28,13,0,13,381,0,381,7,0,7,,99.85985986
01552a9c2968c01be09eef9880564a0e1723bf92,0,0,0,0,0,0,0,0,0,0,0,0,0,0,1246,29,0,0,0,0,0,0,0,0,0,,100
aab02867e31f9d576ab9fad00cb65b2cbfb58837,1,1,0,1,0,0,0,1,57,33,1,1,0,1606,1247,30,105,105,0,11148,11137,11,48,48,0,,100
1d5198f67c2e90206742ace0900ea989088a2de0,2,706,0,706,2,0,2,1,1,0,1,2,0.932668861,0,1248,31,97,0,97,4154,0,4154,22,0,22,,99.9001398
41ec86442b92dc0fc44be3636f0e96e71d8995c5,0,0,0,0,0,0,0,0,0,0,0,0,0,0,1249,13,0,0,0,0,0,0,0,0,0,,100
2bdd2615cf91bb97246b08dbeddc718a109ca97c,0,0,0,0,0,0,0,0,0,0,0,0,0,0,1250,14,0,0,0,0,0,0,0,0,0,,100
d21fe9490778ecb80724c3e0b07f4d5a32f7c80f,1,1,0,1,0,0,0,1,58,7,1,1,0,1607,1251,15,105,105,0,11159,11148,11,48,48,0,,100
205bcda44670bae2d705abc0f24ecb7fa92638de,2,8,8,0,0,0,0,1,2,6,1,2,0.543564443,706,1252,16,97,97,0,4154,4154,0,22,22,0,,100
a071995ab4f122fb8d20296147747621974f6d59,2,30,14,16,0,0,0,1,3,0,1,2,0.925685987,706,1253,17,101,97,4,4327,4154,173,22,22,0,,100
be9500d0ae9589f15c4f4923c34f7e62f66ea09f,1,12,0,12,0,0,0,1,4,0,1,1,0,261,1254,18,31,29,2,2032,1989,43,8,8,0,,100
9ca1a710efd7a2a8d7e399c10cffa9d6dbb4e5a1,2,90,39,51,0,0,0,1,5,0,1,2,0.740147043,734,1255,19,108,103,5,4775,4370,405,24,22,2,,100
25f3b824b263713dc48e32f05546a8a19e92f57d,3,95,33,62,0,0,0,1,6,13,1,2,1.145656855,906,1256,20,130,126,4,5674,5289,385,30,29,1,,99.92031873
89ec237f42a28ba0f0b31a100b09e3c7c586fda0,2,14,4,10,0,0,0,1,9,20,1,2,0.964078765,392,1257,21,42,41,1,2630,2574,56,17,17,0,,100
53bf6b3b312f492c83d614b8b596010be563c898,5,37,85,48,0,0,0,2,94,0,1,4,1.67299006,2148,1361,27,297,307,10,7251,7485,234,130,139,9,,100
03e8fc070cec335ecfe3c11aaf5c1979b858ca3e,24,156,144,12,0,1,1,2,112,41,1,5,3.82797171,7035,1258,19,1037,1027,10,25829,25623,206,417,410,7,,94.92056856
7f591d168a0519bb558860a1fdc61d44384a2c79,13,313,21,292,3,0,3,1,34,3,1,2,2.705508245,2267,1259,20,355,328,27,10951,10079,872,162,141,21,,99.73620576
ee7f23f7f55135bd06ace919b6b5db82c36e4b27,1,15,7,8,0,0,0,2,108,45,1,1,0,2562,1260,21,320,320,0,7308,7308,0,117,117,0,,100
d5bfedbad0169fbf26ba34c0b43167d433f22cc0,6,153,27,126,0,0,0,1,178,12,1,4,2.280913383,10788,1261,22,1269,1256,13,42677,41830,847,491,487,4,,100
8e7c80a439273ea81a660611b4fa4a807b6c4e6f,4,39,39,0,0,0,0,1,114,0,1,2,1.951732901,6098,1262,23,815,824,9,21734,21713,21,299,299,0,,100
9c2b9c871aeb80d5c3fbe595b65e79fc363af06f,1,13,13,0,0,0,0,2,111,0,1,1,0,2595,1263,24,327,327,0,7378,7378,0,118,118,0,,100
dde63a1f255ca1d8563d5499ee248a4151b3f52b,2,2,38,36,0,1,1,1,12,48,1,1,0.384311544,107,1264,24,8,10,2,269,315,46,2,4,2,,98.97155361
b6bd3c2cc0abb871f0a59c1e7115f76e45cfeb53,21,431,136,295,1,0,1,1,115,18,1,2,3.488829005,6570,1265,22,1106,1058,48,28099,26769,1330,412,395,17,,89.77914741
6b2840c6cf767ed6f7adf86c917ea0d04af4a1f8,6,181,3,178,3,0,3,1,17,0,1,2,1.863711875,689,1266,21,90,74,16,3477,2982,495,67,54,13,,98.56474259
b9523f6a2c2e95d7a0f7408f0cbffea76bb955a2,0,0,0,0,0,0,0,0,0,0,0,0,0,0,1267,22,0,0,0,0,0,0,0,0,0,,100
f32a506a32e6eb381ee9b0badd1e54b56a09b72f,19,91,236,145,0,0,0,1,116,6,1,2,3.73661696,6384,1268,23,913,934,21,25302,26006,704,346,357,11,,93.49808767
a0eaf3da9724a063bf04ccc5e5968c843e914b02,5,37,85,48,0,0,0,2,94,0,1,4,1.67299006,2148,1373,25,297,307,10,7251,7485,234,130,139,9,,100
dfd07ec50f0f4b9fa9eedc17ddba0d65fc001f3f,6,89,39,50,0,0,0,2,65,115,1,5,1.867539509,2445,1269,24,351,341,10,8684,8444,240,153,144,9,,100
dfc4f0aa102270fa9404a87e4550e7e5a5108be7,5,37,85,48,0,0,0,2,94,0,1,4,1.67299006,2148,1375,27,297,307,10,7251,7485,234,130,139,9,,100
e90143c8975bc53afcec85f2d80e704831f4e5a3,6,89,39,50,0,0,0,2,65,104,1,5,1.867539509,2447,1270,25,351,341,10,8690,8450,240,153,144,9,,100
84927d91a2c1e5e3592e6915d150d92a85438286,5,37,85,48,0,0,0,2,94,0,1,4,1.67299006,2148,1377,29,297,307,10,7251,7485,234,130,139,9,,100
9ce036f5d78fef56a03b49f83e88379366f04c3e,13,135,52,83,0,0,0,2,117,50,1,5,2.651534703,7070,1271,26,1129,1114,15,27781,27445,336,413,402,11,,100
b680e9cd7feca8f5d832e6ba68ea2e6e7caedfad,0,0,0,0,0,0,0,0,0,0,0,0,0,0,1272,27,0,0,0,0,0,0,0,0,0,,100
c798862ac437ded4e1ccf6566374e40febd3bc73,44,457,209,248,2,0,2,1,118,14,1,2,4.079495837,11055,1273,24,1712,1691,21,47901,46620,1281,672,654,18,,89.96857626
4b1550e786f5ec51f1b95cc4ca4e7836c09351c2,5,37,85,48,0,0,0,2,94,0,1,4,1.67299006,2148,1381,29,297,307,10,7251,7485,234,130,139,9,,100
0c3e1461f937fa0115dd70a92c13ad1a0bd0e317,6,86,38,48,0,0,0,2,65,104,1,5,1.765122376,2219,1274,25,315,305,10,8213,7979,234,147,138,9,,99.91452991
a361243146a62ca19552074e4b8d74d76ca9abb4,0,0,0,0,0,0,0,0,0,0,0,0,0,0,1275,24,0,0,0,0,0,0,0,0,0,,100
6ac1b86a48ab9826e5061e497df22ea289b0c17b,1,14,0,14,0,0,0,1,5,85,1,1,0,64,1276,17,4,4,0,280,182,98,4,4,0,,100
6802cc7110d796c841f4d49d401dda1c3f78048a,0,0,0,0,0,0,0,0,0,0,0,0,0,0,1277,18,0,0,0,0,0,0,0,0,0,,100
d8487ffee38a1fd3ab9291c9174d8f7e7ce15be8,2,42,20,22,0,0,0,1,10,43,1,1,0.508611331,190,1278,17,20,18,2,932,819,113,13,11,2,,100
fa6ac0eea88c38c816298b518c5d249d4599f93e,11,172,87,85,0,0,0,1,41,45,1,3,2.734944974,3173,1279,14,396,383,13,15009,14605,404,174,170,4,,99.76415094
75fab1f789523ed8513a1aa6b938f6a89e9fe906,3,21,1,20,0,0,0,1,73,36,1,2,1.436545552,2223,1280,15,242,239,3,12224,12097,127,109,107,2,,100
83a30d5ae03b76ef637cda926ed13009e8fc0294,1,13,0,13,0,0,0,1,8,1,1,1,0,116,1281,16,7,7,0,607,507,100,7,7,0,,99.93544222
db94e0726416af827bdd8868f46dcfb75cbebd7b,0,0,0,0,0,0,0,0,0,0,0,0,0,0,1282,17,0,0,0,0,0,0,0,0,0,,100
dd54594617cd382b60c6113649c7717b20cd54b8,1,10,1,9,0,0,0,1,15,16,1,1,0,440,1283,18,22,22,0,2357,2329,28,18,18,0,,100
14fab44fe1a20bee814c086f110ec01e97bcbefc,0,0,0,0,0,0,0,0,0,0,0,0,0,0,1284,19,0,0,0,0,0,0,0,0,0,,100
43007bfed4b663e76d99aa77735a42e7a354acc1,1,7,7,0,0,0,0,1,24,0,1,1,0,741,1285,20,142,142,0,3768,3768,0,56,56,0,,100
1e905a47da788a9e0d5fa5b820e6250bc0980c1a,1,8,0,8,0,0,0,1,16,0,1,1,0,449,1286,21,23,22,1,2402,2357,45,19,18,1,,100
a8814b8803a4cafe857924419cda475bf5ad07ec,5,37,85,48,0,0,0,2,94,0,1,4,1.67299006,2148,1395,26,297,307,10,7251,7485,234,130,139,9,,100
8adee326161c928aaa02525bc84b7293d86262cd,7,181,122,59,0,0,0,2,65,105,1,5,2.112958443,2953,1287,22,419,409,10,12808,12448,360,164,155,9,,100
d07ad04ceb1e735af3f216c101632ed7e37a0844,5,37,85,48,0,0,0,2,94,0,1,4,1.67299006,2148,1397,28,297,307,10,7251,7485,234,130,139,9,,100
76c56a59abca3799409329b244a328b31e754a6b,98,1339,4395,3056,0,21,21,2,177,41,1,11,4.800463441,27854,4,0,3264,3555,291,100462,114158,13696,1352,1472,120,,92.45005258
e89dbfce5f2d2274653062dfd6911a62c354c39b,4,155,18,137,1,0,1,1,48,123,1,4,1.132377372,1664,4,0,218,212,6,6843,6226,617,67,62,5,,99.87672077
699d4426e03ec142b8f2341cb57b33ec7ff7906c,133,4300,1636,2664,15,3,18,1,178,1,1,10,4.989482027,29712,0,0,4389,4097,292,130820,117391,13429,1777,1650,127,,92.28505361
16f1559b222504964137060876085de5258b766a,5,46,55,9,0,0,0,3,120,0,1,1,0.97160204,4124,1,1,706,708,2,15849,15859,10,235,237,2,,100
597a45060aa262d70443e626e5f898fe1b670f1e,47,135,179,44,0,1,1,2,118,104,1,3,4.831436942,9578,1288,9,1667,1664,3,36441,36609,168,648,652,4,,99.89235737
0256df536e130bfccd193bdbb0a41245431890ac,2,8,7,1,0,0,0,2,11,71,1,2,0.996791632,257,1289,10,42,42,0,1157,1139,18,29,29,0,,100
0286f23671b06efa4e64789d84f6a506993ef5a3,5,37,85,48,0,0,0,2,94,0,1,4,1.67299006,2148,1400,13,297,307,10,7251,7485,234,130,139,9,,100
3ab293ad12e1aaf2e2bededcd3540884d35f9fae,7,236,47,189,1,0,1,2,65,108,1,6,2.149904586,3454,1290,11,476,458,18,12805,11921,884,180,165,15,,99.8924037
fe08488da50e12dfcb8a5c600417a391df218d26,2,49,29,20,0,0,0,2,49,14,1,2,0.800959108,1495,1291,12,171,169,2,5450,5320,130,42,41,1,,100
64ec04bf8d53a260905a174876bba434d2a13eaf,1,85,31,54,0,0,0,2,3,0,1,1,0,143,1292,13,12,7,5,1144,732,412,11,7,4,,100
9e7f359a164112c813377a654fcd361405c5edd4,2,34,5,29,0,0,0,2,50,0,1,2,0.821280942,1569,1293,14,178,176,2,6061,5862,199,48,46,2,,100
3bf80f67fda9fd87539681b90c61701d154362a2,1,11,11,0,0,0,0,3,51,0,1,1,0,1372,1294,15,164,164,0,4718,4718,0,35,35,0,,100
2531f51e7bc019480abdb35671b7c94bf75fc4b0,2,68,10,58,0,0,0,2,52,2,1,2,0.95204028,1598,1295,12,183,178,5,6340,6061,279,51,48,3,,100
fca65a24f481d657bf8676485dbdf842c2bb562e,2,261,222,39,0,0,0,2,53,10,1,2,0.962944679,1656,1296,8,195,183,12,5957,6340,383,47,51,4,,99.80636833
eef30af2fa1b61be9ad553f92362e5ff72a15779,8,208,21,187,1,0,1,1,179,118,1,4,1.792598637,6970,1297,9,898,873,25,27523,26598,925,343,321,22,,95.28067561
1e4c64f1c0230ec9f6ddc70fed6e142d3b8199ca,2,144,20,124,0,0,0,2,54,10,1,2,0.981793039,1695,6,2,203,195,8,6385,5957,428,51,47,4,,99.85307082
064d12eb95b2086fbff903e1950d41f103face7b,3,20,163,143,0,0,0,2,53,6,1,3,1.360863264,1968,1298,10,212,223,11,6692,7231,539,64,71,7,,99.85307082
4ba67367821a553693287ac39d4d6527f295f3de,1,13,2,11,0,0,0,3,54,10,1,1,0,1514,1299,11,188,187,1,5275,5256,19,44,43,1,,100
a761e994c11d5f84718ac5256134b9199176e95d,3,144,33,111,0,0,0,1,112,140,1,2,1.20745458,4979,1300,12,688,674,14,20516,19817,699,272,269,3,,100
ef943b23f89fd197039637549388513916a8db53,0,0,0,0,0,0,0,0,0,0,0,0,0,0,1301,13,0,0,0,0,0,0,0,0,0,,100
6819382e6e32d03e80ef63b862b13300d1467dbd,2,144,20,124,0,0,0,2,56,6,1,2,0.981793039,1706,1302,14,204,196,8,6404,5976,428,52,48,4,,99.85307082
0b6f0d2357e241ad5f01babf016cdffdbe4f21e3,2,46,39,7,0,0,0,2,57,18,1,2,0.842307451,1830,1303,7,204,204,0,6435,6404,31,52,52,0,,100
e96460cb9e17d224f326398235cd6761842dceb5,1,1,1,0,0,0,0,2,119,143,1,1,0,2753,1304,0,446,446,0,10555,10555,0,144,144,0,,100
f64aa1f0d6f071e858b2ff41a325dca722735579,2,418,96,322,0,0,0,2,58,42,1,2,0.763422336,1837,1305,1,226,204,22,7590,6435,1155,59,52,7,,91.17716443
43fd9737a8acdc33c1d5273439e5d6dcb041accc,2,142,76,66,0,0,0,2,59,16,1,2,0.998481608,2159,1306,2,233,226,7,7866,7590,276,62,59,3,,100
52a618eb5e0ee95f524dd8d68e97a08a1037e1f2,1,6,4,2,0,0,0,3,60,4,1,1,0,1675,1307,3,208,208,0,5788,5788,0,50,50,0,,100
947428ae9c42e6a1aa8df82bfd95efc3938362c9,1,2,1,1,0,0,0,3,44,249,1,1,0,2010,1308,4,358,358,0,9127,9125,2,106,106,0,,100
7540a51c13e9b666bea6e8e5065cb1ee1712aee8,2,59,34,25,0,0,0,2,61,13,1,2,0.554778163,2227,1309,5,239,233,6,7972,7866,106,63,62,1,,100
5d1a411abba840d139293a9442694ef61a92037b,1,34,29,5,0,0,0,3,62,4,1,1,0,1702,1310,6,214,214,0,5918,5918,0,51,51,0,,100
116b817543c369dbc91aae09ea84d20040ef26f5,2,30,59,29,0,0,0,2,63,2,1,2,0.570541143,2257,1311,7,233,239,6,7873,7972,99,62,63,1,,100
5758b0a5148e4c99879d2e6f4b6fcb6f59db6e5d,5,37,85,48,0,0,0,2,94,0,1,4,1.67299006,2148,1423,8,297,307,10,7251,7485,234,130,139,9,,100
113d67027f8213146fed2a917c03c7f0651cb6b1,49,260,164,96,1,0,1,2,122,73,1,4,4.659293898,10811,1312,8,1825,1816,9,40850,40415,435,726,712,14,,99.92124434
c64251ef81070d031e953a6d9fd381d935d9c4a1,3,37,28,9,0,0,0,2,123,95,1,1,1.034797977,2911,1313,7,475,475,0,11092,11094,2,162,162,0,,100
89585c8e5d23f169389c801d0cb012c76b18406a,46,156,159,3,1,0,1,3,124,126,1,1,4.768672259,9281,1314,7,1614,1615,1,35057,35084,27,627,626,1,,99.90163289
079b701b20cedf42c273f5e74f37c12703f7da9f,1,29,14,15,0,0,0,3,125,1,1,1,0,2741,1315,8,449,447,2,10613,10536,77,143,143,0,,100
325bbd088a841725014da68078cda76258f2c9df,4,53,19,34,1,0,1,3,126,0,1,1,1.420595006,3454,1316,9,590,585,5,13753,13620,133,188,185,3,,99.9214454
83eca1b2a7c3b6141b9f71adacea435a54d1b2e1,15,117,67,50,0,0,0,1,24,18,1,2,2.258680397,2230,1317,10,382,367,15,8354,8144,210,187,188,1,,100
808ddadd382a5ce116b249ee4ae14c683c96ba91,32,350,449,99,0,0,0,1,127,9,1,2,3.719220656,7796,1318,9,1326,1368,42,29768,30401,633,521,520,1,,100
3d7e66273ae393ca9330baf771511766ff411639,25,260,161,99,1,0,1,3,128,21,1,1,3.137297601,6769,1319,7,1182,1169,13,26186,25825,361,460,451,9,,99.84322947
2e3919625289aa90561eb6d7a33fd61e9532ec56,1,19,14,5,0,0,0,2,66,305,1,1,0,1053,1320,7,122,122,0,3040,3040,0,61,61,0,,100
c82edf0859f4ad0272dc50c227553cbcc7272b2e,0,0,0,0,0,0,0,0,0,0,0,0,0,0,1321,8,0,0,0,0,0,0,0,0,0,,100
81f81e9665813c88afc09372e7ab36817a9d0977,2,15,17,2,0,0,0,3,129,0,1,1,0.69621226,2870,1322,9,463,464,1,10974,10997,23,152,152,0,,100
83920692f18c3e00ad845e75b727af5bccaea44a,0,0,0,0,0,0,0,0,0,0,0,0,0,0,1323,10,0,0,0,0,0,0,0,0,0,,100
a31cf2a6918e3f128778d2ace9b2aa680a9ae8d9,1,1,1,0,0,0,0,1,16,309,1,1,0,115,1324,11,2,2,0,112,112,0,2,2,0,,100
1cb2a5fa8167ae34e59cc940617a31459300d91c,2,20,16,4,0,0,0,1,25,90,1,2,0.503258335,576,1325,12,99,98,1,1924,1910,14,52,51,1,,100
77d44df1e769c1f74e673000941028a3430fdb0e,2,2,3,1,0,0,0,2,26,154,1,2,0.721928095,802,1326,13,114,114,0,2334,2336,2,59,59,0,,100
bc303ab9b42aa02cb94419dcff719fdc2d64160e,2,3,8,5,0,0,0,3,130,3,1,1,0.994030211,3112,1327,14,514,515,1,12170,12193,23,165,166,1,,100
a97cf7289d53a69cf74cb3a9aa9f669e99e3949f,1,24,3,21,0,0,0,3,131,0,1,1,0,2780,1328,15,456,452,4,10767,10701,66,144,144,0,,100
44ca7eb5ba3bba4013d57544e668a645119fff62,2,8,2,6,0,0,0,1,27,4,1,1,0.970950594,579,1329,15,96,100,4,1845,1944,99,47,47,0,,100
204723f0955c1e6e33a7591d20bc8b47d5d3adad,5,29,16,13,0,0,0,1,28,126,1,3,1.999311622,1629,1330,16,270,268,2,7399,7343,56,114,112,2,,100
c942528745019d145ddf753d094bcb0350736afc,5,443,78,365,1,0,1,2,96,1,1,4,0.994301552,1754,1443,17,282,227,55,7314,5330,1984,127,117,10,,100
d1dafa5427b1caec463ca3f62cc89c416ae2a478,6,82,443,361,0,1,1,2,66,101,1,5,1.051284845,2196,1331,17,239,293,54,5589,7559,1970,129,138,9,,100
4af2c81d9bba53fb8a6ad6b0a810bebb386871ba,0,0,0,0,0,0,0,0,0,0,0,0,0,0,1332,18,0,0,0,0,0,0,0,0,0,,100
448d50bd50635bd876271213c9a6949dca625508,0,0,0,0,0,0,0,0,0,0,0,0,0,0,1333,19,0,0,0,0,0,0,0,0,0,,100
cd6857c18bd178fe0c480d8ac469e0fdcd09a0aa,1,17,2,15,0,0,0,1,10,0,1,1,0,81,1334,20,15,12,3,342,259,83,15,12,3,,100
f08867b604399abf9b0de8a6c89e1cbc560b300b,0,0,0,0,0,0,0,0,0,0,0,0,0,0,1335,21,0,0,0,0,0,0,0,0,0,,100
4fb95ebc9339c488c64ef72ba03aa97f21c59cb8,1,4,0,4,0,0,0,1,3,8,1,1,0,80,1336,22,12,10,2,267,249,18,7,6,1,,100
0e5213a8bd08bce7a24ede6a9cb09b1c3fb54fd9,1,5,0,5,0,0,0,1,7,227,1,1,0,43,1337,23,3,2,1,88,77,11,3,2,1,,100
5203c735a39f745afa0b5e7b556bb1022968a9b5,5,443,78,365,1,0,1,2,96,1,1,4,0.994301552,1754,1451,24,282,227,55,7314,5330,1984,127,117,10,,100
159bcb29625d23cf74af7d5650d8db600ae7c94f,5,78,443,365,0,1,1,2,66,123,1,4,0.994301552,2119,1338,23,227,282,55,5330,7314,1984,117,127,10,,100
ea5c47d13366ccf8e90d69ddc94bdfa911719b77,26,689,691,2,2,2,4,1,180,128,1,9,4.001411084,17565,1339,24,1925,1945,20,70966,72321,1355,731,741,10,,98.22485207
41b6f8342b3d6252d4927cd5729d2917934e500b,2,2,2,0,0,0,0,2,15,18,1,1,1,185,1340,25,24,24,0,576,576,0,16,16,0,,100
ad73f5f4a1fa72ca63aeace0db4f01c8865c5a8b,5,443,78,365,1,0,1,2,98,0,1,4,0.994301552,1754,1455,28,282,227,55,7314,5330,1984,127,117,10,,100
731be2c28e51d71e5027c6fd4ddda68c3af81b05,5,78,443,365,0,1,1,2,67,65,1,4,0.994301552,2119,1341,24,227,282,55,5330,7314,1984,117,127,10,,100
fe799f5d382fad7e35be634f660e73f62d6ec9e8,3,155,17,138,0,0,0,1,114,58,1,2,1.014820315,5090,1342,24,707,688,19,21149,20516,633,274,272,2,,100
0020e6653a024f17abbc333a197e92a24c0922ff,0,0,0,0,0,0,0,0,0,0,0,0,0,0,1343,25,0,0,0,0,0,0,0,0,0,,100
d5c2d14366140460877e106b54e10544c40547bf,1,7,0,7,0,0,0,1,15,0,1,1,0,1509,1344,26,155,154,1,8295,8260,35,110,110,0,,100
aa53f15d3df1440a4f1349796e1082b33950913d,5,67,50,17,0,0,0,2,181,197,1,2,2.074728209,3973,1345,27,491,491,0,11699,11694,5,181,181,0,,100
7b0a1c414a21df7eaf189fcb8048c5932a6ac7d9,3,3,3,0,0,0,0,1,10,327,1,2,1.584962501,326,1346,28,24,24,0,1366,1366,0,24,24,0,,100
2944148e0d0b16e2056cd4833e2cf64ad2deb739,0,0,0,0,0,0,0,0,0,0,0,0,0,0,1347,29,0,0,0,0,0,0,0,0,0,,100
62f03d80b800dc8f64ebbd0498c35f03aa3f4f48,1,2,0,2,0,0,0,2,182,0,1,1,0,3159,1348,30,339,339,0,9218,9194,24,143,143,0,,100
d9f6b4444c1bf8d910b5ff54f7b8b5cb07606abf,2,2,2,0,0,0,0,1,10,330,1,2,1,202,1349,31,16,16,0,812,812,0,16,16,0,,100
2153e2309e49dd1f94cfd26f35377f62137e8306,10,180,12,168,3,0,3,2,183,92,1,4,2.736228448,4063,1350,32,413,400,13,12608,12090,518,200,187,13,,99.81409184
7051e55cfffe244a9ef537c62ec71d45c9d569ad,1,9,5,4,0,0,0,2,184,0,1,1,0,3167,1351,32,339,339,0,9290,9290,0,143,143,0,,100
bec1430b44ec205f08c8045825c8a0b10a7f87ab,3,0,0,0,0,0,0,1,1,0,1,1,0,103,1352,33,12,12,0,195,195,0,12,12,0,,99.77720015
f112ed6ceb84eec5ada63ded39e0efcc2ee546bb,10,200,25,175,3,0,3,1,185,114,1,4,2.603239037,8921,1353,34,1157,1143,14,28939,28197,742,431,419,12,,97.66197741
ea39153956c0860927ef516e3eeed232d5dc89c1,0,0,0,0,0,0,0,0,0,0,0,0,0,0,1354,35,0,0,0,0,0,0,0,0,0,,100
d3654bc3eea27c2a9c7b2fbe43c7ec0a793df14b,1,3,2,1,0,0,0,2,116,8,1,1,0,2602,1355,36,327,327,0,7378,7378,0,118,118,0,,100
90fcfb9d7a6b859894ca27886ef7bd43c29cb8a8,5,33,9,24,0,0,0,1,44,232,1,2,1.848590005,1421,1356,32,99,99,0,6267,6189,78,53,53,0,,100
576625f559d3d86d98c85e30488b1eb5977c546d,0,0,0,0,0,0,0,0,0,0,0,0,0,0,1357,33,0,0,0,0,0,0,0,0,0,,100
55cb12e21fd92101b23a2fed112f1e77a2c4eb91,3,110,4,106,1,0,1,1,186,6,1,3,1.083848195,5972,1358,34,804,795,9,20420,20057,363,294,287,7,,99.95753715
33ba278fdd7a26653d2f96f945c3e5e701a9acf5,4,85,8,77,1,0,1,1,50,261,1,3,1.448017281,3040,1359,33,858,851,7,15170,14814,356,125,121,4,,99.95757319
02459623e11efc5ddce66e6a8310c8f628272102,4,67,26,41,0,0,0,1,15,238,1,3,1.657982058,793,1360,31,156,152,4,4597,4435,162,54,50,4,,100
177b6a19fe611d866da0b5772a020c75b76a6678,14,252,0,252,0,0,0,1,4,52,1,4,3.807354922,840,1361,32,85,85,0,3694,3694,0,75,75,0,,100
95859c384f13a13fad8c8042a6f11970cca04952,1,0,26,26,0,1,1,1,3,0,1,1,0,26,1362,33,0,0,0,0,15,15,0,0,0,,99.95757319
f20271e535792636988955d8591964cc812f91d0,1,7,1,6,0,0,0,1,4,0,1,1,0,104,1363,34,6,6,0,470,436,34,5,5,0,,100
7292716630d9539bd47a40e20327006447d0c770,5,195,80,115,0,0,0,1,187,133,1,4,1.801140678,6040,1364,35,547,530,17,28800,27957,843,252,245,7,,100
56b5f6e3f7836464bf35f7d145c762fe46c64f45,0,0,0,0,0,0,0,0,0,0,0,0,0,0,1365,36,0,0,0,0,0,0,0,0,0,,100
7dfa6642807583d26a52a8a27b6421e7cda0457c,2,80,0,80,2,0,2,1,1,0,1,1,0.963167245,0,1366,37,5,0,5,268,0,268,5,0,5,,99.89400042
64c1b0821a24455a94850f5f6e30b80455e653f2,2,36,0,36,0,0,0,1,2,0,1,1,1,80,1367,38,5,5,0,268,268,0,5,5,0,,100
957264e7984803f8c4ae528ebf5dfd2405ac69de,0,0,0,0,0,0,0,0,0,0,0,0,0,0,1368,38,0,0,0,0,0,0,0,0,0,,100
3a62ff8ecfc63bec8c43d4996ffa5839b9871a9e,3,13,3,10,0,0,0,2,188,87,1,2,1.546179692,6770,1369,39,947,944,3,23952,23933,19,345,345,0,,100
be2d7994ca6194565b4484d3556d1b0c3d2f8bb8,0,0,0,0,0,0,0,0,0,0,0,0,0,0,1370,40,0,0,0,0,0,0,0,0,0,,100
f0695c39a6044653f115ebbbada44873d216dfe7,5,443,78,365,1,0,1,2,98,0,1,4,0.994301552,1754,1486,42,282,227,55,7314,5330,1984,127,117,10,,100
9d255d897a15a5bfb6045f23b5e16edee7ba3cb6,5,78,443,365,0,1,1,2,67,65,1,4,0.994301552,2119,1371,40,227,282,55,5330,7314,1984,117,127,10,,100
9ee209e9354d78193cc2c2c5b0a0e8135c5f4ee3,4,152,4,148,2,0,2,2,54,98,1,3,1.374527312,655,1372,41,106,86,20,5347,4802,545,44,37,7,,99.83075947
559381f38766c077d95e4dc1c9be97cd1a216876,0,0,0,0,0,0,0,0,0,0,0,0,0,0,1373,42,0,0,0,0,0,0,0,0,0,,100
71117cc292b108ab1e6f33095c98c1e12ea303dd,5,443,78,365,1,0,1,2,98,0,1,4,0.994301552,1754,1490,46,282,227,55,7314,5330,1984,127,117,10,,100
e7ce04bdd3dbabd7fbf7d6e65a7d8c97e350e063,5,78,443,365,0,1,1,2,67,65,1,4,0.994301552,2119,1374,43,227,282,55,5330,7314,1984,117,127,10,,100
0a8dcf1e7c3dfacc73dc51195f528b02e4f2bf5d,0,0,0,0,0,0,0,0,0,0,0,0,0,0,1375,44,0,0,0,0,0,0,0,0,0,,100
2890b2ecdec65052bccbef0aaadfb11c7ece2a44,1,1,0,1,0,0,0,2,55,1,1,1,0,561,1376,45,71,71,0,4489,4482,7,22,22,0,,100
8a259d463eabb26f4e50564ff1aa6dc24b8758ce,0,0,0,0,0,0,0,0,0,0,0,0,0,0,1377,46,0,0,0,0,0,0,0,0,0,,100
0cfd13df3f8db1ba7ce4788486b2630a4552ee39,0,0,0,0,0,0,0,0,0,0,0,0,0,0,1378,47,0,0,0,0,0,0,0,0,0,,100
1334cd9bdf8997c9522ed3f5bdb861bf8c48e87e,0,0,0,0,0,0,0,0,0,0,0,0,0,0,1379,48,0,0,0,0,0,0,0,0,0,,100
7d8792cb334a6bf271287f5b263f7274bb54f8be,1,1,1,0,0,0,0,1,12,1,1,1,0,98,1380,49,15,15,0,354,354,0,15,15,0,,100
7d355e7a69ba6c334be64e439c319795a1a1f602,0,0,0,0,0,0,0,0,0,0,0,0,0,0,1381,50,0,0,0,0,0,0,0,0,0,,100
ec24a424734c5be4f74482c8fba54430f4bf686f,5,443,78,365,1,0,1,2,98,0,1,4,0.994301552,1754,1499,55,282,227,55,7314,5330,1984,127,117,10,,100
701b339a5f519c1ead0e6892fdc212e6bd9ae035,12,91,450,359,0,1,1,2,67,104,1,7,1.284501137,3220,1382,47,390,445,55,10438,12371,1933,216,226,10,,99.8943141
fc9e6676c9554005f44956d7efa29ab6461fd750,0,0,0,0,0,0,0,0,0,0,0,0,0,0,1383,48,0,0,0,0,0,0,0,0,0,,100
4a38aee1228c721e07406f8747ba3ee17366e249,1,1,1,0,0,0,0,1,7,361,1,1,0,114,1384,49,14,14,0,646,646,0,5,5,0,,100
545cd6369b2d51c8ff4537b429bc74c56ba3c71b,0,0,0,0,0,0,0,0,0,0,0,0,0,0,1385,50,0,0,0,0,0,0,0,0,0,,100
ef6b4d112ba8a87b360a00aa8d2caeeb166c6077,0,0,0,0,0,0,0,0,0,0,0,0,0,0,1386,51,0,0,0,0,0,0,0,0,0,,100
a64f13674dd496a5175d6b8e1f134ae4fd55dd6d,6,41,10,31,0,0,0,2,17,0,1,4,1.631383144,1044,1387,52,169,158,11,5067,4916,151,95,94,1,,100
85f52ffccf6bc1d3938ab149dc099dedeb8d14c0,0,0,0,0,0,0,0,0,0,0,0,0,0,0,1388,53,0,0,0,0,0,0,0,0,0,,100
2a567e30cac12229bcbfd230d251d5a9473f2011,0,0,0,0,0,0,0,0,0,0,0,0,0,0,1389,54,0,0,0,0,0,0,0,0,0,,100
c52561aaa83816463faeb76b6d96c320d5e9eac6,0,0,0,0,0,0,0,0,0,0,0,0,0,0,1390,55,0,0,0,0,0,0,0,0,0,,100
48f7b87c046f2044c1e3ff170727b9600a12051b,0,0,0,0,0,0,0,0,0,0,0,0,0,0,1391,56,0,0,0,0,0,0,0,0,0,,100
22e5fddfc39a064454d219702328d8c9d9ed9724,1,1,1,0,0,0,0,2,51,12,1,1,0,2161,1392,54,659,659,0,10556,10556,0,68,68,0,,100
f310e855bb0d291e7181fba26baba7e3be3b5a94,0,0,0,0,0,0,0,0,0,0,0,0,0,0,1393,55,0,0,0,0,0,0,0,0,0,,100
a94e78cf98296292af1e13d2fc91802cc5a9ce37,0,0,0,0,0,0,0,0,0,0,0,0,0,0,1394,56,0,0,0,0,0,0,0,0,0,,100
64f2cd19b18cd507caeea54fe47f0f5ad23b8bc3,0,0,0,0,0,0,0,0,0,0,0,0,0,0,1395,57,0,0,0,0,0,0,0,0,0,,100
5377aadec284ef4a9360c2313147b4de297c3a0e,5,443,78,365,1,0,1,2,98,0,1,4,0.994301552,1754,1514,63,282,227,55,7314,5330,1984,127,117,10,,100
c28febccf2412b90ac651ce3cb33301b89f6378a,5,78,443,365,0,1,1,2,67,65,1,4,0.994301552,2119,1396,58,227,282,55,5330,7314,1984,117,127,10,,100
72d6ac13b136e16fe3e18b1347609e65570b3889,0,0,0,0,0,0,0,0,0,0,0,0,0,0,1397,59,0,0,0,0,0,0,0,0,0,,100
b8e81873450c3b4da9cabeb51c2389e371acf77e,0,0,0,0,0,0,0,0,0,0,0,0,0,0,1398,60,0,0,0,0,0,0,0,0,0,,100
d5de8ad896eba7e39d3c3dff08c460c3a7221ef6,1,18,0,18,0,0,0,1,10,364,1,1,0,209,1399,61,17,15,2,1416,1261,155,11,9,2,,100
d5e34c76b647f54c601373e7c6e378d24896c0ae,0,0,0,0,0,0,0,0,0,0,0,0,0,0,1400,61,0,0,0,0,0,0,0,0,0,,100
def5937389253d814e0d2b85376da0e5f416f031,0,0,0,0,0,0,0,0,0,0,0,0,0,0,1401,61,0,0,0,0,0,0,0,0,0,,100
c7f2ad6ea44c3202c3f1785f6f41f36cb3fcba1e,5,443,78,365,1,0,1,2,98,0,1,4,0.994301552,1754,1521,65,282,227,55,7314,5330,1984,127,117,10,,100
19c2b98739b68e5e8fc6bc463a2ddb59f3a10385,17,78,1195,1117,0,10,10,2,67,271,1,7,3.405117756,2868,1402,61,227,347,120,5330,9488,4158,117,169,52,,99.38324117
17144edc0fb34302fe57c21e3fd32c788653816b,0,0,0,0,0,0,0,0,0,0,0,0,0,0,1403,62,0,0,0,0,0,0,0,0,0,,100
31690f68d07d4f4406322f4a2d53e4e3d13c5484,0,0,0,0,0,0,0,0,0,0,0,0,0,0,1404,63,0,0,0,0,0,0,0,0,0,,100
813dce1f0557e83b1f3fc39a101e6decf0148be8,0,0,0,0,0,0,0,0,0,0,0,0,0,0,1405,64,0,0,0,0,0,0,0,0,0,,100
547c1eb36f4495b5700c322a4bdae764ef1f6daa,0,0,0,0,0,0,0,0,0,0,0,0,0,0,1406,65,0,0,0,0,0,0,0,0,0,,100
40b79ee791a7252eae78bf9acdf7c0bd3a0227b5,0,0,0,0,0,0,0,0,0,0,0,0,0,0,1407,66,0,0,0,0,0,0,0,0,0,,100
e1352eddfdb900eb4a693a4cbf23fe8bc1379fba,5,443,78,365,1,0,1,2,98,0,1,4,0.994301552,1754,1525,69,282,227,55,7314,5330,1984,127,117,10,,100
7515c055b949f9ed6f7180cce6388e8123717e3a,0,0,0,0,0,0,0,0,0,0,0,0,0,0,1529,73,0,0,0,0,0,0,0,0,0,,100
06557d59c456c75f6b97bc9530753cdfc5aa282e,5,78,443,365,0,1,1,2,67,65,1,4,0.994301552,2119,1408,67,227,282,55,5330,7314,1984,117,127,10,,100
81e1716a11109f41b5ed79a42284b85900728b18,5,443,78,365,1,0,1,2,98,0,1,4,0.994301552,1754,1531,75,282,227,55,7314,5330,1984,127,117,10,,100
1016b935b4b2647574f82009bbe21c7292d27a1e,1,0,415,415,0,1,1,1,2,55,1,1,0,415,1532,75,0,65,65,0,2238,2238,0,19,19,,100
3944629f4be469207133615f353baf0170bfe372,4,78,28,50,0,0,0,2,67,80,1,3,1.305042344,1704,1409,67,227,217,10,5330,5076,254,117,108,9,,100
b1980af5aac427fe158ca4369fb500e78e69f9b1,4,28,78,50,0,0,0,2,98,0,1,3,1.305042344,1754,1534,77,217,227,10,5076,5330,254,108,117,9,,100
cec5ed09377ccca2cb0c081eee6142ca346c76c2,4,78,28,50,0,0,0,2,67,80,1,3,1.305042344,1704,1410,56,227,217,10,5330,5076,254,117,108,9,,100
da6180e5e49130610ea4ea6d5c560dede78addfc,0,0,0,0,0,0,0,0,0,0,0,0,0,0,1411,57,0,0,0,0,0,0,0,0,0,,100
599e0fdbe36cae76008af1aa1cd62e4f4345111e,4,28,78,50,0,0,0,2,98,0,1,3,1.305042344,1754,1537,68,217,227,10,5076,5330,254,108,117,9,,100
b968ffaf2b52225e57ec196aaa3ee7345fa0024d,4,78,28,50,0,0,0,2,67,80,1,3,1.305042344,1704,1412,58,227,217,10,5330,5076,254,117,108,9,,100
9a4f598888c1eec85a0d7b9afb400626ec49f46e,4,28,78,50,0,0,0,2,98,0,1,3,1.305042344,1754,1539,70,217,227,10,5076,5330,254,108,117,9,,100
c9e50fa0d8c4f1cedce9a34936184a2b1f3b15b9,4,78,28,50,0,0,0,2,67,80,1,3,1.305042344,1704,1413,59,227,217,10,5330,5076,254,117,108,9,,100
af1d5554020a75cd9957f2d08a09d5dfa86c38c8,4,28,78,50,0,0,0,2,98,0,1,3,1.305042344,1754,1541,72,217,227,10,5076,5330,254,108,117,9,,100
6166efe1d02fe89a98c7d87ab26a608e2d560492,4,78,28,50,0,0,0,2,67,80,1,3,1.305042344,1704,1414,60,227,217,10,5330,5076,254,117,108,9,,100
ce1dc19b3ccfb734af551c2d694a3a3d1039f7fa,4,28,78,50,0,0,0,2,98,0,1,3,1.305042344,1754,1543,74,217,227,10,5076,5330,254,108,117,9,,100
e17dd7ccafd819e292863110ca22c0b645d3b879,4,78,28,50,0,0,0,2,67,80,1,3,1.305042344,1704,1415,43,227,217,10,5330,5076,254,117,108,9,,100
550ac15a18b6eedbbef6f9d27992baa7857acd0d,0,0,0,0,0,0,0,0,0,0,0,0,0,0,1416,40,0,0,0,0,0,0,0,0,0,,100
a34137028a5793336741357bd7500b773b8e232d,4,28,78,50,0,0,0,2,98,0,1,3,1.305042344,1754,1546,53,217,227,10,5076,5330,254,108,117,9,,100
34043caec030992774f2d7634898a46c9b54eddc,4,78,28,50,0,0,0,2,67,80,1,3,1.305042344,1704,1417,41,227,217,10,5330,5076,254,117,108,9,,100
46dc67858880427f802e2be066093284d1697cf5,4,28,78,50,0,0,0,2,98,0,1,3,1.305042344,1754,1548,55,217,227,10,5076,5330,254,108,117,9,,100
0c71d8f99323577d9683d924c51d617eb0346d15,4,78,28,50,0,0,0,2,67,80,1,3,1.305042344,1704,1418,42,227,217,10,5330,5076,254,117,108,9,,100
b9ca91dd5c3b04121f5ddcb9f6194c1e7931ba2c,4,28,78,50,0,0,0,2,98,0,1,3,1.305042344,1754,1550,57,217,227,10,5076,5330,254,108,117,9,,100
ec3d4618bd1f69b79366d2b94fbd1362200db3fb,4,78,28,50,0,0,0,2,67,80,1,3,1.305042344,1704,1419,4,227,217,10,5330,5076,254,117,108,9,,100
99d939c99ab062a3be8491f5f64100bcc931b100,3,433,63,370,2,0,2,1,18,23,1,3,1.191985533,303,1420,5,85,35,50,3160,1491,1669,31,20,11,,99.80769231
738b16ba6b82d940402d7e130a9d00d213dd6bf5,4,0,10,10,0,0,0,1,65,152,1,4,1.846439345,1905,1421,6,231,231,0,6469,6489,20,70,70,0,,100
e4510739bae639366126dc3dc46e71b93aff4e19,1,2,1,1,0,0,0,1,3,81,1,1,0,91,1422,7,3,3,0,432,423,9,3,3,0,,100
62158399bc38ed75e3a4895413af7190fcdc2bac,0,0,0,0,0,0,0,0,0,0,0,0,0,0,1423,8,0,0,0,0,0,0,0,0,0,,100
6c4888bfbd943a5abb890503202b0c3afb34d2b0,0,0,0,0,0,0,0,0,0,0,0,0,0,0,1424,9,0,0,0,0,0,0,0,0,0,,100
cbf9457028c63b5fa31a4c375f1341de2af6713e,0,0,0,0,0,0,0,0,0,0,0,0,0,0,1425,6,0,0,0,0,0,0,0,0,0,,100
8ee5bc47eeb07594bb26e1dae31aa27a82c393e0,4,123,20,103,1,0,1,1,15,345,1,2,1.437433087,414,1426,7,59,46,13,1670,1202,468,36,28,8,,99.95733788
b8e1d5e3f4bd6d50cdf4a6346777b2499a08c347,0,0,0,0,0,0,0,0,0,0,0,0,0,0,1427,8,0,0,0,0,0,0,0,0,0,,100
bbbfbaece9c982dd658535a4680e83fe17d1d333,4,28,78,50,0,0,0,2,98,0,1,3,1.305042344,1754,1560,3,217,227,10,5076,5330,254,108,117,9,,100
416667cb17c8ac919846c09c5a51f4a1d1566b0f,4,78,28,50,0,0,0,2,67,80,1,3,1.305042344,1704,1428,3,227,217,10,5330,5076,254,117,108,9,,100
6b51f59d54f149d655fcf912908e28af5e6eecb3,7,56,30,26,0,0,0,1,189,250,1,4,2.25163076,4811,1429,3,438,438,0,15342,15342,0,197,197,0,,100
da3b1a6811a3db1dff276b840c0147718bc9c4ea,1,4,4,0,0,0,0,2,52,218,1,1,0,2161,1430,0,659,659,0,10556,10556,0,68,68,0,,100
a925da5dafec3db731bf41a75e755c42a3de00fb,2,3,3,0,0,0,0,2,41,337,1,2,0.918295834,943,1431,1,194,194,0,3271,3271,0,50,50,0,,100
021d95d2746616ea623a941bedec9120ff92b357,0,0,0,0,0,0,0,0,0,0,0,0,0,0,1432,2,0,0,0,0,0,0,0,0,0,,100
974d66503b909751064ad2187515e95bfe3ea1c0,4,28,78,50,0,0,0,2,98,0,1,3,1.305042344,1754,1566,3,217,227,10,5076,5330,254,108,117,9,,100
ac7a07ef17506aad136774c441f32e11e95eb1f9,6,83,29,54,0,0,0,2,190,113,1,3,1.585702425,5348,1433,3,690,680,10,16630,16376,254,289,280,9,,100
12c64ded99861bbd67b5026e577c6622fcc629f6,0,0,0,0,0,0,0,0,0,0,0,0,0,0,1434,4,0,0,0,0,0,0,0,0,0,,100
9c68f4935f9ea013bb8f357d29ae391ed1db24f8,1,6,3,3,0,0,0,2,12,599,1,1,0,152,1435,5,9,9,0,451,451,0,4,4,0,,100
3f9de1c1918ff447f1f0b86f2f5dfa662b93794b,0,0,0,0,0,0,0,0,0,0,0,0,0,0,1436,6,0,0,0,0,0,0,0,0,0,,100
677cdf94231a4b8bb9ca864f50f75ce8aae0340e,1,18,0,18,0,0,0,1,2,137,1,1,0,67,1437,7,7,7,0,403,403,0,5,5,0,,100
4bc1ce1898c8fd0078e4d6179b0e7b729659f785,0,0,0,0,0,0,0,0,0,0,0,0,0,0,1438,8,0,0,0,0,0,0,0,0,0,,100
1d4064d4adb349de6b040b2b8468f4d57a405548,0,0,0,0,0,0,0,0,0,0,0,0,0,0,1439,9,0,0,0,0,0,0,0,0,0,,100
aa00a775f1fce304745b1fafb49b62cc18ac2278,0,0,0,0,0,0,0,0,0,0,0,0,0,0,1440,10,0,0,0,0,0,0,0,0,0,,100
af6f05ca307a9807af9ca30a8ee33c4da02842a1,0,0,0,0,0,0,0,0,0,0,0,0,0,0,1441,11,0,0,0,0,0,0,0,0,0,,100
31920b4e16b0e6197a8c449c29809da13fb44d75,4,28,78,50,0,0,0,2,98,0,1,3,1.305042344,1754,1576,13,217,227,10,5076,5330,254,108,117,9,,100
4b8df1fd03c21495e646ac1721734811564317f5,4,78,28,50,0,0,0,2,67,80,1,3,1.305042344,1704,1442,12,227,217,10,5330,5076,254,117,108,9,,100
4a723fc1e89c3f258b00e6ee40ba3c60d076aa89,4,28,78,50,0,0,0,2,98,0,1,3,1.305042344,1754,1578,15,217,227,10,5076,5330,254,108,117,9,,100
