CommitID,FileNum,TotalAddLines,TotalDeleteLines,LC,FileAdd,FileDelete,NAD,NDVE,NUC,AGE,NS,ND,Entropy ,LT,EXP,REXP,CommitComplexity,LastCommitComplexity,CFC,CommitTokenCount,LastCommitTokenCount,NCC,CommitMethodNum,LastCommitMethodNum,NMC,NIR,a2a
6e8c93d27bd18edbd7a0edc6188ad81921c28b57,0,0,0,0,0,0,0,0,0,0,0,0,0,0,11,0,0,0,0,0,0,0,0,0,0,0,100
c40f0ce165a421d2f88f3ce28ee0615dbf19ecad,0,0,0,0,0,0,0,0,0,0,0,0,0,0,12,1,0,0,0,0,0,0,0,0,0,0,100
1e00589634d1b1fbb9aafda0c50ba7cc2ccbc624,5,40,42,2,0,0,0,1,17,217,1,2,2.134389233,560,74,0,77,79,2,3247,3230,17,34,34,0,0,99.18032787
4d2c4dab1af86887bbe5811a2090e927ecf18305,5,41,39,2,0,0,0,2,19,8,1,2,2.148117568,558,75,1,79,77,2,3234,3247,13,34,34,0,0,99.18032787
b33e706503c50390d52c54032a95d955dd71d08a,62,3503,1491,2012,37,23,60,1,7,62,2,8,5.588745814,1489,0,0,358,207,151,20020,8312,11708,260,119,141,0,10.95890411
adacdbe0e6965d0235a8aa04b9f6a44f1ba6face,3,46,41,5,0,0,0,1,2,86,1,2,0.950168986,350,0,0,39,37,2,1723,1709,14,26,25,1,0,100
c6b0be44c4944763464e69ef50081f967ce7141e,1,1,1,0,0,0,0,2,3,0,1,1,0,103,1,1,6,6,0,223,223,0,5,5,0,0,100
08f779f0de6839f63af1443d7070da730db9a3b4,62,1616,3508,1892,25,37,62,0,20,23,2,8,5.579068219,3508,13,2,227,360,133,9156,20034,10878,128,261,133,0,10.95890411
af2a1fc8e29aadcd12c6521261964ceb5485c0d6,2,6,4,2,0,0,0,2,6,14,1,1,1,259,14,3,36,36,0,1523,1513,10,29,29,0,0,100
cb5e958745344849a6f4689963c5de08c5bc2386,62,3508,1618,1890,37,25,62,1,7,56,2,8,5.578960052,1618,68,0,360,227,133,20034,9166,10868,261,128,133,0,10.95890411
78a0a998c29113f6708cabb1f17bb67b0255ac2c,1,31,30,1,0,0,0,2,3,454,1,1,0,149,69,1,15,15,0,1045,1033,12,12,12,0,0,100
860a43b444f72bd90f3d24090907874330995bb2,62,1619,3509,1890,25,37,62,0,20,14,2,8,5.578737887,3509,15,2,227,360,133,9182,20046,10864,128,261,133,0,10.95890411
7ed3d7c5317f78facdad2ca53b695205261ca777,0,0,0,0,0,0,0,0,0,0,0,0,0,0,16,3,0,0,0,0,0,0,0,0,0,0,100
2aaada7ff0db344335642eabd0da52751a17717a,62,3514,1619,1895,37,25,62,2,7,67,2,8,5.578805464,1619,2,0,362,227,135,20080,9182,10898,261,128,133,0,10.95890411
76d788cd08265ba22b17632aa0629c34a86baefd,62,1618,3514,1896,25,37,62,0,20,14,2,8,5.578933776,3514,17,2,228,362,134,9184,20080,10896,128,261,133,0,10.95890411
ddc3e8eefc881e5809c0f0d9a4b61a60af432024,0,0,0,0,0,0,0,0,0,0,0,0,0,0,18,3,0,0,0,0,0,0,0,0,0,0,100
2d78e680070a5b3181bf08926c32dca105343af4,3,31,3,28,0,0,0,2,10,52,1,1,1.547699168,430,76,0,65,65,0,3048,2784,264,37,37,0,0,100
2cc81a171dba6c47c7c347a1bb1fd3898eb500fb,0,0,0,0,0,0,0,0,0,0,0,0,0,0,77,1,0,0,0,0,0,0,0,0,0,0,100
4bf2de58f0972b731600269cd419c1a3d1869458,1,18,0,18,1,0,1,1,1,0,1,1,0,0,78,2,2,0,2,71,0,71,2,0,2,0,90.83333333
47ce0ae97830380eb85db7ae97a7f7f3adbff820,1,2,0,2,0,0,0,2,2,2,1,1,0,18,19,2,4,2,2,89,71,18,2,2,0,0,100
8f8f48c75989ea1af3afeb8c0fe27b51b6080850,63,3509,1666,1843,37,26,63,1,7,63,2,8,5.59143348,1666,70,0,360,232,128,20046,9537,10509,261,130,131,0,9.722222222
e57bf89ab11c2ba6fae479133d78cc7471129495,2,7,2,5,0,0,0,2,3,154,1,1,0.918295834,252,71,1,27,25,2,1679,1645,34,19,19,0,0,100
205bc6339f7d59ca6533231e0c92a1ad295e05f0,63,1711,3514,1803,26,37,63,0,21,40,2,8,5.58497433,3514,20,0,234,362,128,9854,20080,10226,131,261,130,0,9.722222222
61be2a01feb81146d89071fbe292dcf396a70c47,0,0,0,0,0,0,0,0,0,0,0,0,0,0,21,1,0,0,0,0,0,0,0,0,0,0,100
d55df553aa3749107e0bd9938799375ecb2cec02,0,0,0,0,0,0,0,0,0,0,0,0,0,0,1,1,0,0,0,0,0,0,0,0,0,0,100
38bde87ed3e27ee5d5dfe1fdf5e25a4640472792,5,53,20,33,0,0,0,2,2,0,1,2,1.586865724,658,2,2,106,102,4,4521,4256,265,52,50,2,0,96.72131148
005cd8b348a27267e80a3c557c6a6ae25d3f33c2,24,226,179,47,6,1,7,1,3,0,1,4,3.976478374,1605,3,3,221,222,1,9929,9579,350,119,119,0,0,87.17948718
e20dcd1d5f3fa6d6e40ac0fe6a4f401930d0a93d,5,50,47,3,1,0,1,2,4,0,1,2,2.010037841,610,4,4,78,82,4,3777,3797,20,45,49,4,0,98.93617021
4024080de5ee9d131b766f870007b13d723ee3cc,20,227,245,18,1,3,4,1,5,3,1,4,3.963290442,1288,5,5,164,166,2,7214,7651,437,95,93,2,0,89.75903614
9abf90b4d924e9b74c4ead612e8819ebd24fca3b,2,175,16,159,1,0,1,1,5,0,1,2,0.709183269,119,6,6,26,13,13,1701,675,1026,20,6,14,0,97.24137931
f63b276ea3e99ff7257a31b68e1b7a364bf9f1ac,0,0,0,0,0,0,0,0,0,0,0,0,0,0,7,7,0,0,0,0,0,0,0,0,0,0,100
f8088920b71b4ab704ffc76f63dab74dc1e834cd,7,269,246,23,1,0,1,1,6,12,1,3,1.979473642,722,8,8,84,85,1,4607,4674,67,50,52,2,0,93.75
ddee8961af3d8618610320ee5793547879c91cfa,7,41,27,14,0,0,0,1,6,16,1,2,2.035394957,750,9,9,103,100,3,4768,4732,36,49,46,3,0,100
83f183becb4f6bd45822beac48d9b6425be7391b,0,0,0,0,0,0,0,0,0,0,0,0,0,0,10,0,0,0,0,0,0,0,0,0,0,0,100
20a1167dcded98fb53bdfceb79165c6e2d296e7f,0,0,0,0,0,0,0,0,0,0,0,0,0,0,11,1,0,0,0,0,0,0,0,0,0,0,100
90a82604f8a40fb33e05f5b4d2003198d4263555,0,0,0,0,0,0,0,0,0,0,0,0,0,0,12,2,0,0,0,0,0,0,0,0,0,0,100
28789106f0b3e6f3b5ef5767df2d6a0ca6ff02cb,0,0,0,0,0,0,0,0,0,0,0,0,0,0,13,3,0,0,0,0,0,0,0,0,0,0,100
3d058660c94d97b15e9700b615a82051b599be34,0,0,0,0,0,0,0,0,0,0,0,0,0,0,14,0,0,0,0,0,0,0,0,0,0,0,100
d3eda036ed839d344415dbaab471fef4472a8d9b,1,1,1,0,0,0,0,2,6,261,1,1,0,237,15,1,35,35,0,1490,1490,0,15,15,0,0,100
572a57702dfbe8918b74247a71f5922ebbde7901,13,151,124,27,1,1,2,1,7,228,1,2,3.087089449,1192,16,2,158,155,3,7007,6955,52,81,81,0,0,90.78014184
d0d7acb26aee4b1f691ea3c8bdf4cc9e220f693f,2,4,5,1,0,0,0,2,5,10,1,1,0.764204507,146,17,3,21,21,0,756,751,5,10,10,0,0,100
e7b4c09b6859e6b866d8b45b948c7d69b1cc0ceb,69,3514,1998,1516,37,32,69,2,7,73,2,9,5.669377196,1998,3,0,362,249,113,20080,11064,9016,261,146,115,0,8.974358974
e3450917b100ee46ad5ff334e815fbb015686ccb,0,0,0,0,0,0,0,0,0,0,0,0,0,0,4,1,0,0,0,0,0,0,0,0,0,0,100
0b7acda1df88301c77f212673789a55d3c445ad2,1,3,1,2,0,0,0,1,3,4,1,1,0,117,5,2,17,17,0,511,493,18,9,9,0,0,100
f26f5974437c32510bde0fdf5dcdc053b42be1f6,0,0,0,0,0,0,0,0,0,0,0,0,0,0,6,3,0,0,0,0,0,0,0,0,0,0,100
ab44424d85054e6873d94d2094c2dacfdbbac9b6,0,0,0,0,0,0,0,0,0,0,0,0,0,0,7,4,0,0,0,0,0,0,0,0,0,0,100
84b2eba70a0c9c6d5a790c0686d0e835bbad8641,0,0,0,0,0,0,0,0,0,0,0,0,0,0,8,5,0,0,0,0,0,0,0,0,0,0,100
84cb0355e6827f967784d02ce85f1ba373932d4c,0,0,0,0,0,0,0,0,0,0,0,0,0,0,9,6,0,0,0,0,0,0,0,0,0,0,100
a9cb8cbfbe751ddda233c67aea26bd7c52dee062,0,0,0,0,0,0,0,0,0,0,0,0,0,0,10,7,0,0,0,0,0,0,0,0,0,0,100
cfaf58a4512cc80dde84f7c15e783ebbe5e584f2,0,0,0,0,0,0,0,0,0,0,0,0,0,0,11,8,0,0,0,0,0,0,0,0,0,0,100
5a92564e0f47cc411117c892e51866b5547f1266,0,0,0,0,0,0,0,0,0,0,0,0,0,0,12,9,0,0,0,0,0,0,0,0,0,0,100
f64b52acaa9b758acd1c400b142e5c229585d9b5,0,0,0,0,0,0,0,0,0,0,0,0,0,0,13,10,0,0,0,0,0,0,0,0,0,0,100
b9c57eb9ac20cbb44af0c4fd64c8de3f219bf3c3,0,0,0,0,0,0,0,0,0,0,0,0,0,0,14,11,0,0,0,0,0,0,0,0,0,0,100
2ace708d42984057f1f29ac3a300ac296b4b7edb,1,2,2,0,0,0,0,1,2,783,1,1,0,95,15,12,11,11,0,424,424,0,8,8,0,0,100
8e1e3cc1ced2e785c2ce47fd8708dcf2c5a2e8ec,1,1,1,0,0,0,0,1,2,783,1,1,0,126,16,13,13,13,0,631,631,0,10,10,0,0,100
4c714d03035fd6075392bd0df7577c68d993a366,2,47,3,44,0,0,0,1,2,782,2,1,0.634309555,299,17,14,46,41,5,1981,1768,213,29,28,1,0,100
3b2db7cfa11d9daf6e326202f3909d9d104f95dd,0,0,0,0,0,0,0,0,0,0,0,0,0,0,18,15,0,0,0,0,0,0,0,0,0,0,100
a51c8247e3f358788efc8fb3ed7104b7b7cb21c4,35,2436,2535,99,0,0,0,2,8,917,2,6,4.743756573,3418,19,16,367,367,0,20008,20311,303,262,262,0,0,100
6d56eae9f0707462bdb3502b19debaceb4e7f266,2,43,2,41,0,0,0,1,4,0,2,1,0.956457405,330,20,17,52,46,6,2307,1981,326,32,29,3,0,100
eca746003408107dcfff4846f6bde55e33ffacc8,1,4,0,4,0,0,0,1,5,0,1,1,0,110,21,18,22,21,1,466,445,21,14,13,1,0,100
fa424aefbed93f5dbddc9ab38b2c5ddc85c592a0,0,0,0,0,0,0,0,0,0,0,0,0,0,0,22,19,0,0,0,0,0,0,0,0,0,0,100
d596aaf2c14064a39865c177aea9bbeca20d2493,1,1,0,1,0,0,0,1,3,0,1,1,0,41,23,20,5,5,0,162,152,10,5,5,0,0,100
d5ec8f40206cc58dd0c5ecf4355a18f637abde22,1,1,1,0,0,0,0,1,5,0,1,1,0,118,24,21,17,17,0,511,511,0,9,9,0,0,100
8b4012082975fd7b31505ebafbcb9404c55369ae,1,1,1,0,0,0,0,2,5,0,1,1,0,102,25,22,6,6,0,223,223,0,5,5,0,0,100
1a19f3ddaca0d2ab2c388d70d03d7ebd63590879,492,60032,3507,56525,455,37,492,0,16,2,4,59,6.83752762,3507,0,0,10795,374,10421,329571,20365,309206,5270,266,5004,0,6.932409012
a7918f8ef91b82b5b8fd91c91b36378a6c99caad,5,20,12,8,0,0,0,2,3,15,1,4,2.033608962,491,1,1,77,77,0,2674,2602,72,37,37,0,0,99.43872778
3701bfcbe3ed90e1ddf73605a0e5cd0bf4f0dbd4,6,44,2,42,0,0,0,1,2,18,1,1,2.401324805,300,2,2,57,57,0,1654,1654,0,44,44,0,0,100
3219a4f05f938f4ce5bdbb9f006e49cbec5ee89f,12,486,379,107,2,2,4,2,17,11,1,5,3.412737789,1707,3,3,159,159,0,6716,6708,8,106,107,1,0,99.53249182
ee0678c7f8bed531a8514166c7254a2190f3c4a9,0,0,0,0,0,0,0,0,0,0,0,0,0,0,3,3,0,0,0,0,0,0,0,0,0,0,100
06aad3f99d82bcc29c4a827e892d48aaf25e2fd6,0,0,0,0,0,0,0,0,0,0,0,0,0,0,5,5,0,0,0,0,0,0,0,0,0,0,100
18c0ce778bb252e1f8b266d3d3b0a568d283257f,3,25,2,23,0,0,0,2,19,284,2,2,1.544849189,1254,6,6,70,68,2,4442,4310,132,48,48,0,0,100
52948f56511a57cd273431b794819ddc9a343bee,1,1,1,0,0,0,0,1,4,2,1,1,0,23,7,7,4,4,0,68,68,0,4,4,0,0,100
63afb94cd0d8aa769898ba80ed2b020a6379b52f,4,24,2,22,0,0,0,2,5,0,1,3,1.89049164,557,8,8,94,88,6,2929,2824,105,48,46,2,0,100
32b371857ddec5669f65fa779f6a0b098c1cb0a1,1,7,1,6,0,0,0,1,5,0,1,1,0,158,9,9,23,23,0,987,947,40,10,10,0,0,100
5699373be3842310171aa9b51059d94c03dca82a,1,2,2,0,0,0,0,2,6,0,1,1,0,205,10,10,32,31,1,1053,1043,10,10,10,0,0,100
16ba0c7fbba5b49ed4054f7aba7fc7e15e144c77,0,0,0,0,0,0,0,0,0,0,0,0,0,0,11,11,0,0,0,0,0,0,0,0,0,0,100
dfbd045966a9a909aaa0e7e31eac59639a86c3c9,1,61,61,0,0,0,0,8,20,3,1,1,0,953,12,12,35,35,0,2842,2842,0,32,32,0,0,100
84360dd32c77b050e28bf4c8f3483ce393027c5e,1,4,1,3,0,0,0,3,15,51,1,1,0,204,13,0,25,24,1,1003,981,22,9,9,0,0,100
80304231ff550f74b99a88684b23031208bec919,2,17,0,17,0,0,0,3,24,30,1,2,0.873981048,1158,14,1,68,67,1,3977,3895,82,42,42,0,0,100
5ba093862560aa3ca2cff002e2e38e1e37753670,1,2,0,2,0,0,0,2,6,120,1,1,0,111,15,2,20,20,0,599,587,12,10,10,0,0,100
8cde5508b5e4828982aa4f1ff2e70ba6fd10f4b9,3,27,28,1,0,0,0,2,10,72,1,3,1.430149521,454,16,2,72,71,1,2377,2345,32,30,30,0,0,100
8012cd7a4a8665469ccd4e89c4b7013f52007021,492,3507,60261,56754,37,455,492,2,8,51,4,59,6.846857185,60261,0,0,374,10807,10433,20365,330086,309721,266,5271,5005,0,6.926406926
7a688ae33a31fd982219259981cd2596e9925bfd,0,0,0,0,0,0,0,0,0,0,0,0,0,0,26,0,0,0,0,0,0,0,0,0,0,0,100
4c403845b55c38b2573455efbe519c45a0f0c045,0,0,0,0,0,0,0,0,0,0,0,0,0,0,27,1,0,0,0,0,0,0,0,0,0,0,100
1bcefbbfc960353ec6713adb2f3342e4a92a31bb,0,0,0,0,0,0,0,0,0,0,0,0,0,0,28,2,0,0,0,0,0,0,0,0,0,0,100
b77057c5d0aa9e47469c86da7c01f4aba3bd5f43,69,1998,3507,1509,32,37,69,0,7,31,2,9,5.658858599,3507,18,0,249,374,125,11064,20365,9301,146,266,120,0,8.974358974
74f01ec64eef63181e8d6b92a08295a279e76158,69,3507,1998,1509,37,32,69,2,8,462,2,9,5.658858599,1998,29,3,374,249,125,20365,11064,9301,266,146,120,0,8.974358974
651ccfe07b542fd0b2c8c9a518fb6c1cd173bd9d,6,161,6,155,0,0,0,1,6,300,2,2,1.864866918,809,30,4,121,104,17,5690,4795,895,83,73,10,0,97.63313609
8364b51c0a053e1b06229144d074f1af80e21927,0,0,0,0,0,0,0,0,0,0,0,0,0,0,31,5,0,0,0,0,0,0,0,0,0,0,100
e7f7feac92b4ae7045b5d1c0c8cc75bb842cc20b,69,1998,3662,1664,32,37,69,0,7,31,2,9,5.633946485,3662,19,0,249,391,142,11064,21260,10196,146,276,130,0,9.032258065
5da87f3382f75fae4dfe13f8af06896615f80291,0,0,0,0,0,0,0,0,0,0,0,0,0,0,20,1,0,0,0,0,0,0,0,0,0,0,100
a4c30ebbab9bc662877c8d063e6c89f5f78d7ad9,0,0,0,0,0,0,0,0,0,0,0,0,0,0,21,2,0,0,0,0,0,0,0,0,0,0,100
a440ecc05f7bae6b3cea6b6c9d0450a577b42d58,0,0,0,0,0,0,0,0,0,0,0,0,0,0,22,3,0,0,0,0,0,0,0,0,0,0,100
d35a6eee117ec401e5fea992200167ead9f764d7,0,0,0,0,0,0,0,0,0,0,0,0,0,0,23,4,0,0,0,0,0,0,0,0,0,0,100
e8f54d63094806a2a1364adb5e209ab2ca10f0f0,28,766,743,23,0,0,0,1,8,523,1,3,3.662517246,1938,24,5,244,244,0,10811,10810,1,142,142,0,0,100
da18bd858035c495edb41cc018fe706a3f7ef831,1,0,2,2,0,0,0,2,9,0,1,1,0,114,25,6,16,16,0,757,758,1,6,6,0,0,100
735b87f78459ec686017c538ef50d95a7db9584b,7,46,45,1,0,0,0,1,8,6,1,3,2.448238787,562,26,7,72,72,0,3154,3145,9,49,49,0,0,97.18309859
b5de86ed7f966018454fba667a42010f0f73f490,2,8,6,2,0,0,0,2,9,36,1,1,0.591672779,286,27,3,44,44,0,1725,1693,32,20,20,0,0,100
4b6e9bcf90f52b3eef4817ff30cb8792b4c3b8e0,0,0,0,0,0,0,0,0,0,0,0,0,0,0,28,4,0,0,0,0,0,0,0,0,0,0,100
6b29f8f0bf56b473bf06e2fc7a0f822e5c87d9bc,0,0,0,0,0,0,0,0,0,0,0,0,0,0,29,3,0,0,0,0,0,0,0,0,0,0,100
95c60dbbbc80165969bae6cbbd1926207720e59c,11,239,64,175,4,1,5,1,10,88,1,3,2.878563508,902,30,3,134,113,21,6408,5284,1124,66,53,13,0,89.33333333
80005ba3916e2a05c82649dd67f11b0f813c41b6,2,42,2,40,1,0,1,1,2,1,1,2,0.510787823,29,31,4,8,2,6,271,68,203,6,1,5,0,98.125
47387185b1c8b61b24c8c3be1675e4e4f2c670c6,485,67478,2237,65241,449,36,485,2,24,423,2,55,7.130706848,2237,44,1,10761,277,10484,328582,12459,316123,5225,165,5060,0,4.847396768
193301f2d4d8188b5cee04f4cf982636ea6c6ba6,0,0,0,0,0,0,0,0,0,0,0,0,0,0,45,2,0,0,0,0,0,0,0,0,0,0,100
c7c7087c4be7fff719e846910af1b18c48d01a38,0,0,0,0,0,0,0,0,0,0,0,0,0,0,46,3,0,0,0,0,0,0,0,0,0,0,100
6d1ad6a6a3835294a564ab63b1d6399ee7843e18,0,0,0,0,0,0,0,0,0,0,0,0,0,0,47,4,0,0,0,0,0,0,0,0,0,0,100
c970225dc43721e1a7827408df7542aed94e11cb,2,19,3,16,0,0,0,3,25,14,1,1,0.773226674,1119,48,5,58,55,3,3406,3342,64,36,35,1,0,100
2fb66fa3be27f3495fbbe78831565a1edce12af1,0,0,0,0,0,0,0,0,0,0,0,0,0,0,49,6,0,0,0,0,0,0,0,0,0,0,100
5b764cd9138dd93e7382e3472b9d3d33d4b286a3,485,2242,67494,65252,36,449,485,0,11,10,2,55,7.131304292,67494,32,5,278,10764,10486,12482,328646,316164,166,5226,5060,0,4.847396768
f789091534be95c103890be6539bbfc5faf69b37,1,20,0,20,0,0,0,1,2,20,1,1,0,90,33,6,11,9,2,798,634,164,11,9,2,0,100
0a6203acc6a2765049af6913b8deb070fb63a244,1,26,0,26,0,0,0,2,5,82,1,1,0,67,0,0,16,7,9,460,325,135,8,6,2,0,100
48f6840273e369000421675dfb90141c0e3ac270,0,0,0,0,0,0,0,0,0,0,0,0,0,0,34,2,0,0,0,0,0,0,0,0,0,0,100
aabcd5846010ff0bc5832520bf8f59e9879728cc,2,21,22,1,0,0,0,2,6,54,1,2,0.968164732,149,35,3,26,27,1,752,742,10,15,15,0,0,100
e9357eca4881704c398acbe60dda228ad4c7beec,0,0,0,0,0,0,0,0,0,0,0,0,0,0,36,2,0,0,0,0,0,0,0,0,0,0,100
1b13ca2281f4aafac92e471167ef0e7c3dccb030,485,67488,2287,65201,449,36,485,3,24,374,2,55,7.132798866,2287,0,0,10763,288,10475,328656,12791,315865,5225,170,5055,1,4.847396768
9368ac447aeb473f926302137dbcdf914d06cd32,1,2,12,10,0,0,0,2,3,144,1,1,0,142,0,0,22,24,2,786,860,74,9,9,0,0,100
486ecc8cd5b5a1bab3eb626799621985e6d9ab57,1,72,0,72,1,0,1,1,1,0,1,1,0,0,13,0,8,0,8,314,0,314,4,0,4,1,99.9032882
a63c0d976aabbb4ff9692ab25aa70aa216a0b0d7,1,11,15,4,0,0,0,4,6,35,1,1,0,415,13,0,80,81,1,2567,2584,17,34,34,0,1,100
c5e7c5b92b55e5f9854e411b663944f171384b4d,1,17,12,5,0,0,0,4,6,35,1,1,0,411,13,0,81,80,1,2599,2567,32,34,34,0,1,100
37aa116d7aba38c7600b669589bc9458e328bb4a,486,2287,67551,65264,36,450,486,0,11,10,3,56,7.136898199,67551,37,3,288,10769,10481,12791,328911,316120,170,5229,5059,0,4.838709677
312408a5c2d22bc2a1578d940c92417e05f94412,0,0,0,0,0,0,0,0,0,0,0,0,0,0,38,4,0,0,0,0,0,0,0,0,0,0,100
9fe14b405da30638be348fd3fdbc639e6a7376e9,486,67550,2287,65263,450,36,486,2,24,374,3,56,7.136894531,2287,107,25,10769,288,10481,328896,12791,316105,5229,170,5059,0,4.838709677
b6b1f1d8fb5a56cf14c44ff46aa513e0fa4e99ab,486,2288,67550,65262,36,450,486,0,11,10,3,56,7.13695084,67550,0,0,288,10769,10481,12803,328896,316093,170,5229,5059,0,4.838709677
fe1a9da07d7d075a9db768d5fa332f1d24bc3a37,486,67550,2288,65262,450,36,486,2,24,374,3,56,7.13695084,2288,108,8,10769,288,10481,328896,12803,316093,5229,170,5059,0,4.838709677
254ec135b9a67b1e7bc8e979356274aee2e7d715,0,0,0,0,0,0,0,0,0,0,0,0,0,0,109,9,0,0,0,0,0,0,0,0,0,0,100
db61558bb480dd6f39eaa3e6235d9f0c193f3a6a,0,0,0,0,0,0,0,0,0,0,0,0,0,0,42,0,0,0,0,0,0,0,0,0,0,0,100
021094131c13909bd9195cb3e3b9c9775ee2fcf5,2,10,1,9,0,0,0,4,25,86,1,1,0.994030211,1150,0,0,56,56,0,3713,3672,41,38,38,0,1,100
0108765688e64fa7c039e9478b303c118882d972,2,1,10,9,0,0,0,3,24,87,1,1,0.994030211,1159,8,0,56,56,0,3672,3713,41,38,38,0,1,100
47dba860094bbe381e0bd231a43e2501a98a855b,1,11,0,11,0,0,0,3,3,206,1,1,0,266,0,0,27,26,1,1060,1000,60,21,20,1,1,100
2a0757ace47466e4ce13f670e977128c546c0349,486,2288,67561,65273,36,450,486,0,11,10,3,56,7.137087878,67561,1,1,288,10770,10482,12803,328956,316153,170,5230,5060,0,4.838709677
d2a0bcd99e806922fb6443d2764f8c3ceb52aca1,486,67550,2288,65262,450,36,486,2,24,374,3,56,7.13695084,2288,43,1,10769,288,10481,328896,12803,316093,5229,170,5059,0,4.838709677
15c489018c0cc7a32cc8e5c157232da4d1e26f2d,0,0,0,0,0,0,0,0,0,0,0,0,0,0,8,0,0,0,0,0,0,0,0,0,0,1,100
71119ce131a1c618759231ed9d4aca0468ff4055,486,2288,67550,65262,36,450,486,0,11,10,3,56,7.13695084,67550,39,2,288,10769,10481,12803,328896,316093,170,5229,5059,0,4.838709677
f8afa99c3036918291c694163e81fd4f22e0460b,1,2,2,0,0,0,0,2,7,117,1,1,0,173,40,3,23,23,0,966,962,4,10,10,0,0,100
7ed8879a1fdb27df6848bf2921f8cef89408f2ef,486,67550,2288,65262,450,36,486,2,24,374,3,56,7.13695084,2288,9,1,10769,288,10481,328896,12807,316089,5229,170,5059,1,4.838709677
4de85c8e7f6f4244be9eb688c6a4576a9c88c2a1,490,2461,67550,65089,40,450,490,0,12,11,3,56,7.146601225,67550,41,2,312,10769,10457,13886,328896,315010,187,5229,5042,0,4.977777778
bd0cc453a5d7389eb2a92bacef46c13b436a0316,1,18,13,5,0,0,0,1,4,0,1,1,0,176,42,3,21,22,1,1367,1264,103,18,19,1,0,100
c695c1b06cd1f44fbbe1181a41a6c4ffe2186e01,1,8,3,5,0,0,0,2,4,3,1,1,0,182,2,2,31,30,1,1331,1268,63,9,9,0,0,100
80ab3625e9802fbd8bff16c706fc788cf7aed17c,490,67553,2471,65082,450,40,490,2,24,373,3,56,7.146824591,2471,110,2,10770,312,10458,328917,14052,314865,5230,186,5044,1,4.977777778
f573001db106d6b8d6af2167bb2b88f38a3738e5,490,2466,67553,65087,40,450,490,0,12,11,3,56,7.1467231,67553,43,4,311,10770,10459,13989,328917,314928,186,5230,5044,0,4.977777778
118cec43b19eec2ed1d66f6dd0aac7209edfde96,2,242,0,242,2,0,2,1,1,0,1,2,0.878239026,0,44,5,18,0,18,1527,0,1527,15,0,15,0,97.2826087
09ae97303d3faa0b4b837a3bbe18b996854d2733,1,8,3,5,0,0,0,2,4,3,1,1,0,182,45,6,31,30,1,1331,1268,63,9,9,0,0,100
6c82685c274c57576d45ab4d4b05ce03a3d2223b,492,67546,2713,64833,450,42,492,2,24,374,3,58,7.158342554,2713,14,0,10768,330,10438,328879,15579,313300,5229,201,5028,0,4.960141718
70174deaa758fc1e3f3a881445e8750ae7218b3d,2,19,12,7,0,0,0,3,6,90,1,2,0.637387499,580,1,1,102,101,1,3388,3361,27,40,40,0,0,100
bb8562f4f19dd04cbc941a4c32ed4cdb392f17a0,1,0,1,1,0,0,0,4,7,0,1,1,0,172,2,2,21,21,0,804,804,0,6,6,0,0,100
d9d637eab5f3761a4768fc960b2574d45962b466,2,5,7,2,0,0,0,2,4,170,1,2,0.918295834,392,0,0,45,45,0,1787,1797,10,15,15,0,0,100
d68cd231a8d365a4ec3b7f873cbbf36d59951630,4,20,24,4,0,0,0,3,7,148,1,4,1.186704346,910,15,1,146,147,1,5017,5034,17,63,63,0,1,100
286cae3815ae6888e463e75442f501d6e25f6dbb,4,24,20,4,0,0,0,2,5,445,1,4,1.186704346,906,110,0,147,146,1,5034,5017,17,63,63,0,0,100
8ab7806bcf384d0c2a1db54a2f5cd6aa27850201,0,0,0,0,0,0,0,0,0,0,0,0,0,0,111,1,0,0,0,0,0,0,0,0,0,1,100
3aa6d7b95ef3cacccfacc02f0f35d1074780e2f1,0,0,0,0,0,0,0,0,0,0,0,0,0,0,112,2,0,0,0,0,0,0,0,0,0,0,100
f1d7fca7ff1c68c184539e39502f579c9ef6dc39,37,3662,0,3662,37,0,37,1,1,0,1,8,4.889867798,0,114,3,391,0,391,21260,0,21260,276,0,276,0,90.20683833
8a2760d71d050093086f4ed5de28857d62ea263e,0,0,0,0,0,0,0,0,0,0,0,0,0,0,115,4,0,0,0,0,0,0,0,0,0,0,100
a99d9c11be005ade7c308bebdda71c7fb0111acc,37,629,0,629,0,0,0,1,2,0,1,8,5.209453366,3662,116,5,391,391,0,21260,21260,0,276,276,0,0,100
651df24374b0b5de45e0a65155fba02af95cf020,0,0,0,0,0,0,0,0,0,0,0,0,0,0,117,6,0,0,0,0,0,0,0,0,0,0,100
50408bfc1c193356a66f50f9ce9aeb7786031f4b,38,4,4295,4291,0,37,37,1,2,0,2,9,4.990002097,4512,9,0,24,415,391,993,22253,21260,9,285,276,0,90.20683833
017d73f20d78f61761150950e0e1df6da640499a,1,4,4,0,0,0,0,2,3,231,1,1,0,221,0,0,24,24,0,993,993,0,9,9,0,0,100
2787660e462f1136db8b2317b7f1c0619a59a98c,0,0,0,0,0,0,0,0,0,0,0,0,0,0,44,0,0,0,0,0,0,0,0,0,0,0,100
b25eeedffb5e9553e8d052a5da47c212fcf53a89,0,0,0,0,0,0,0,0,0,0,0,0,0,0,113,3,0,0,0,0,0,0,0,0,0,0,100
b7b3d8a358389eff376fc50bd791fbb3d1fc413a,1,11,15,4,0,0,0,4,6,35,1,1,0,415,113,3,80,81,1,2567,2584,17,34,34,0,0,100
da8489a5cc87c99d132755c08f0486136e908e49,0,0,0,0,0,0,0,0,0,0,0,0,0,0,114,4,0,0,0,0,0,0,0,0,0,0,100
9f613f100daf9517c841a754cd83c107bacf6f30,0,0,0,0,0,0,0,0,0,0,0,0,0,0,115,5,0,0,0,0,0,0,0,0,0,0,100
bb13ccedc0ca7443b46c3698ed864bbb19f00220,38,4306,11,4295,37,0,37,3,5,3,2,9,5.002799749,411,118,7,472,80,392,23844,2567,21277,310,34,276,0,90.20683833
82a754a520f3633903b90af7a03d8ee313ec0c46,0,0,0,0,0,0,0,0,0,0,0,0,0,0,119,8,0,0,0,0,0,0,0,0,0,0,100
1e6e080118d4d0681eca90ecaad01e7327ade0fe,0,0,0,0,0,0,0,0,0,0,0,0,0,0,120,9,0,0,0,0,0,0,0,0,0,0,100
a2be522877a5a86c0c4e0f3407b81e7f8e99c95d,38,11,4306,4295,0,37,37,4,6,0,2,9,5.002799749,4706,116,6,80,472,392,2567,23844,21277,34,310,276,0,90.20683833
69594018082333f6dc168a3e5e07ee2eb9a75c8f,3,39,2,37,1,0,1,3,4,194,1,2,1.262631576,271,1,1,43,36,7,1727,1496,231,28,26,2,0,98.6969112
9796b5270450cbb914ada62996dd631f92209f4e,491,2466,67583,65117,40,451,491,0,12,11,3,56,7.148220833,67583,1,0,311,10775,10464,13989,329110,315121,186,5231,5045,0,6.033717835
c62d2e115fd2fcbdb2f8030913ac8492ea59c302,0,0,0,0,0,0,0,0,0,0,0,0,0,0,2,1,0,0,0,0,0,0,0,0,0,0,100
e1b6fb4db4554ba4d8cacc1d1fcdea9eabfcaa17,3,250,3,247,2,0,2,1,4,1,1,3,1.098073389,182,3,2,49,30,19,2858,1268,1590,24,9,15,0,97.2826087
20d04da351324aa28387ad81aa8b33405bd83f4f,492,67548,2713,64835,450,42,492,2,26,374,3,58,7.158386183,2713,3,0,10768,330,10438,328889,15579,313310,5229,201,5028,0,4.960141718
84f04c3fea11ccb6844bdef7baf8e6f654637981,492,2709,67548,64839,42,450,492,0,12,11,3,58,7.15827432,67548,4,3,329,10768,10439,15562,328889,313327,201,5229,5028,0,4.960141718
77dddca73070c694016c7b682fffb4d113365966,529,71839,2709,69130,487,42,529,2,26,374,4,66,7.350558406,2709,125,7,11159,329,10830,350149,15562,334587,5505,201,5304,0,20.16806723
20b3496c258e356664604912df8df3711914dd95,0,0,0,0,0,0,0,0,0,0,0,0,0,0,126,8,0,0,0,0,0,0,0,0,0,0,100
d5dee0ef5f8ad403d1eff05f569c8e9b1e44508c,1,3,0,3,0,0,0,2,4,51,1,1,0,221,127,9,25,24,1,1008,993,15,9,9,0,1,100
28e65a82bfcd60f38c93115974f6a8653756f9b5,1,12,6,6,0,0,0,3,3,305,1,1,0,103,0,0,18,17,1,500,478,22,9,9,0,1,100
7e175e6a81e64048aae356430875ef9085754a97,2,6,25,19,0,0,0,2,27,388,1,2,0.981152234,1090,44,0,51,53,2,3318,3378,60,40,41,1,0,100
813952a8b1345586e53da62d1d65546c15d9e120,1,13,0,13,0,0,0,9,26,36,1,1,0,968,0,0,35,34,1,2878,2840,38,32,31,1,0,100
dbf8fafeceb6c6e77c91389e75424384d4909baa,0,0,0,0,0,0,0,0,0,0,0,0,0,0,32,0,0,0,0,0,0,0,0,0,0,0,100
be8a22b0541e0fe7d5dcbc4c83b17d3b92328e99,0,0,0,0,0,0,0,0,0,0,0,0,0,0,32,0,0,0,0,0,0,0,0,0,0,0,100
df687cb71ba174e408a6cf68011053ff18b16f71,0,0,0,0,0,0,0,0,0,0,0,0,0,0,1,1,0,0,0,0,0,0,0,0,0,0,100
2c636ba017a8b67eceb11a8b09caf081812752b0,0,0,0,0,0,0,0,0,0,0,0,0,0,0,2,2,0,0,0,0,0,0,0,0,0,0,100
c621a6c1b8a4f77aac5d48030eabfbb89851fe48,3,39,2,37,1,0,1,3,4,194,1,2,1.262631576,271,2,1,43,36,7,1727,1496,231,28,26,2,0,99.43988051
447fdb0b56757cd8d97d7c684f8a0b3b68639673,0,0,0,0,0,0,0,0,0,0,0,0,0,0,128,5,0,0,0,0,0,0,0,0,0,1,100
7567d1343583ce13b2e108c430690d29b55a8cfa,0,0,0,0,0,0,0,0,0,0,0,0,0,0,128,3,0,0,0,0,0,0,0,0,0,1,100
2f45866c8e011ac4804c940ff9e1d7c147591761,532,2923,71879,68956,44,488,532,0,12,11,4,66,7.360152517,71879,46,0,359,11167,10808,17060,350395,333335,222,5507,5285,0,21.15384615
9129536cd91ea2b54df5ba2a4eb524aa064c56a1,0,0,0,0,0,0,0,0,0,0,0,0,0,0,47,1,0,0,0,0,0,0,0,0,0,0,100
94c4d4d9e6c4ce736141668c585818214a9d26cf,532,71894,2923,68971,488,44,532,2,26,372,4,66,7.359848792,2923,15,0,11161,359,10802,350497,17060,333437,5505,222,5283,1,21.16838488
ae71186acdeb5a7efc19393d10cdde997f587773,5,170,185,15,0,0,0,1,4,22,1,1,1.730271119,731,15,0,84,78,6,2964,3066,102,36,34,2,1,99.85113509
93ca65457201948d6be1f994f5a046ea0fe477a1,532,2923,71879,68956,44,488,532,0,12,11,4,66,7.360152517,71879,48,2,359,11167,10808,17060,350395,333335,222,5507,5285,0,21.15384615
0d3b833d86687857ec8cbfb1e01041ffc8120798,532,71879,2923,68956,488,44,532,2,26,372,4,66,7.360152517,2923,0,0,11167,359,10808,350395,17060,333335,5507,222,5285,1,21.15384615
b30de82f88696c1fb6a8cc497ed3a6a65a1b023c,0,0,0,0,0,0,0,0,0,0,0,0,0,0,15,0,0,0,0,0,0,0,0,0,0,1,100
75800059a2d98a948939a81d47997590cb61ae00,1,33,11,22,0,0,0,2,3,90,1,1,0,122,0,0,10,0,10,577,0,577,8,0,8,0,99.5557201
aa064727d8b13d762c06509c185194b17edc40e7,1,10,6,4,0,0,0,2,3,90,1,1,0,54,1,1,1,0,1,212,0,212,1,0,1,0,95.37549407
98cfe93010ff069af2f7c607b11e6735060e2405,532,2930,71905,68975,44,488,532,0,12,11,4,66,7.36100165,71905,49,3,359,11178,10819,17099,351184,334085,222,5516,5294,0,9.805447471
9370c5ccaab437f2aa1c0f5fad55802aaa3b2b96,3,20,21,1,0,0,0,2,13,51,1,1,1.429468839,543,50,4,83,83,0,3603,3615,12,33,33,0,0,100
c8c04a6a6d9575f700d4c3db35927ddb5347a265,1,6,11,5,0,0,0,2,14,0,1,1,0,229,51,5,34,35,1,1404,1423,19,15,15,0,0,100
2c8d3c8927ae611b2c8c7000f8da85df22326b7b,532,71879,2924,68955,488,44,532,2,26,372,4,66,7.360208332,2924,16,1,11167,358,10809,350395,17068,333327,5507,222,5285,0,21.15384615
c02885673920bb60044714d2af08890df550622a,0,0,0,0,0,0,0,0,0,0,0,0,0,0,17,2,0,0,0,0,0,0,0,0,0,1,100
38ea0ca63651dcf535c4ac0b5bf4e48246e5236f,0,0,0,0,0,0,0,0,0,0,0,0,0,0,18,3,0,0,0,0,0,0,0,0,0,1,100
1e23111f925d62f4f14e66293780ab3832f5165d,0,0,0,0,0,0,0,0,0,0,0,0,0,0,0,0,0,0,0,0,0,0,0,0,0,0,100
adab172a7d5621eb4497f9ec511f43c04991b2e3,532,2924,71879,68955,44,488,532,0,14,11,4,66,7.360208332,71879,4,0,358,11167,10809,17068,350395,333327,222,5507,5285,0,21.15384615
8fafbad96bce19a3f11add249d613f9009f9cf17,1,7,11,4,0,0,0,3,9,249,1,1,0,128,6,1,14,15,1,685,702,17,8,8,0,0,100
7d1bf2a923f8416197f81b467d40f959b2f4f997,532,71879,0,71879,488,0,488,2,26,372,4,66,7.215089506,2920,136,2,11524,357,11167,367446,17051,350395,5729,222,5507,0,21.26328956
4fbbf72795951df10f4a82c0f0f019dd51cc1081,44,0,2920,2920,0,44,44,0,0,0,1,5,4.836788386,2920,20,5,0,357,357,0,17051,17051,0,222,222,1,94.98410456
bde4f880dc69ad481531a8ed9670e102640f128b,0,0,0,0,0,0,0,0,0,0,0,0,0,0,21,6,0,0,0,0,0,0,0,0,0,1,100
a72aafae503c8314b26330e0d4f440fb4632a483,44,2925,0,2925,44,0,44,1,2,0,1,5,4.838296542,0,137,3,358,0,358,17074,0,17074,222,0,222,0,94.98410456
859a2e81be8f61720fc2965acef5f73f1449a7bb,3,14,10,4,0,0,0,1,2,0,1,1,1.040852083,566,138,4,86,85,1,3687,3664,23,35,35,0,0,100
3270dd2a83f5b78d51f23ae1b8b6e3951c60b2c0,0,0,0,0,0,0,0,0,0,0,0,0,0,0,139,5,0,0,0,0,0,0,0,0,0,0,100
72dbbee75fe2524ac4ffc2da6f5166483af7ad32,36,615,24,591,0,0,0,1,3,0,1,3,5.163733884,2097,140,6,274,274,0,11592,11592,0,150,150,0,0,100
fd82382b54c181718f9966f75dd776c8f445cadc,44,0,3520,3520,0,44,44,0,0,0,1,5,5.05200141,3520,130,0,0,359,359,0,17097,17097,0,222,222,1,94.98410456
979fc28d2f35dd701b8a72ee805fbdc9b902262a,0,0,0,0,0,0,0,0,0,0,0,0,0,0,131,1,0,0,0,0,0,0,0,0,0,0,100
7832ae00f04c80ec24e90c3911ee12d32fb8e4e5,0,0,0,0,0,0,0,0,0,0,0,0,0,0,132,2,0,0,0,0,0,0,0,0,0,0,100
eb3ecb37a3a6b5335a01a3a57b5943f6cfa51137,0,0,0,0,0,0,0,0,0,0,0,0,0,0,132,2,0,0,0,0,0,0,0,0,0,1,100
23f667067c65488a5df4d83ac0b10d9cd3066325,1,12,6,6,0,0,0,3,3,305,1,1,0,103,133,3,18,17,1,500,478,22,9,9,0,0,100
89e2fbbdb187e7f8bdbd75a5710aa3c61ceb4632,0,0,0,0,0,0,0,0,0,0,0,0,0,0,134,4,0,0,0,0,0,0,0,0,0,0,100
6f0f30c5f7147c65c534b5161804626d94596b5e,0,0,0,0,0,0,0,0,0,0,0,0,0,0,135,5,0,0,0,0,0,0,0,0,0,0,100
1fc5c42237482c003b08faf579e727dd00c255a8,0,0,0,0,0,0,0,0,0,0,0,0,0,0,136,6,0,0,0,0,0,0,0,0,0,0,100
253eac7fbbe8ba243ec0d386d52de260587bd2e0,0,0,0,0,0,0,0,0,0,0,0,0,0,0,137,7,0,0,0,0,0,0,0,0,0,0,100
3cf3f55e41b65d00ff5b5e3231e519b9cfc2c012,0,0,0,0,0,0,0,0,0,0,0,0,0,0,138,8,0,0,0,0,0,0,0,0,0,0,100
4375bd758ec7a5c461aff34a040b6dc03a745974,0,0,0,0,0,0,0,0,0,0,0,0,0,0,0,0,0,0,0,0,0,0,0,0,0,1,100
fe579beb7c384abcee9ccff98d91451025de7d6f,0,0,0,0,0,0,0,0,0,0,0,0,0,0,0,0,0,0,0,0,0,0,0,0,0,1,100
2cd8f99ead495eda22e37953d140d1d3140c5430,0,0,0,0,0,0,0,0,0,0,0,0,0,0,81,0,0,0,0,0,0,0,0,0,0,0,100
9da324e12ff12dec97490197063ff35f6935ca93,1,8,1,7,0,0,0,5,7,185,1,1,0,411,44,0,80,80,0,2595,2567,28,34,34,0,0,100
8a9c635f9ffe478f5937ba125201adbf8cb72162,45,29,4443,4414,0,39,39,2,5,48,3,14,5.122064034,5593,1,0,179,586,407,6345,28208,21863,84,366,282,0,89.81909971
de46f7136f07d78946c7c5d16098dd56712ac8d4,45,4435,28,4407,39,0,39,3,7,19,3,14,5.117874146,1179,22,7,586,179,407,28180,6345,21835,366,84,282,1,89.81909971
6c1af3e5b0f78c8d947a731b4609afaff955950c,0,0,0,0,0,0,0,0,0,0,0,0,0,0,23,8,0,0,0,0,0,0,0,0,0,1,100
01389288fecbe13b00cebbfb3e68093f19717766,1,8,1,7,0,0,0,5,7,185,1,1,0,411,139,9,80,80,0,2595,2567,28,34,34,0,0,100
1be3d0f65e4fcb604b14c11a3261aa0cf109ef71,0,0,0,0,0,0,0,0,0,0,0,0,0,0,140,10,0,0,0,0,0,0,0,0,0,1,100
3e7abfc0b0b260c6ac320ac9eca7f5208f0e4973,5,185,170,15,0,0,0,2,5,259,1,1,1.730271119,716,141,11,78,84,6,3066,2964,102,34,36,2,0,99.85113509
1a0b46e95ab4ac467525314a75819a75dec92c40,0,0,0,0,0,0,0,0,0,0,0,0,0,0,142,12,0,0,0,0,0,0,0,0,0,1,100
c4ff804c30b331be0af032f01d1b2819d62c7dc2,6,179,185,6,0,0,0,1,8,40,1,2,1.854696347,902,0,0,107,99,8,3834,3870,36,42,40,2,1,99.85113509
bf557f892702551f33733b95c29c431df5c9816c,8,204,182,22,0,0,0,2,25,162,1,2,2.108456292,2015,51,1,157,162,5,7276,7176,100,76,77,1,0,99.85113509
061acf1740d66edd2b90a62635d558a634450c64,0,0,0,0,0,0,0,0,0,0,0,0,0,0,52,2,0,0,0,0,0,0,0,0,0,0,100
3a037463569e81a43b399e4de9ae43f0b5749eff,2,3,19,16,0,0,0,3,26,64,1,1,0.773226674,1135,0,0,55,58,3,3342,3406,64,35,36,1,0,100
442d8e75103f425d211a022184621072326925f0,7,182,186,4,0,0,0,6,9,19,1,3,1.917114613,1320,1,1,186,179,7,6422,6465,43,76,74,2,1,99.85113509
bd4ee0e7c606654624c698328b53633489429b37,2,2,20,18,0,0,0,4,7,17,1,2,0.574635698,600,0,0,101,102,1,3371,3458,87,40,40,0,1,100
a0e2aa6e37ddfd1174c3430499de2b18b34052c5,2,21,3,18,0,0,0,6,9,8,1,2,0.543564443,582,2,2,102,101,1,3452,3371,81,40,40,0,1,100
b81ba5ee75627312719c713b6c3030b237b342d2,2,25,21,4,0,0,0,6,10,1,1,2,0.994538682,600,3,3,102,102,0,3480,3452,28,40,40,0,1,100
6cc9bfe1c16f668cf8d89ff249136420965e6a51,7,205,205,0,0,0,0,5,7,211,1,3,2.199437076,1320,25,7,179,186,7,6465,6444,21,74,76,2,1,99.85113509
a1871e5557e8770d5be73691ebdca75a83cb993d,0,0,0,0,0,0,0,0,0,0,0,0,0,0,0,0,0,0,0,0,0,0,0,0,0,0,100
3569e2265cebb4c6f48291c5cb57163aba98e4da,0,0,0,0,0,0,0,0,0,0,0,0,0,0,0,0,0,0,0,0,0,0,0,0,0,0,100
0877e1530eedf4f2cbf03142e32ed773b52ed4bd,0,0,0,0,0,0,0,0,0,0,0,0,0,0,1,1,0,0,0,0,0,0,0,0,0,0,100
ae728f81a3f480cc0f02209f5ed1309204a590f0,51,3697,205,3492,44,0,44,4,6,14,2,7,5.219560426,1258,141,7,540,176,364,23106,6161,16945,301,77,224,0,95.05300353
98265c75aae72f535eb2beb9b97b68db44adb0ab,7,205,177,28,0,0,0,5,7,254,1,2,2.0413387,1230,156,21,176,181,5,6161,6009,152,77,79,2,0,99.83125211
c4ea0caeef0a0923920c3065de997f04240318b7,0,0,0,0,0,0,0,0,0,0,0,0,0,0,157,22,0,0,0,0,0,0,0,0,0,1,100
5eeb74f78b03d1d1076bb3c5871481056a5edf7f,44,0,3520,3520,0,44,44,0,0,0,1,5,5.05200141,3520,0,0,0,359,359,0,17097,17097,0,222,222,1,95.21106775
81704e310eb5e54135fd622281c4c0ebd7df663f,44,3520,0,3520,44,0,44,1,3,0,1,5,5.05200141,0,26,5,359,0,359,17097,0,17097,222,0,222,0,95.21106775
8f394953426af6eb827efb2c94b8d786c599a2ca,0,0,0,0,0,0,0,0,0,0,0,0,0,0,27,6,0,0,0,0,0,0,0,0,0,1,100
f6daf072fd644247090f44e6d054a934974e901a,0,0,0,0,0,0,0,0,0,0,0,0,0,0,158,23,0,0,0,0,0,0,0,0,0,0,100
02b3efd71c453fd50ee4b95bf490753301ece101,2,19,3,16,0,0,0,3,25,14,1,1,0.773226674,1119,28,7,58,55,3,3406,3342,64,36,35,1,1,100
93612f5659b3f2ef176f9f46f470a081cdbaf239,0,0,0,0,0,0,0,0,0,0,0,0,0,0,29,8,0,0,0,0,0,0,0,0,0,1,100
3b518d11ff2909d11821bd1f78043a19129cf275,2,33,18,15,0,0,0,6,10,1,1,2,0.966177351,589,30,9,102,101,1,3480,3399,81,40,40,0,1,100
6a08855b48be8208cef5862246342b230d0f68cd,0,0,0,0,0,0,0,0,0,0,0,0,0,0,31,10,0,0,0,0,0,0,0,0,0,1,100
bf73a0064c4581f615d46e1246e2178d4819afb8,1,1,0,1,0,0,0,3,3,403,1,1,0,177,0,0,21,21,0,949,940,9,14,14,0,0,100
46c02be8181d196e48484807e34215d5e5fb61b4,104,852,8327,7475,6,82,88,2,29,36,3,22,6.301870261,11407,17,0,447,1149,702,16756,54127,37371,236,688,452,0,86.4608076
f5f41a0b54a852da95a2fa659b1199d727571313,94,8128,220,7908,82,0,82,3,31,21,3,18,6.148325368,2797,18,1,1049,293,756,50554,11661,38893,645,146,499,0,86.37214526
7429e1d163bc7c52a4e111da22ea5dcfc84ea392,10,196,630,434,0,6,6,2,25,151,1,5,2.998342889,1945,159,8,114,168,54,5520,7051,1531,61,108,47,0,97.61059089
a5130af709c2a1979c8d376a4d1194f6450eb0d2,1,1,0,1,0,0,0,3,3,403,1,1,0,177,160,9,21,21,0,949,940,9,14,14,0,0,100
01d4863d8e4471fd6779085002442c749dd169f5,2,1,1,0,0,0,0,2,11,362,1,2,1,603,32,9,102,102,0,3573,3571,2,48,48,0,0,100
d2315e90b17cddcd87a5aac3a3823ba3a1f11868,2,1,1,0,0,0,0,3,10,201,1,2,1,603,161,10,102,102,0,3571,3573,2,48,48,0,0,100
d646c4bfe1c551a14b0784220a7c12d9bb7a1b94,2,2,2,0,0,0,0,2,12,353,1,2,0.811278124,603,33,10,102,102,0,3567,3571,4,48,48,0,0,100
7ff8dbf412e825165b38a0ec7c784aee54656346,2,2,2,0,0,0,0,3,10,201,1,2,0.811278124,603,3,3,102,102,0,3571,3567,4,48,48,0,0,100
351895a9b1c02738e64bc04812759b1a6f8c0bd6,0,0,0,0,0,0,0,0,0,0,0,0,0,0,4,4,0,0,0,0,0,0,0,0,0,0,100
8c90f176f921658fe120422628229e01d98d8f68,0,0,0,0,0,0,0,0,0,0,0,0,0,0,162,11,0,0,0,0,0,0,0,0,0,0,100
2d7f9774160a0520087cdf2cfef968debc5eb168,0,0,0,0,0,0,0,0,0,0,0,0,0,0,1,0,0,0,0,0,0,0,0,0,0,1,100
c7a7127fcfe6aaefd0dab928334095368cdfadbe,1,2,0,2,0,0,0,2,3,46,1,1,0,58,0,0,6,6,0,309,288,21,4,4,0,1,100
6589660c12ddea4540c2b7f6fcf8d6873cd36a3c,1,0,2,2,0,0,0,1,2,0,1,1,0,60,34,0,6,6,0,288,309,21,4,4,0,0,100
e64cb1843ff158371b09525bdb963c864be62167,3,5,6,1,0,0,0,3,12,178,1,3,1.309296668,699,33,7,123,123,0,4079,4079,0,54,54,0,0,100
f60805a49bdf4b394e6d78ab05bb44a226625beb,3,8,6,2,0,0,0,2,12,470,1,3,1.148834854,698,34,9,123,123,0,4084,4079,5,54,54,0,1,100
a14adf36d4c6a24d6f666c087e4612562e1eb672,0,0,0,0,0,0,0,0,0,0,0,0,0,0,35,10,0,0,0,0,0,0,0,0,0,1,100
be531d1e8662b14b7a5a72695374f88b6263547f,3,5,6,1,0,0,0,3,15,170,1,3,1.309296668,700,38,12,123,123,0,4084,4084,0,54,54,0,1,100
a9e5d54ab5e2b7519a962674c320a4abace697c8,0,0,0,0,0,0,0,0,0,0,0,0,0,0,39,13,0,0,0,0,0,0,0,0,0,1,100
a276a738c0be29b48ec1b10ba030942fa7956b54,0,0,0,0,0,0,0,0,0,0,0,0,0,0,164,8,0,0,0,0,0,0,0,0,0,0,100
33e9bce61fe4955d80bc251bb163ab87b63b6582,0,0,0,0,0,0,0,0,0,0,0,0,0,0,165,9,0,0,0,0,0,0,0,0,0,1,100
e652939f0f48e29218394c81658cfcaac7186e35,1,2,0,2,0,0,0,2,3,46,1,1,0,58,166,10,6,6,0,309,288,21,4,4,0,0,100
920955ba756509aea049be46772d09956354da31,0,0,0,0,0,0,0,0,0,0,0,0,0,0,167,11,0,0,0,0,0,0,0,0,0,1,100
a831984b0d63630daa738d1cae361cb70d7a5804,0,0,0,0,0,0,0,0,0,0,0,0,0,0,1,1,0,0,0,0,0,0,0,0,0,1,100
c868aca4813511a5addcdd0e9e043b5c3e4036c6,0,0,0,0,0,0,0,0,0,0,0,0,0,0,168,12,0,0,0,0,0,0,0,0,0,1,100
a5cd7a52340da5c71dae1d0109c20624926d761b,0,0,0,0,0,0,0,0,0,0,0,0,0,0,168,12,0,0,0,0,0,0,0,0,0,0,100
24b715ae5e771682608d1fcd3a08bdd33d8d3b11,0,0,0,0,0,0,0,0,0,0,0,0,0,0,169,13,0,0,0,0,0,0,0,0,0,0,100
618337e2e7ac59ce0ea972b013c4a9e1c32d7188,0,0,0,0,0,0,0,0,0,0,0,0,0,0,170,14,0,0,0,0,0,0,0,0,0,0,100
7a389d2e64bb4db6bb060149c679367a0fba69a8,0,0,0,0,0,0,0,0,0,0,0,0,0,0,172,16,0,0,0,0,0,0,0,0,0,1,100
aeb1bce0c7971c3378a0858bb60e2834133b38be,0,0,0,0,0,0,0,0,0,0,0,0,0,0,173,17,0,0,0,0,0,0,0,0,0,1,100
39acc27bfb6062aba2d3c748a26b318c30b89cb4,0,0,0,0,0,0,0,0,0,0,0,0,0,0,174,18,0,0,0,0,0,0,0,0,0,1,100
b0f6e00e859d36f6c259345a1da8a205e6475c4f,1,2,1,1,0,0,0,6,17,0,1,1,0,425,174,18,81,81,0,2642,2627,15,34,34,0,0,100
dc4de425eef5701ccafe0805f08eeb011baae0fb,0,0,0,0,0,0,0,0,0,0,0,0,0,0,175,19,0,0,0,0,0,0,0,0,0,1,100
45b28482628a37d826a7c6a834d83bcc156a4a87,3,36,17,19,0,0,0,2,4,35,1,1,0.834913201,411,52,0,50,48,2,2953,2829,124,38,37,1,1,100
5ee4f3df527290b5949b85c19f74cc1f28832d25,3,16,35,19,0,0,0,1,3,15,1,1,0.855569809,430,0,0,48,50,2,2829,2953,124,37,38,1,1,100
6fd68a5fa092a24397bf4492533772d89e1df02e,1,1,2,1,0,0,0,6,15,0,1,1,0,426,175,19,81,81,0,2627,2642,15,34,34,0,0,100
0cce4b8254d7fec9565bb94ea48fb7afec540cd2,1,2,1,1,0,0,0,6,17,0,1,1,0,425,42,14,81,81,0,2642,2627,15,34,34,0,0,100
16c967981f4ebfe6d20ff2b86a8a7bc56227f74d,1,1,2,1,0,0,0,6,15,0,1,1,0,426,176,20,81,81,0,2627,2642,15,34,34,0,0,100
38b288e38768c97090cc86083dd1e6915a65658f,4,7,9,2,0,0,0,2,10,352,2,4,1.548794941,759,162,7,129,129,0,4367,4393,26,58,58,0,0,100
6904862f2da5519f34c209f7579060fc5731b2f1,4,9,7,2,0,0,0,3,15,137,2,4,1.548794941,757,177,21,129,129,0,4393,4367,26,58,58,0,0,100
60fac27624611a5a25b3e2102149bff7f015293e,1,2,1,1,0,0,0,6,17,0,1,1,0,425,0,0,81,81,0,2642,2627,15,34,34,0,0,100
442752b86647bd7a9ebf149dcbc6862fbb993911,0,0,0,0,0,0,0,0,0,0,0,0,0,0,1,1,0,0,0,0,0,0,0,0,0,1,100
f6b843d99c874a7139c7339b79cfc6a995f143d2,0,0,0,0,0,0,0,0,0,0,0,0,0,0,180,24,0,0,0,0,0,0,0,0,0,1,100
404bf2592252f00f0a9cb1013938fc066a7f1bd0,1,5,1,4,0,0,0,3,3,422,1,1,0,266,41,14,27,26,1,1015,1000,15,20,20,0,0,100
8e0a97652a9eb68b558accf2a205a1cc8a899fbc,5,9,16,7,0,0,0,2,10,423,2,5,1.859236536,1030,2,1,155,156,1,5367,5423,56,78,78,0,1,100
0666c41387fc11c0422b26ab27ebc38c30fe26af,4,11,8,3,0,0,0,3,17,137,2,4,1.400258233,757,41,14,129,129,0,4408,4367,41,58,58,0,0,100
8f3226010fdeb0c40f824344b47807e861aa04e7,97,226,8138,7912,0,82,82,2,24,43,3,21,6.154572146,11153,107,0,356,1112,756,14040,52983,38943,180,679,499,1,86.65870171
9cc40aec48b7b14eb59cf1bd007ac7582d0328b7,0,0,0,0,0,0,0,0,0,0,0,0,0,0,108,1,0,0,0,0,0,0,0,0,0,0,100
144016099b6aaf222149d6f9b6358e4b8e1f2961,0,0,0,0,0,0,0,0,0,0,0,0,0,0,109,2,0,0,0,0,0,0,0,0,0,0,100
bb48a5f75b4f8743a4c705121f35f18bdd0af1a6,0,0,0,0,0,0,0,0,0,0,0,0,0,0,110,3,0,0,0,0,0,0,0,0,0,0,100
98e99177ae2c5d32722f785b622b1acf11aff741,0,0,0,0,0,0,0,0,0,0,0,0,0,0,111,4,0,0,0,0,0,0,0,0,0,0,100
8727e886b5974aa88fe18967f388189917dce715,0,0,0,0,0,0,0,0,0,0,0,0,0,0,112,5,0,0,0,0,0,0,0,0,0,0,100
ccf18a3e6008bd5130cf16201a5f3892b1dc93b0,0,0,0,0,0,0,0,0,0,0,0,0,0,0,113,6,0,0,0,0,0,0,0,0,0,0,100
3c89fb524f57152353334a60cfc6a2121286c702,98,8141,225,7916,82,0,82,3,25,27,3,22,6.15764334,3507,42,15,1139,382,757,53998,15040,38958,699,200,499,0,86.65870171
660d8c42ee8876847209e57ffa2c200ceefbbbbd,16,638,213,425,6,0,6,2,32,228,2,9,3.161004887,2719,19,2,344,291,53,13358,11892,1466,200,153,47,0,97.61059089
0c669f429b6cf3fa1719dbb35b71b647cd241ab3,5,11,11,0,0,0,0,4,13,375,1,3,2.231270255,663,20,3,101,101,0,3112,3123,11,52,52,0,0,100
bc76878f0ea08e9b853e342ca92211373346bb4e,15,208,637,429,0,6,6,3,25,163,2,9,3.122486697,2878,41,14,264,318,54,10877,12347,1470,133,180,47,0,97.61059089
790b2ece59b237809af7a2e85cc96f011cacbaab,97,226,8138,7912,0,82,82,2,24,43,3,21,6.154572146,11153,114,7,356,1112,756,14040,52983,38943,180,679,499,0,86.65870171
8bab8de45dec4c2425b7d43c3a5a2969b7a38c98,0,0,0,0,0,0,0,0,0,0,0,0,0,0,115,8,0,0,0,0,0,0,0,0,0,0,100
6ca1c53a33fe657e8576629584ba921d77adf192,0,0,0,0,0,0,0,0,0,0,0,0,0,0,116,9,0,0,0,0,0,0,0,0,0,0,100
2db7a963a9de63decec74214a5e30206b8bb8064,0,0,0,0,0,0,0,0,0,0,0,0,0,0,117,10,0,0,0,0,0,0,0,0,0,0,100
3a9e8fc1ad28942b398fb3864f59989d5720fca7,98,8148,226,7922,82,0,82,3,25,27,3,22,6.161074832,3373,41,13,1136,378,758,53843,14826,39017,688,189,499,0,86.65870171
22215b5827d924b35fd5b41d1781af8824c30ce9,0,0,0,0,0,0,0,0,0,0,0,0,0,0,42,14,0,0,0,0,0,0,0,0,0,1,100
262f2dc3cb4212e5e3428f1b2f569114eb3146b3,7,156,27,129,1,0,1,1,11,131,2,3,1.511412251,732,0,0,78,71,7,4293,3813,480,40,38,2,0,99.86463621
a06fc90e5ddb15a62c5e8214c94f0d59333fecc7,7,27,156,129,0,1,1,0,10,0,2,3,1.511412251,861,2,1,71,78,7,3813,4293,480,38,40,2,1,99.86463621
c0ab52447ed895efafa182991cbe1e4a98b83cfa,1,2,12,10,0,0,0,2,3,144,1,1,0,142,43,14,22,24,2,786,860,74,9,9,0,0,100
2d2e842eeda51bcbb59a4dc1c1d46c746cbeb0a9,7,149,29,120,0,0,0,3,12,8,2,4,0.833103677,864,1,1,102,93,9,5063,4599,464,49,47,2,0,100
85f3bddc24774c5f62af71069c522cb32b1bc58f,7,29,149,120,0,0,0,2,10,20,2,4,0.833103677,984,2,2,93,102,9,4599,5063,464,47,49,2,1,100
4e0313236ddf4d5d09a1b01f811f923923d52639,7,148,29,119,0,0,0,3,13,7,2,4,0.836626404,864,2,2,102,93,9,5078,4599,479,49,47,2,0,100
73595921a26445f53fb90037b974a31eea78065f,7,32,137,105,0,0,0,3,10,0,2,4,0.679636153,1107,45,11,98,104,6,4828,5218,390,58,60,2,1,100
a0876291a00ba10980b775b5a4b44a066e5f0a0a,0,0,0,0,0,0,0,0,0,0,0,0,0,0,46,12,0,0,0,0,0,0,0,0,0,1,100
57e854a055720e65c660e3385f33aa83f979075e,0,0,0,0,0,0,0,0,0,0,0,0,0,0,47,13,0,0,0,0,0,0,0,0,0,1,100
c1eb423c94344ddfaad78fb2db30bb3c33e72d4b,0,0,0,0,0,0,0,0,0,0,0,0,0,0,48,14,0,0,0,0,0,0,0,0,0,1,100
5b4bb313510b1986afbe3e9522011f6f8376ca2c,3,36,17,19,0,0,0,2,4,35,1,1,0.834913201,411,49,15,50,48,2,2953,2829,124,38,37,1,1,100
7f058e19425ff712d9f8034b3641c06af885535e,4,17,40,23,0,0,0,2,3,187,2,2,1.25097059,700,3,2,74,77,3,3829,3968,139,57,58,1,0,100
861a92eab8740cfc0f83ac4d7ade9a2ab04a8b9b,12,554,306,248,0,0,0,7,26,248,1,4,2.576766135,2579,0,0,291,247,44,11485,10268,1217,138,127,11,0,99.76295293
be8f8327b3c2d36e89420d62fb8ca530ba726cf3,2,148,0,148,2,0,2,1,1,0,1,2,0.789148444,0,1,1,21,0,21,696,0,696,6,0,6,1,99.62875464
248dc8ad7ec6ec23a5ae4efab7bfa6f93ab6a058,18,350,723,373,0,2,2,6,25,136,2,6,3.121911084,3652,181,21,324,386,62,14236,16010,1774,185,201,16,0,99.59486833
7c04873713c763f646539bfc9304b1a9cff94e21,0,0,0,0,0,0,0,0,0,0,0,0,0,0,182,22,0,0,0,0,0,0,0,0,0,1,100
453a4a3516166978d1ca298386613ab88e2cc1a0,4,17,40,23,0,0,0,2,3,187,2,2,1.25097059,700,4,3,74,77,3,3829,3968,139,57,58,1,0,100
3497c7716ae475899e1af6192ace7ed2b9745cc4,4,41,18,23,0,0,0,3,4,25,2,2,1.224352211,677,183,23,77,74,3,3968,3829,139,58,57,1,0,100
b612a867532a37b64603ff6178129fc54f84a21c,0,0,0,0,0,0,0,0,0,0,0,0,0,0,184,24,0,0,0,0,0,0,0,0,0,1,100
98809b58af1b6b2a47322ef1994a8585d630c965,0,0,0,0,0,0,0,0,0,0,0,0,0,0,51,16,0,0,0,0,0,0,0,0,0,0,100
70a46be1fd24935f92c5d27e509d0800ae950f80,18,719,346,373,2,0,2,7,26,197,2,6,3.128185593,3279,2,2,386,324,62,16012,14236,1776,201,185,16,0,99.59486833
2812e511c025f39308ba30be921ed0ab01d15e94,1,3,3,0,0,0,0,9,27,2,1,1,0,1005,3,3,35,35,0,2950,2950,0,32,32,0,1,100
c5e7a0d0f137cc5f0ccf6116541c16d4a7727598,4,11,20,9,0,0,0,7,19,0,1,2,1.458644465,1174,4,4,180,183,3,5971,6071,100,61,63,2,1,100
8785f491bab0c3a43d472e1e5250415aee6e287b,67,414,4365,3951,0,46,46,2,26,60,3,15,5.513685052,7701,2,0,406,817,411,15827,34353,18526,199,426,227,0,91.08687476
426468cc155ab1b80b44028812c7b3fc23bf2776,1,119,99,20,0,0,0,2,4,98,1,1,0,144,3,1,11,10,1,599,577,22,9,8,1,0,100
aed4e12431b7437da8d181810c75ea78013c31a1,0,0,0,0,0,0,0,0,0,0,0,0,0,0,4,2,0,0,0,0,0,0,0,0,0,0,100
1bc4d41e8cf348e9cc1121c145d015f3f7351885,65,4013,360,3653,44,0,44,3,25,32,3,15,5.380174089,3881,3,3,758,404,354,34222,17122,17100,419,205,214,0,91.2797282
877e95fce0ea1859edf2f95c9ae1b4ddf0abb237,2,14,1,13,0,0,0,6,15,3,2,2,0.566509507,366,4,4,33,33,0,1616,1616,0,12,12,0,0,100
d9f33533f0d55b0e98d8d0290676baced0b70a71,1,2,2,0,0,0,0,6,16,0,1,1,0,301,5,5,27,27,0,1269,1269,0,9,9,0,0,100
1333d48524eff0f37ecdaef07c8649037eb323e8,6,20,142,122,0,0,0,5,10,0,2,3,0.477597027,854,5,4,71,77,6,3813,4224,411,38,41,3,0,100
702127d49d7a65844ca2cd74036c360a7d71922c,4,46,18,28,0,0,0,4,5,32,2,2,1.353388558,677,0,0,78,74,4,3985,3829,156,58,57,1,0,100
d42daf5be94e92d506fb83985802fa05d20b62ad,5,19,57,38,0,0,0,2,3,178,2,3,1.81350187,847,3,3,96,102,6,4615,4845,230,66,67,1,1,100
a89d3968af327f7943d7a24e10e47ac240e6646d,5,53,20,33,0,0,0,3,4,25,2,3,1.69472691,809,35,0,101,96,5,4828,4615,213,67,66,1,1,100
eb7992aa63a86e4d6b782ff03b90b367b6ac6225,0,0,0,0,0,0,0,0,0,0,0,0,0,0,35,0,0,0,0,0,0,0,0,0,0,1,100
35b288ec71d26cfd1ef06d86724f83a1ff5146bd,6,142,20,122,0,0,0,6,16,5,2,3,0.477597027,732,51,10,77,71,6,4224,3813,411,41,38,3,1,100
9902c9d4e9141203b72e689c3bd73da86be7d1d1,0,0,0,0,0,0,0,0,0,0,0,0,0,0,52,11,0,0,0,0,0,0,0,0,0,1,100
e9f9e5fdefe44b1862da026f0081de641a9b4fcb,7,25,142,117,0,0,0,4,10,1,2,4,0.657389188,1124,1,1,99,104,5,4845,5239,394,58,61,3,0,100
f0814d4b46af16ba4bb98458ba4f1d5339c7643a,61,342,3917,3575,0,44,44,2,26,59,3,15,5.366370113,7166,5,3,380,732,352,15167,32012,16845,193,405,212,0,91.2797282
f55f766d7085a92ea4dfcf645fca10243ec92b89,59,3874,337,3537,44,0,44,3,25,39,3,13,5.336615964,3193,4,2,678,332,346,29996,13381,16615,375,164,211,1,91.2797282
358d5d0126fc1834861420bc30839f4ab37ecfe4,0,0,0,0,0,0,0,0,0,0,0,0,0,0,5,3,0,0,0,0,0,0,0,0,0,1,100
0a3b474063cf83fe63feb6b2874b40161539d0b4,11,200,40,160,0,0,0,3,16,9,3,6,1.813677749,1541,53,11,179,167,12,9069,8428,641,108,104,4,1,100
5df89d54d0573995035b74de50b49072b079fe4b,0,0,0,0,0,0,0,0,0,0,0,0,0,0,54,12,0,0,0,0,0,0,0,0,0,1,100
b1bb394c61fd52e40731500ce3311c8a26f718e7,5,18,18,0,0,0,0,3,5,80,1,2,2.134969975,621,0,0,65,65,0,3708,3708,0,42,42,0,0,100
685d38168965472bc6e97124e8fdcb2d28be512c,5,18,18,0,0,0,0,2,4,11,1,2,2.134969975,621,55,12,65,65,0,3708,3708,0,42,42,0,1,100
d0f6b6d9c4e6d404d1048e66846153ad4077831f,0,0,0,0,0,0,0,0,0,0,0,0,0,0,56,13,0,0,0,0,0,0,0,0,0,1,100
f930b0beb6ff66fae00c2067012b366ec8f0eb7e,0,0,0,0,0,0,0,0,0,0,0,0,0,0,57,14,0,0,0,0,0,0,0,0,0,1,100
0f2d2ef10b65260cc81c103cd1492dadeec86028,0,0,0,0,0,0,0,0,0,0,0,0,0,0,58,15,0,0,0,0,0,0,0,0,0,1,100
ac9038407b98e26582ec4abd035e9d731318eef9,0,0,0,0,0,0,0,0,0,0,0,0,0,0,59,16,0,0,0,0,0,0,0,0,0,1,100
f041e55fc7f8fcaf92d5b7d23c80dee2025c2921,2,135,89,46,0,0,0,2,5,56,1,2,0.491237342,176,60,17,12,0,12,829,0,829,10,0,10,1,95.5498345
79599237f6b25e86f4723bbd86a78bf61e7495ff,0,0,0,0,0,0,0,0,0,0,0,0,0,0,61,18,0,0,0,0,0,0,0,0,0,1,100
222c72502d57d37f0b2ee9a63f2765039205bbaf,0,0,0,0,0,0,0,0,0,0,0,0,0,0,62,19,0,0,0,0,0,0,0,0,0,1,100
b75e433b07b3459d31a67ce8b446333380078e48,0,0,0,0,0,0,0,0,0,0,0,0,0,0,0,0,0,0,0,0,0,0,0,0,0,1,100
bcbd22bf3527fb700b4dda06207b22638db5a16d,27,761,540,221,6,0,6,2,32,155,3,13,3.710761895,4312,21,2,479,449,30,20466,20466,0,280,247,33,0,94.06424581
f06d81b97e58d76d8597b4dc4535e60764018a50,27,541,762,221,0,6,6,3,25,92,3,13,3.712778739,4533,3,0,449,479,30,20466,20466,0,247,280,33,0,94.06424581
865756d969dfbda02925bc9d650a526f17c3bbbc,0,0,0,0,0,0,0,0,0,0,0,0,0,0,64,19,0,0,0,0,0,0,0,0,0,0,100
a043f669210607c8e33840898ba3c182ad267c15,0,0,0,0,0,0,0,0,0,0,0,0,0,0,65,20,0,0,0,0,0,0,0,0,0,0,100
5b0258322fd0b479fb372a69184a24bc27958c21,18,165,110,55,0,0,0,2,4,108,1,2,2.366907861,1874,2,0,226,212,14,9637,9301,336,104,106,2,1,99.0755627
d20ba2e720f66529c1b187d855c857ee6f8d78f2,18,110,165,55,0,0,0,1,3,0,1,2,2.366907861,1929,0,0,212,226,14,9301,9637,336,106,104,2,0,99.0755627
db79ab6e66e437388c2b095b6ceaa01fc2e2f28a,1,4,1,3,0,0,0,2,3,236,1,1,0,374,63,17,60,59,1,2161,2140,21,56,55,1,1,100
80f4f7d3f88f8d733bfa4a4bf1c06f77b678b372,0,0,0,0,0,0,0,0,0,0,0,0,0,0,64,18,0,0,0,0,0,0,0,0,0,1,100
fa3802afd1053b2d0494997387bfb8b579bf9489,1,0,13,13,0,0,0,9,29,168,1,1,0,980,65,19,34,35,1,2840,2878,38,31,32,1,2,100
1311a1ddfc097324488f93251062a9ea406f3f77,0,0,0,0,0,0,0,0,0,0,0,0,0,0,66,20,0,0,0,0,0,0,0,0,0,1,100
d3c6a1b1e8d03297cdca95f9244d7c49a590e3fa,10,628,196,432,6,0,6,3,37,134,1,5,2.999941947,1498,67,21,167,113,54,7002,5482,1520,107,60,47,1,97.75617053
a09adda06fb4f9c2cf291ef9d72eba4cf9972e68,0,0,0,0,0,0,0,0,0,0,0,0,0,0,68,22,0,0,0,0,0,0,0,0,0,1,100
d1159e34c1292f7861bd96cdee508d986a50d276,0,0,0,0,0,0,0,0,0,0,0,0,0,0,69,23,0,0,0,0,0,0,0,0,0,1,100
73dc6245ff0bd53b737df663926d7bd1a93a55c9,0,0,0,0,0,0,0,0,0,0,0,0,0,0,70,24,0,0,0,0,0,0,0,0,0,1,100
deb55ec918126400ed94ee49f88c32b9ffda7b5d,36,1027,1258,231,2,6,8,2,27,132,3,12,4.282839679,5687,5,5,592,606,14,24507,25591,1084,321,367,46,1,95.81762084
138a7a7f0bc4aceb829915106673b969552cee85,1,1,1,0,0,0,0,3,7,0,1,1,0,253,6,6,33,33,0,1232,1230,2,12,12,0,1,100
c5c3571ca15ee2dd675fb3cac44bd0f926ccfc67,3,2,21,19,0,0,0,3,9,24,1,2,1.474041717,653,7,7,81,84,3,2892,2961,69,22,24,2,1,100
7b88cf352e2ab4d9df0c068432140b13821ba057,1,1,1,0,0,0,0,2,4,39,1,1,0,66,8,8,6,6,0,291,288,3,4,4,0,1,100
19e72e852cb25caa1ee18b6c5ae1ae627e337bf1,2,5,18,13,0,0,0,4,28,18,1,2,0.828055725,1347,9,9,84,85,1,4523,4588,65,43,43,0,1,100
6b9da0804e59935bbe280570bead20954e779c40,0,0,0,0,0,0,0,0,0,0,0,0,0,0,10,10,0,0,0,0,0,0,0,0,0,1,100
fe68fd968bdfab3d902f86956ae04bd3d46b444e,1,1,1,0,0,0,0,4,11,0,1,1,0,335,11,11,49,49,0,1591,1591,0,11,11,0,1,100
0d6b438fff0ddeb254efe3d858ae7a29251ce289,27,724,795,71,1,2,3,6,25,90,3,9,3.619281202,4519,1,1,420,450,30,19730,19596,134,240,235,5,0,95.12998902
d85c470747c22fa47a1f914388861b018ce9acc8,27,803,720,83,2,1,3,7,28,70,3,9,3.610887958,4448,12,12,451,420,31,19684,19730,46,235,240,5,1,95.12998902
1baf9b7f47f1f1592391a9eb18b3ad0b340f7355,2,7,7,0,0,0,0,2,3,231,1,1,0.591672779,85,13,13,5,5,0,252,252,0,4,4,0,1,99.8654105
44e47e82d03743cbec3fe6aff17c76711520c061,0,0,0,0,0,0,0,0,0,0,0,0,0,0,14,14,0,0,0,0,0,0,0,0,0,1,100
baa310618ed639c312f2281bc8364d55e5977174,1,4,7,3,0,0,0,4,13,0,1,1,0,347,15,15,49,50,1,1665,1679,14,11,11,0,1,100
9eecaf890d06df8d94c73227498a572f4d4cc96d,2,44,18,26,0,0,0,3,14,20,1,1,0.999249248,436,16,16,55,55,0,2191,2024,167,15,15,0,1,100
deba55833b8752c5275cb37ac3a1043583790963,1,2,2,0,0,0,0,3,5,40,1,1,0,112,16,16,7,7,0,494,485,9,4,4,0,1,100
f18d98fc45f89d058ebbd2578e2c9e82cfedc722,0,0,0,0,0,0,0,0,0,0,0,0,0,0,18,18,0,0,0,0,0,0,0,0,0,1,100
04b4907e10c152072dcb1fcdae9d0198d7dc9603,0,0,0,0,0,0,0,0,0,0,0,0,0,0,19,19,0,0,0,0,0,0,0,0,0,1,100
9f9a2a556986cc67452081f0bd763e3ed1da8f75,0,0,0,0,0,0,0,0,0,0,0,0,0,0,20,20,0,0,0,0,0,0,0,0,0,1,100
c0768100738b211a21e1775b78c114f4a20b2b30,38,1309,1081,228,7,3,10,2,37,104,3,12,4.363717646,5503,74,20,608,590,18,25714,24751,963,369,321,48,1,95.71477545
a6bbd877fbcd7b743304a2e95034db826742442c,0,0,0,0,0,0,0,0,0,0,0,0,0,0,75,21,0,0,0,0,0,0,0,0,0,1,100
a3d8d9633cff99456608a6394b9ecbb5389f3683,0,0,0,0,0,0,0,0,0,0,0,0,0,0,188,4,0,0,0,0,0,0,0,0,0,1,100
773a33267188fb3c427e2b0fc0113048a27aa528,0,0,0,0,0,0,0,0,0,0,0,0,0,0,189,5,0,0,0,0,0,0,0,0,0,1,100
1099f8ada716a06180620e1c182f6c8488d69c75,0,0,0,0,0,0,0,0,0,0,0,0,0,0,190,6,0,0,0,0,0,0,0,0,0,1,100
52fe66e9f5c5ce95c3de6121bbb68dcdcd01802f,0,0,0,0,0,0,0,0,0,0,0,0,0,0,191,7,0,0,0,0,0,0,0,0,0,1,100
20b4f8b2195a1bf214f63e10b1bbca4690c0290f,38,1082,1310,228,3,7,10,2,28,114,3,12,4.359555819,5731,21,21,590,608,18,24753,25714,961,321,369,48,1,95.71477545
9e1dc5918618e9a23e7bc6c1b2e41cb002206230,38,1309,1081,228,7,3,10,2,37,104,3,12,4.363717646,5503,192,8,608,590,18,25714,24753,961,369,321,48,0,95.71477545
fe7ac29105e0425d91cb211b724d1db90a64c363,0,0,0,0,0,0,0,0,0,0,0,0,0,0,193,9,0,0,0,0,0,0,0,0,0,1,100
512e34eee399a57cffe9c38f68229d604c9f5db9,18,165,110,55,0,0,0,2,4,108,1,2,2.366907861,1874,194,10,226,212,14,9637,9301,336,104,106,2,0,99.19692737
4ee9ea7a8b391380c185a921bcf562b95461f44a,0,0,0,0,0,0,0,0,0,0,0,0,0,0,195,11,0,0,0,0,0,0,0,0,0,1,100
115540e8696c8b95bd0a4622e160e343e87dea0d,5,18,18,0,0,0,0,3,6,44,1,2,2.134969975,623,196,12,66,66,0,3722,3722,0,42,42,0,0,100
b5903d22b8608af0ff05ffe5054b775ff62f8c46,0,0,0,0,0,0,0,0,0,0,0,0,0,0,197,13,0,0,0,0,0,0,0,0,0,1,100
599dd0660f4b2af446f36bb37887debd45038b07,0,0,0,0,0,0,0,0,0,0,0,0,0,0,198,14,0,0,0,0,0,0,0,0,0,0,100
cf1ffe735d618eac32d0364c34ca9ddbd446f3db,0,0,0,0,0,0,0,0,0,0,0,0,0,0,199,15,0,0,0,0,0,0,0,0,0,1,100
7346db2f4dc10e59965d3f9dfa9a9611ccefe41a,32,335,812,477,0,6,6,2,25,70,2,9,3.831034654,4596,2,2,419,487,68,19348,21187,1839,248,293,45,0,96.89835575
f6c306b27036ff9905108379846125ee18e772ff,32,812,335,477,6,0,6,2,37,100,2,9,3.831034654,4119,79,24,487,419,68,21187,19348,1839,293,248,45,1,96.89835575
4ac0becbd0d346316ab39c8bf46f27955e8f29cb,0,0,0,0,0,0,0,0,0,0,0,0,0,0,80,25,0,0,0,0,0,0,0,0,0,1,100
2d0b9ad75aaba788d4f60d3b3070e334bba8b922,0,0,0,0,0,0,0,0,0,0,0,0,0,0,37,2,0,0,0,0,0,0,0,0,0,0,100
4f0d45e4e9b4cb5c926c514e026ab836fb951a62,0,0,0,0,0,0,0,0,0,0,0,0,0,0,38,3,0,0,0,0,0,0,0,0,0,0,100
60c472f9049e86d565ff6cf6e22ed355c6366f58,0,0,0,0,0,0,0,0,0,0,0,0,0,0,39,4,0,0,0,0,0,0,0,0,0,0,100
36ce17126159e47e316bb4b1b5e6984faf04f841,0,0,0,0,0,0,0,0,0,0,0,0,0,0,40,5,0,0,0,0,0,0,0,0,0,0,100
021f5d5d55eb91137bda2b1f5be316ed60a5140c,0,0,0,0,0,0,0,0,0,0,0,0,0,0,41,6,0,0,0,0,0,0,0,0,0,0,100
3bf4475ef88cea2fdc70e85051b5f8301ec4a12c,0,0,0,0,0,0,0,0,0,0,0,0,0,0,41,6,0,0,0,0,0,0,0,0,0,1,100
76c5a6c2911c7b2524bd563d0e63d1a2d8ab228c,0,0,0,0,0,0,0,0,0,0,0,0,0,0,43,6,0,0,0,0,0,0,0,0,0,1,100
4091e4b3a758b7718a0f27aa0a61a9d2b8561d21,0,0,0,0,0,0,0,0,0,0,0,0,0,0,44,7,0,0,0,0,0,0,0,0,0,1,100
ddc67051745c383b84fc0ec64b48a44b84ba1668,0,0,0,0,0,0,0,0,0,0,0,0,0,0,45,8,0,0,0,0,0,0,0,0,0,0,100
452838f2ab5f2dbe72a77ab6bfc57529da1f4e0c,0,0,0,0,0,0,0,0,0,0,0,0,0,0,46,9,0,0,0,0,0,0,0,0,0,0,100
bfdce7aae74c2b467f71228a00c30fb3281eea7a,0,0,0,0,0,0,0,0,0,0,0,0,0,0,47,10,0,0,0,0,0,0,0,0,0,0,100
688444a96a5b2abf28faa0b7220e1436a0e951e3,42,459,1132,673,0,6,6,2,25,67,3,12,4.152902451,6172,6,0,542,632,90,25638,28873,3235,329,388,59,1,95.4623582
b930e100a9f74e832fd9142d0c825d9f24d0af1d,42,1133,460,673,6,0,6,2,37,72,3,12,4.153957017,5499,1,0,632,542,90,28873,25638,3235,388,329,59,0,95.4623582
2cd8ee37e60c180fe46f03d2bdbe3042db8bc517,0,0,0,0,0,0,0,0,0,0,0,0,0,0,200,12,0,0,0,0,0,0,0,0,0,0,100
cd0b118843fb8627810debd78664f0aa53cd6727,0,0,0,0,0,0,0,0,0,0,0,0,0,0,201,13,0,0,0,0,0,0,0,0,0,1,100
eee8b243c8b4026f5f063c60b02e7d8d8e6fd06b,0,0,0,0,0,0,0,0,0,0,0,0,0,0,202,14,0,0,0,0,0,0,0,0,0,0,100
900490b9caf8993ad0beee79fd4139b3bdee6359,42,459,1132,673,0,6,6,2,25,67,3,12,4.152902451,6172,7,1,542,632,90,25638,28873,3235,329,388,59,1,95.4623582
2a8f777f8e49a50e5846bae9eafb5f3512192ebd,0,0,0,0,0,0,0,0,0,0,0,0,0,0,8,2,0,0,0,0,0,0,0,0,0,1,100
e538ffee70646a17d2d848e287da84c5098b92e7,0,0,0,0,0,0,0,0,0,0,0,0,0,0,9,3,0,0,0,0,0,0,0,0,0,1,100
2278fc9623d5b71bca9ece3857e645e85ab1562f,42,1133,460,673,6,0,6,2,37,72,3,12,4.153957017,5499,0,0,632,542,90,28873,25638,3235,388,329,59,0,95.4623582
3352dc298743eaffc7ade85aa175a1ef53ff3b7e,0,0,0,0,0,0,0,0,0,0,0,0,0,0,1,1,0,0,0,0,0,0,0,0,0,0,100
49a9a92f79546f8a44e8664e422e26c187b73ee2,42,459,1132,673,0,6,6,2,25,67,3,12,4.152902451,6172,10,4,542,632,90,25638,28873,3235,329,388,59,1,95.4623582
71817e7e14412a29764271ecbb2e59f6e227400e,0,0,0,0,0,0,0,0,0,0,0,0,0,0,11,5,0,0,0,0,0,0,0,0,0,1,100
4c61cd40023ae31cb9045e04360b376736969d3d,42,1133,460,673,6,0,6,2,37,72,3,12,4.153957017,5499,1,0,632,542,90,28873,25638,3235,388,329,59,1,95.4623582
4a8fc69c8276bf1de6a293411f889d9b97636d94,0,0,0,0,0,0,0,0,0,0,0,0,0,0,2,1,0,0,0,0,0,0,0,0,0,0,100
426d143784ee3610aa3582d43316f1344abd6275,59,1389,1491,102,5,7,12,2,28,67,3,15,4.781936988,7815,22,6,833,846,13,35849,36386,537,453,485,32,1,93.65340349
0bca1733d64a92d8ec411f5fdf41ebc90a1bddef,1,1,1,0,0,0,0,4,15,41,1,1,0,350,23,7,48,48,0,1706,1706,0,11,11,0,1,100
baee2f4d3543315c040756caa6cf9881c44ee803,59,1490,1388,102,7,5,12,2,37,79,3,15,4.785325614,7713,81,2,846,833,13,36386,35849,537,485,453,32,1,93.65340349
6dae731c89b3756eea3257cee949a493d7590f16,0,0,0,0,0,0,0,0,0,0,0,0,0,0,82,3,0,0,0,0,0,0,0,0,0,1,100
f6915d45a61593f95bf779558a32f807d583932c,59,1389,1491,102,5,7,12,2,29,67,3,15,4.781936988,7815,24,2,833,846,13,35849,36386,537,453,485,32,1,93.65340349
a9180599317e2741559418165ebc7178008147a1,59,1490,1388,102,7,5,12,2,37,79,3,15,4.785325614,7713,3,2,846,833,13,36386,35849,537,485,453,32,0,93.65340349
1e0413e908300ec12fa5615edb7b704a82601757,0,0,0,0,0,0,0,0,0,0,0,0,0,0,2,1,0,0,0,0,0,0,0,0,0,0,100
b15374372e777bf24e7117db41a38bb0c19223a1,0,0,0,0,0,0,0,0,0,0,0,0,0,0,3,2,0,0,0,0,0,0,0,0,0,0,100
402d1313d9277851267ae0d09481711ec7647689,0,0,0,0,0,0,0,0,0,0,0,0,0,0,4,3,0,0,0,0,0,0,0,0,0,0,100
0d47c5136744e438f11bbc377adf61f7329c84e5,0,0,0,0,0,0,0,0,0,0,0,0,0,0,84,2,0,0,0,0,0,0,0,0,0,1,100
3dd27a0b95afecca313783ad8e329db8bcca7f1a,0,0,0,0,0,0,0,0,0,0,0,0,0,0,85,3,0,0,0,0,0,0,0,0,0,1,100
9bfd77b30f8a04ceebfcf75f2fac9a1673340340,0,0,0,0,0,0,0,0,0,0,0,0,0,0,86,4,0,0,0,0,0,0,0,0,0,1,100
c7c57d5b0af4d7baa96c2ea52f72c828bafc0f22,0,0,0,0,0,0,0,0,0,0,0,0,0,0,87,5,0,0,0,0,0,0,0,0,0,1,100
e4e2879496c71128c8e6dfab5239b1ddaa399329,0,0,0,0,0,0,0,0,0,0,0,0,0,0,54,0,0,0,0,0,0,0,0,0,0,0,100
2ab3bc8e656e7420f235e1f45d37b867c256afa4,0,0,0,0,0,0,0,0,0,0,0,0,0,0,88,6,0,0,0,0,0,0,0,0,0,1,100
dd1d2136034a6b39343795ea6c58c9406c48b597,0,0,0,0,0,0,0,0,0,0,0,0,0,0,89,7,0,0,0,0,0,0,0,0,0,1,100
e69ead05a6ae098af6c7df65c5a725dea4d44d3f,0,0,0,0,0,0,0,0,0,0,0,0,0,0,55,1,0,0,0,0,0,0,0,0,0,1,100
701ac94d9ad29192368ad63e7d6975794dc3c2f7,18,930,359,571,5,1,6,7,42,85,1,5,3.366988258,2617,90,8,325,248,77,13069,10371,2698,155,128,27,1,96.76945668
e21642d87903869ab7f9239afd20c21ae4cb280e,0,0,0,0,0,0,0,0,0,0,0,0,0,0,91,9,0,0,0,0,0,0,0,0,0,1,100
b4422f13b6c609b5f68eb0a053f4bc08182f97d5,43,460,1133,673,0,6,6,2,29,70,3,12,4.161598517,6304,25,3,559,648,89,26189,29418,3229,333,392,59,1,93.7909624
5f7520af012f9e5ab3bf7e051b0410aaf765bd61,0,0,0,0,0,0,0,0,0,0,0,0,0,0,26,4,0,0,0,0,0,0,0,0,0,1,100
f7a78023abf5119526d0e6e9c8d9e6122545cafb,0,0,0,0,0,0,0,0,0,0,0,0,0,0,27,5,0,0,0,0,0,0,0,0,0,1,100
23f572420b4b1b24e79b53067c9a2cb703599756,1,47,13,34,0,0,0,1,2,13,1,1,0,105,28,6,13,12,1,607,435,172,11,9,2,1,99.96890547
1a57fcf6b015c23f56aea896397bca03fc109ead,42,1133,460,673,6,0,6,2,42,72,3,12,4.153957017,5518,92,10,632,542,90,28927,25692,3235,388,329,59,1,93.7909624
1ae179e62c6bfa581c9af50285df59ace6bd5eba,0,0,0,0,0,0,0,0,0,0,0,0,0,0,203,3,0,0,0,0,0,0,0,0,0,0,100
c61b6a78ad1c9574542bcc06ffadad78d716a268,0,0,0,0,0,0,0,0,0,0,0,0,0,0,204,4,0,0,0,0,0,0,0,0,0,1,100
8f8cb5eb7179f6d443fb1238329e98fdc862c56c,0,0,0,0,0,0,0,0,0,0,0,0,0,0,205,5,0,0,0,0,0,0,0,0,0,1,100
c89fb820861427b5be0a204bc3ab7a89d67a97de,0,0,0,0,0,0,0,0,0,0,0,0,0,0,206,6,0,0,0,0,0,0,0,0,0,1,100
55e1664d40c87047dc1e9f322726aeb1a77ea344,0,0,0,0,0,0,0,0,0,0,0,0,0,0,2,2,0,0,0,0,0,0,0,0,0,0,100
2456f0aa8c3834ab562f32d645e2835402075ff2,0,0,0,0,0,0,0,0,0,0,0,0,0,0,3,3,0,0,0,0,0,0,0,0,0,0,100
72b1f592885abc8c02c6902aa0eb6499bacae7f2,2,204,22,182,1,0,1,1,5,51,1,2,0.902835036,189,29,7,49,33,16,1717,962,755,26,18,8,1,99.92260062
6946c34e9f06726b46c5fb1bf12e1f186a1a8a19,1,6,6,0,0,0,0,4,6,0,1,1,0,217,30,8,34,34,0,1065,1065,0,18,18,0,1,100
029ef968a2c03b4c3bfc86072d3f9923a4c463ec,2,21,203,182,0,1,1,0,4,222,1,2,0.896038233,371,207,7,33,49,16,962,1717,755,18,26,8,0,99.92260062
3bea3c4f55bfe69e1e82626f8f1d3ecc4012b29a,0,0,0,0,0,0,0,0,0,0,0,0,0,0,208,8,0,0,0,0,0,0,0,0,0,0,100
7cafa39565c257f8d6869f8bb3d6f2c634e611d9,0,0,0,0,0,0,0,0,0,0,0,0,0,0,209,9,0,0,0,0,0,0,0,0,0,0,100
c5e1e33db94da602ca5b57d04aa32599e9b90c35,0,0,0,0,0,0,0,0,0,0,0,0,0,0,210,10,0,0,0,0,0,0,0,0,0,0,100
d178bdc56bebb8d498316650c2e9f9e61ff4bede,0,0,0,0,0,0,0,0,0,0,0,0,0,0,211,11,0,0,0,0,0,0,0,0,0,0,100
7483d9b8859a932cdd0e9919b9112d53277cd978,0,0,0,0,0,0,0,0,0,0,0,0,0,0,212,12,0,0,0,0,0,0,0,0,0,0,100
780c8f23ab164b4f5848e4ea8d48b0306d53ca84,0,0,0,0,0,0,0,0,0,0,0,0,0,0,213,13,0,0,0,0,0,0,0,0,0,0,100
c2477c2c3fd602690ccdaf12c95c9dfa51ab121b,0,0,0,0,0,0,0,0,0,0,0,0,0,0,214,14,0,0,0,0,0,0,0,0,0,0,100
4db451466e08145641ee6173d2ed2d46fe268490,0,0,0,0,0,0,0,0,0,0,0,0,0,0,215,15,0,0,0,0,0,0,0,0,0,0,100
d951debbf876ae300a5c2c759095d013e827f45a,0,0,0,0,0,0,0,0,0,0,0,0,0,0,216,16,0,0,0,0,0,0,0,0,0,0,100
ab99b91a06732022045b38ff89b902f4645b726d,16,272,0,272,0,0,0,2,8,246,2,5,4,1348,217,17,153,153,0,7678,7678,0,121,121,0,0,100
8cc69ec348ea399de9e711fbdc8b9202f422c8c2,0,0,0,0,0,0,0,0,0,0,0,0,0,0,218,18,0,0,0,0,0,0,0,0,0,0,100
bced187464bc6e7a34e61426e876928603ca83c0,0,0,0,0,0,0,0,0,0,0,0,0,0,0,219,19,0,0,0,0,0,0,0,0,0,0,100
2bb6e4eb9967e04885578a53fb6a6c687c2a2e39,0,0,0,0,0,0,0,0,0,0,0,0,0,0,220,20,0,0,0,0,0,0,0,0,0,0,100
2a60e991196bcd434116841838b6a4c08ae307e8,0,0,0,0,0,0,0,0,0,0,0,0,0,0,221,21,0,0,0,0,0,0,0,0,0,0,100
8b57097c6dc39f267bcbafb671ac977872380a8f,18,204,294,90,1,0,1,1,7,80,2,7,3.588295867,1809,31,9,202,186,16,9397,8640,757,147,139,8,1,99.92260062
862f6735f2e4cf9734b395385609bec8f0b6041f,18,294,204,90,0,1,1,0,8,235,2,7,3.596249752,1719,93,11,186,202,16,8640,9397,757,139,147,8,1,99.92260062
0826b93323ccc33b97b45dc82dae2b7c10bfab5c,0,0,0,0,0,0,0,0,0,0,0,0,0,0,94,12,0,0,0,0,0,0,0,0,0,1,100
f1bf9cdb5c7fd7445948f7f3097dbe8ced27d3c0,2,204,22,182,1,0,1,1,7,2,1,2,0.902835036,189,222,19,49,33,16,1719,962,757,26,18,8,0,99.92260062
405dabbc8e67f72a8c04e95c0b562dc2826c01a1,1,3,3,0,0,0,0,2,2,7,1,1,0,154,223,20,15,15,0,648,652,4,8,8,0,0,100
5299531739b6661a7ce8d3aafb486d6dde09bbf6,1,0,1,1,0,0,0,2,3,0,1,1,0,154,224,21,15,15,0,648,648,0,8,8,0,1,100
2bad66eae90651df7424b389f099e62fe8b9ec5f,0,0,0,0,0,0,0,0,0,0,0,0,0,0,225,22,0,0,0,0,0,0,0,0,0,0,100
00cc9c6af6022af246e4bc409f6ffcc85e88ada4,3,32,202,170,0,1,1,0,8,178,1,3,1.128980536,645,95,13,62,77,15,2054,2747,693,39,46,7,1,99.92260062
b37b5c82ed6fd6a43c701e75260f5cdf343f5f43,0,0,0,0,0,0,0,0,0,0,0,0,0,0,96,14,0,0,0,0,0,0,0,0,0,1,100
61a4eac59e6af57ab9600663b537c120c91c30b6,2,203,22,181,1,0,1,2,7,2,1,2,0.904381458,189,97,15,49,33,16,1715,962,753,26,18,8,0,99.92260062
12f79bb1c51f84f29a18d3a80bc5d59cd498df35,1,0,11,11,0,0,0,4,6,8,1,1,0,286,226,23,28,29,1,1032,1092,60,20,21,1,0,100
09e50c10aa08fef6f6a1a803d636b8b1e4c690c1,1,11,0,11,0,0,0,5,8,92,1,1,0,275,227,24,29,28,1,1092,1032,60,21,20,1,0,100
4a653079ef2a0b4baf644083118404a3506a5e31,0,0,0,0,0,0,0,0,0,0,0,0,0,0,228,25,0,0,0,0,0,0,0,0,0,0,100
4650914ddd56d45ff3af0445c959d74d69019e5e,0,0,0,0,0,0,0,0,0,0,0,0,0,0,229,26,0,0,0,0,0,0,0,0,0,0,100
18b3db976c0f5d9e1b66ef468de83cbff7959c39,0,0,0,0,0,0,0,0,0,0,0,0,0,0,230,27,0,0,0,0,0,0,0,0,0,0,100
f037b41c82e03017b5f894156096f9f96c59f600,0,0,0,0,0,0,0,0,0,0,0,0,0,0,231,28,0,0,0,0,0,0,0,0,0,0,100
d448e34812e5cbffe848ce88189a05df1be3226e,0,0,0,0,0,0,0,0,0,0,0,0,0,0,232,29,0,0,0,0,0,0,0,0,0,0,100
57851bb6be4caec950541bcb1f01529224e52af4,1,1,1,0,0,0,0,2,5,82,1,1,0,265,233,30,40,40,0,1588,1588,0,12,12,0,1,100
87a16c1a885c6381a3bc1d532e5105660196a2cb,1,1,1,0,0,0,0,2,4,112,1,1,0,265,233,30,40,40,0,1588,1588,0,12,12,0,0,100
31a1592f743d0efb5d393374d01e3eda9145cfff,1,1,1,0,0,0,0,2,5,82,1,1,0,265,235,32,40,40,0,1588,1588,0,12,12,0,1,100
24d4a14de310cbbfebdc4a50d8cc9d86f9943087,0,0,0,0,0,0,0,0,0,0,0,0,0,0,236,33,0,0,0,0,0,0,0,0,0,0,100
2b1d6cfe9b3d567234246b2e01bfb02b64131302,4,1,23,22,0,0,0,7,21,62,2,4,1.438721876,655,0,0,94,97,3,2755,2849,94,46,47,1,1,100
8c697bb1e553977c993fe2a728739fe5485f7313,1,1,1,0,0,0,0,2,3,112,1,1,0,52,63,0,2,2,0,187,189,2,2,2,0,1,100
1471cbd4912cea0dd59fc74553392762ce8c44bc,0,0,0,0,0,0,0,0,0,0,0,0,0,0,64,1,0,0,0,0,0,0,0,0,0,1,100
2ea202704a509c0bea14438beb65443f33517ebc,3,22,0,22,0,0,0,8,23,23,1,3,1.118078209,581,1,1,95,92,3,2662,2566,96,45,44,1,0,100
2572ac3365cb075fce316ce82ca42b015970fbd6,20,20,747,727,0,8,8,3,42,30,3,12,3.875347966,3514,106,2,296,421,125,11012,14101,3089,165,215,50,0,98.81634212
fdbc5ebd081b6b8d6ed4da595ce6f0025343d0ee,0,0,0,0,0,0,0,0,0,0,0,0,0,0,107,3,0,0,0,0,0,0,0,0,0,0,100
9e77cd23702e2170590af1d9eae6ae1546431312,20,725,20,705,8,0,8,4,44,68,3,12,3.854954285,2787,132,18,418,296,122,14005,11012,2993,214,165,49,0,98.81634212
1ce42cc6cd488d486ba7040c18d03960da07eef0,70,722,2977,2255,1,17,18,0,25,74,3,21,5.250436419,9694,66,0,868,1155,287,35708,44242,8534,477,610,133,0,96.30206306
c2176bafefdc0bcefe2db5586c26d53ff27f0512,70,2982,727,2255,20,1,21,2,44,102,3,21,5.249434798,7442,0,0,1155,868,287,44242,35708,8534,610,477,133,0,96.30206306
214ee7454548b884c591991b1faea770d1478cec,15,143,429,286,0,7,7,8,45,85,1,7,3.6608238,2938,0,0,294,315,21,10811,11778,967,147,166,19,1,98.93170546
ed1f97d5e40aeff1bf75f72e896b1134cc70f9fc,15,429,143,286,7,0,7,7,44,7,1,7,3.6608238,2652,133,19,315,294,21,11778,10811,967,166,147,19,1,98.93170546
9e8c769a6fe7559c22ed3bfd229e9bd01c322a2d,0,0,0,0,0,0,0,0,0,0,0,0,0,0,134,20,0,0,0,0,0,0,0,0,0,1,100
dcd4bf7c33c799fca8ea67ba22f1bee7c6b40f4b,0,0,0,0,0,0,0,0,0,0,0,0,0,0,2,0,0,0,0,0,0,0,0,0,0,1,100
cc5f1f632a0d4b81ebbf57668ce025a7780b7a0f,15,143,429,286,0,7,7,8,45,85,1,7,3.6608238,2938,1,1,294,315,21,10811,11778,967,147,166,19,0,98.93170546
f019eff48b0fbc92b8e147e919dfea910f2b4d19,15,429,143,286,7,0,7,7,44,7,1,7,3.6608238,2652,1,1,315,294,21,11778,10811,967,166,147,19,0,98.93170546
ad6bbee99c5d37d4e6e3dd3a119b14c7031179da,3,143,71,72,0,0,0,8,45,264,1,2,1.338316576,1629,135,8,168,148,20,6610,6316,294,78,75,3,1,100
e5226dbc535d65ff2c3f8d8bca43b36a0a3c5b77,0,0,0,0,0,0,0,0,0,0,0,0,0,0,136,9,0,0,0,0,0,0,0,0,0,1,100
d606dc93f2536b420bc3af6bfc6116502586f5d8,23,212,868,656,1,8,9,7,42,25,3,12,4.012101172,4171,0,0,418,548,130,14833,17587,2754,214,257,43,0,98.74093857
bbb3e749ea3a5ccb5d04916656bba670477fa696,24,1117,212,905,9,1,10,8,45,87,3,12,3.95631195,3515,137,9,599,418,181,18885,14833,4052,276,214,62,1,98.59047619
ae383e37e2a57c4dcc9a11c17192e3ff44429376,0,0,0,0,0,0,0,0,0,0,0,0,0,0,138,10,0,0,0,0,0,0,0,0,0,1,100
c18276f84c09eb575771c2a0d8c6d8e85e785e6a,1,0,249,249,0,1,1,0,0,0,1,1,0,249,67,4,0,51,51,0,1298,1298,0,19,19,1,99.69879518
96e81c1fb567006023a37a3f50cc6b8e051f52c7,0,0,0,0,0,0,0,0,0,0,0,0,0,0,68,5,0,0,0,0,0,0,0,0,0,1,100
8081e76d798d6500050e5310fe3a284db04e16c6,3,71,143,72,0,0,0,7,44,4,1,2,1.338316576,1701,0,0,148,168,20,6316,6610,294,75,78,3,0,100
e6d138e1935ad77099ea8513a1ea3d6141beec82,3,143,71,72,0,0,0,8,45,264,1,2,1.338316576,1629,0,0,168,148,20,6610,6316,294,78,75,3,1,100
c78e08feef7044d262c0ea30d202faee94c28862,2,253,0,253,1,0,1,1,10,29,1,2,0.117220922,310,1,1,85,33,52,2494,1174,1320,41,22,19,0,99.69879518
69b4601f71bad51605813fca10a18ccb82859dd2,1,0,4,4,0,0,0,6,9,16,1,1,0,314,139,10,33,34,1,1174,1196,22,22,22,0,1,100
14bcc9b2155ab5be71ccffa43689ef6f51b153f4,1,0,249,249,0,1,1,0,0,0,1,1,0,249,0,0,0,51,51,0,1298,1298,0,19,19,0,99.69879518
a277c887f16e07e5aae3093f77751f23dd6139b6,7,579,0,579,6,0,6,1,3,16,2,3,2.347103828,37,5,0,80,3,77,3434,97,3337,40,2,38,1,87.42591025
b9017eab4beb4d2997688b0c732e937cedb5af1f,77,780,3686,2906,1,26,27,0,25,68,3,21,5.443311552,10503,67,1,891,1275,384,36236,48401,12165,481,655,174,0,85.08117595
fe95ca4bafa75e120c6b7e8dc828d3f8e8c2461c,72,3361,785,2576,21,1,22,2,45,108,3,21,5.290175712,7597,1,0,1249,891,358,46362,36236,10126,636,481,155,1,95.99689079
44aaaa91be7cfa5fef8424f08a25bd1e8b3bf458,0,0,0,0,0,0,0,0,0,0,0,0,0,0,140,11,0,0,0,0,0,0,0,0,0,1,100
85c9cd5aee09ac2bf510fbc7fe877ee16c76ee28,0,0,0,0,0,0,0,0,0,0,0,0,0,0,141,12,0,0,0,0,0,0,0,0,0,0,100
2940d9d43eab0c27d1ed1331472baa932e966d13,0,0,0,0,0,0,0,0,0,0,0,0,0,0,9,0,0,0,0,0,0,0,0,0,0,0,100
ba3c5c247e1bf72e4382da5981624b10e8650c6c,0,0,0,0,0,0,0,0,0,0,0,0,0,0,10,1,0,0,0,0,0,0,0,0,0,0,100
4127249da6f2c5e6f89e91470f9ed3d517a1f3f2,0,0,0,0,0,0,0,0,0,0,0,0,0,0,11,2,0,0,0,0,0,0,0,0,0,0,100
20f4f5eadf832c1d3f5d6cff9e7243c7a844d3d0,1,2,1,1,0,0,0,14,48,21,1,1,0,1021,8,0,38,38,0,3021,3021,0,35,35,0,0,100
f7502f41a7bdfc67a432714efa27b0c952b7bb0e,132,734,11429,10695,1,100,101,0,24,64,3,33,6.617287032,16445,9,0,735,1873,1138,26264,76803,50539,375,1043,668,1,85.45454545
cea872d4e9317601eed60f7fa0a9a831446f41be,2,7,4,3,0,0,0,3,6,310,1,2,0.845350937,465,11,0,61,61,0,2260,2237,23,19,19,0,1,100
ea30b703865bf043bea2fc4f7c689f5a13d59c0f,132,11502,728,10774,103,1,104,2,45,55,3,33,6.617246547,5756,4,0,1894,735,1159,77143,26287,50856,1048,375,673,0,85.45454545
a5c97d79e0e809a43b962a8a6753f376e8bc020f,5,7,90,83,0,0,0,4,21,48,1,4,1.94971042,1034,8,0,142,163,21,4395,4735,340,69,74,5,0,100
28de7e511340d6c134f2eac039dc054a0107cba4,0,0,0,0,0,0,0,0,0,0,0,0,0,0,9,1,0,0,0,0,0,0,0,0,0,0,100
6e6aeb9a770df6d119e0db3273981f1d12c3aac7,0,0,0,0,0,0,0,0,0,0,0,0,0,0,17,0,0,0,0,0,0,0,0,0,0,1,100
8fa0f7881d0c63db70315cd08da75421b1a1d972,1,4,0,4,0,0,0,6,10,43,1,1,0,310,142,13,34,33,1,1196,1174,22,22,22,0,1,100
48cc069ae6585716c45d5b903a6b428691062b76,0,0,0,0,0,0,0,0,0,0,0,0,0,0,143,14,0,0,0,0,0,0,0,0,0,1,100
3dd0f40e2e87de98195bed792d03adf1cec4848c,0,0,0,0,0,0,0,0,0,0,0,0,0,0,144,15,0,0,0,0,0,0,0,0,0,1,100
c1aed00e0090aba01a422c512bd8a9e447e80031,0,0,0,0,0,0,0,0,0,0,0,0,0,0,145,16,0,0,0,0,0,0,0,0,0,1,100
5b425e41bae2f455cae2c365ed617d5ac833847b,0,0,0,0,0,0,0,0,0,0,0,0,0,0,146,17,0,0,0,0,0,0,0,0,0,1,100
6b50a7f69984ff8d5dc53def4d5bcfeb12c06c5f,1,0,4,4,0,0,0,6,9,16,1,1,0,314,12,3,33,34,1,1174,1196,22,22,22,0,0,100
96150dfe6901e0bf89e75c160e01575a711be304,1,2,1,1,0,0,0,3,5,198,1,1,0,243,0,0,39,40,1,1622,1626,4,12,12,0,0,100
9098f9d765bbae96e1577f000abb416092d1fc34,1,1,2,1,0,0,0,2,4,112,1,1,0,244,2,1,40,39,1,1626,1622,4,12,12,0,0,100
aa0139c08db53f4071a82200d8afb2fae397aa35,1,4,0,4,0,0,0,6,10,43,1,1,0,310,147,17,34,33,1,1196,1174,22,22,22,0,1,100
7ac24b893c2162c96efb4dfdee16e6109510283b,0,0,0,0,0,0,0,0,0,0,0,0,0,0,148,18,0,0,0,0,0,0,0,0,0,1,100
c9a6f650c23f39dd3303a19a06edc45d9e97a4d4,2,7,6,1,0,0,0,6,49,13,1,2,0.89049164,1335,9,1,71,72,1,4195,4217,22,57,57,0,0,100
a26329c238f2bdcd1fd8fe41ac511a394f47c440,12,489,14,475,9,0,9,13,45,39,2,6,3.342497555,1152,6,1,79,46,33,5930,3506,2424,65,40,25,1,87.41582492
b5500ec8f7f0171e6ec37de1e85b2041d2f482af,12,14,489,475,0,9,9,14,49,15,2,6,3.342497555,1627,10,2,46,79,33,3506,5930,2424,40,65,25,0,87.41582492
727dd1d5ea36aadf05ed8ae50435aaa40a46d664,2,6,7,1,0,0,0,6,45,56,1,2,0.89049164,1336,0,0,72,71,1,4217,4195,22,57,57,0,0,100
32a49a965c314c4de4ccec0ecb4673177296fdad,2,7,6,1,0,0,0,6,49,13,1,2,0.89049164,1335,11,3,71,72,1,4195,4217,22,57,57,0,0,100
a0232c85940529860d5ccaa5db82ee95927116fb,0,0,0,0,0,0,0,0,0,0,0,0,0,0,12,4,0,0,0,0,0,0,0,0,0,0,100
905969ca3a744d86a562d3d85805c25f9f9561cc,16,748,17,731,13,0,13,13,45,15,2,8,3.780362704,1152,7,2,89,46,43,6424,3506,2918,73,40,33,1,87.08595388
1c297d70993014a4713f0fa6584a725c480e1cfd,16,17,748,731,0,13,13,14,50,11,2,8,3.780362704,1883,13,5,46,89,43,3506,6424,2918,40,73,33,0,87.08595388
6a38b52a51600c7cda561442f92a6195adce527e,16,748,17,731,13,0,13,13,45,15,2,8,3.780362704,1152,8,3,89,46,43,6424,3506,2918,73,40,33,1,87.08595388
d89faea28405a0aaf82d46164d9cb88c3547d0ca,16,14,746,732,0,13,13,6,10,13,2,8,3.759763636,1172,19,0,42,84,42,1681,4577,2896,27,60,33,1,87.08595388
9f53bdc6a0d3345696a8310a1fc0a0583b095e89,0,0,0,0,0,0,0,0,0,0,0,0,0,0,20,1,0,0,0,0,0,0,0,0,0,1,100
cfda011f936d9bc23870e9b0687d3d55941f1ab0,2,0,253,253,0,1,1,0,9,8,1,2,0.117220922,563,1,1,33,85,52,1174,2494,1320,22,41,19,0,99.69879518
3414a79c8f1f656c735360fb2bc97057a29e46cd,2,253,0,253,1,0,1,1,10,29,1,2,0.117220922,310,149,19,85,33,52,2494,1174,1320,41,22,19,0,99.69879518
425b75609452f85f90e6945bf4171a2f7cd9e099,16,732,14,718,13,0,13,6,9,8,2,8,3.77124023,440,9,4,84,42,42,4466,1681,2785,60,27,33,1,87.04402516
e1e6a602e330d71410b1876ca9fb6bfc29761f35,17,21,736,715,0,13,13,6,16,22,2,9,3.825958904,1507,6,0,92,132,40,3408,6172,2764,38,71,33,0,87.04402516
9b3a632340b66f1fe493220c0e6c22c2912e8025,0,0,0,0,0,0,0,0,0,0,0,0,0,0,7,1,0,0,0,0,0,0,0,0,0,0,100
f1f5ecd92c7ea55d01163c8dbc2360466f34fd3a,1,2,0,2,0,0,0,5,17,0,1,1,0,352,8,2,50,50,0,1735,1727,8,11,11,0,0,100
8c89d188a910a57a4e10bc956206c0f16e5d827d,1,4,9,5,0,0,0,4,15,41,1,1,0,354,3,1,48,50,2,1706,1735,29,11,11,0,0,100
097a07204af215e813efebdb60fb079130056f98,1,1,1,0,0,0,0,3,3,629,1,1,0,104,69,2,0,0,0,84,84,0,0,0,0,0,100
2e7b1d454db004c51b846d4668ed7826843a4251,0,0,0,0,0,0,0,0,0,0,0,0,0,0,70,3,0,0,0,0,0,0,0,0,0,0,100
4ac8dc3ed127134d6e8ff7d379bcabf083fef3b7,1,1,1,0,0,0,0,2,2,707,1,1,0,104,149,16,0,0,0,84,84,0,0,0,0,0,100
9b3cb1830489cc4f629d5fa38cf7ab2181475c4f,0,0,0,0,0,0,0,0,0,0,0,0,0,0,150,17,0,0,0,0,0,0,0,0,0,0,100
07a561aeec294bd92e15d155c5e1249c1bb0d5d5,1,1,1,0,0,0,0,3,3,629,1,1,0,104,151,18,0,0,0,84,84,0,0,0,0,0,100
b20fcffcbef3d8764a07e25c08a366cc85ad7afa,3,7,7,0,0,0,0,6,51,241,1,3,1.378783493,1439,14,6,71,72,1,4279,4301,22,57,57,0,0,100
498d8b22262a7706ec25097d745f1f6c63c9cb35,3,7,7,0,0,0,0,6,45,246,1,3,1.378783493,1439,0,0,72,71,1,4301,4279,22,57,57,0,0,100
3c55b103d3703fbf825a8d03bd426e4a37538b6a,0,0,0,0,0,0,0,0,0,0,0,0,0,0,71,4,0,0,0,0,0,0,0,0,0,1,100
e9238bcd15fc7b7eb19e2bd34a8b2968eaa7edd0,1,1,1,0,0,0,0,3,4,161,1,1,0,52,72,5,2,2,0,189,187,2,2,2,0,1,100
3a19ccc8450638b1028c81d792d97fcbf226fbf5,0,0,0,0,0,0,0,0,0,0,0,0,0,0,73,6,0,0,0,0,0,0,0,0,0,1,100
5e423647f0f238652b4ad7203f83f527881a8f32,4,3,7,4,0,0,0,6,9,210,2,3,1.921928095,713,1,1,74,76,2,3067,3095,28,36,36,0,0,100
e89413368caf86727228cfddf3e252ad8b411ddf,22,91,837,746,0,9,9,7,44,28,2,9,3.771993903,4005,1,0,373,495,122,14022,17110,3088,186,241,55,0,98.7037743
cbb6cf3c83eecf8d5b3f10db75b32b23766ae002,6,127,286,159,1,0,1,2,42,26,3,5,1.902839578,1979,0,0,157,215,58,6925,7885,960,91,98,7,0,99.84544049
b0f002d65ea06c5630cab6d9c7abf95b4dfe2065,26,1123,214,909,9,1,10,8,45,112,3,12,3.982017185,3671,17,0,602,420,182,19180,15104,4076,278,216,62,1,98.59047619
6c2f08f02364f3d117db483e39450ee849d7b5ec,0,0,0,0,0,0,0,0,0,0,0,0,0,0,152,17,0,0,0,0,0,0,0,0,0,1,100
30efc8a53b974dbfb657ec0e13f1d82556ffbe26,0,0,0,0,0,0,0,0,0,0,0,0,0,0,153,18,0,0,0,0,0,0,0,0,0,1,100
5f599173f29679b39df924177c7e04452a728d94,5,90,7,83,0,0,0,5,22,79,1,4,1.94971042,951,154,19,163,142,21,4735,4395,340,74,69,5,1,100
dc8907b5e4c896772ad0b38bee8d35fa5753e3f9,0,0,0,0,0,0,0,0,0,0,0,0,0,0,155,20,0,0,0,0,0,0,0,0,0,1,100
2f737761600cd8cbc8d321dd5cfcad4d28e29d05,0,0,0,0,0,0,0,0,0,0,0,0,0,0,161,22,0,0,0,0,0,0,0,0,0,1,100
5219f494e0acc333cd40cb5203458fbd3a34ca7b,0,0,0,0,0,0,0,0,0,0,0,0,0,0,162,23,0,0,0,0,0,0,0,0,0,1,100
371286a34a809fbe1f23118e80db105207c824c7,22,128,930,802,0,9,9,7,45,65,2,9,3.84739571,3858,110,0,322,464,142,12117,15407,3290,169,228,59,0,98.7037743
f155e6f445705e56b183e70f1ac64260ff74c0be,22,931,129,802,9,0,9,8,45,93,2,9,3.847307417,3056,163,24,464,322,142,15407,12117,3290,228,169,59,1,98.7037743
556ac8af1d0a0ee81473b126887e0f1cdc50080f,0,0,0,0,0,0,0,0,0,0,0,0,0,0,164,25,0,0,0,0,0,0,0,0,0,1,100
6eea872b52d6a926a0a90925abff783318b85626,0,0,0,0,0,0,0,0,0,0,0,0,0,0,165,26,0,0,0,0,0,0,0,0,0,1,100
a6bf4c3ebd5e3211550c3634e7b0f85d9f6fadf0,0,0,0,0,0,0,0,0,0,0,0,0,0,0,166,27,0,0,0,0,0,0,0,0,0,1,100
9db723d852f1fb0a053efd3eaf46430bbe40a985,0,0,0,0,0,0,0,0,0,0,0,0,0,0,168,29,0,0,0,0,0,0,0,0,0,1,100
c3a9a37a09ffa561505bad1c3adc68726dd7ad12,0,0,0,0,0,0,0,0,0,0,0,0,0,0,169,30,0,0,0,0,0,0,0,0,0,1,100
4ee369ca691436863d9afc83d0a9c21eee234e95,0,0,0,0,0,0,0,0,0,0,0,0,0,0,21,2,0,0,0,0,0,0,0,0,0,1,100
839120514c4bfc9e2694ed44f32aa42a9f0d94bc,0,0,0,0,0,0,0,0,0,0,0,0,0,0,53,0,0,0,0,0,0,0,0,0,0,1,100
827e0ba9e88f5a719532f2cf55a3963ef0bfb6db,23,738,107,631,13,0,13,4,21,46,2,12,4.092609594,1630,10,5,228,207,21,9073,6689,2384,131,103,28,1,87.04402516
185f1778ed6de45690210a208c3f5d9774d3e56f,0,0,0,0,0,0,0,0,0,0,0,0,0,0,11,6,0,0,0,0,0,0,0,0,0,1,100
d4db09f8c0160195bdc296a73ead5d8f1b022ba7,40,372,1588,1216,5,22,27,1,46,14,2,18,4.95822466,4459,0,0,347,491,144,13289,18005,4716,186,259,73,1,85.78701739
5fbe7855c7b2f6bfee6a88fea086c19f71524b89,2,10,2,8,0,0,0,1,2,0,1,1,1,91,1,1,12,12,0,464,408,56,6,6,0,0,100
6ba520a82cd80dffa94d9517ac68e4250a598158,0,0,0,0,0,0,0,0,0,0,0,0,0,0,111,1,0,0,0,0,0,0,0,0,0,0,100
60799cf0f9420f1e4878a41cff8de20949f6d363,5,95,4,91,0,0,0,2,3,0,1,2,2.27049239,240,112,2,23,23,0,1108,1091,17,14,14,0,0,100
6639abb6f9664038a41d9dfdf1f5934dbdbc4384,26,867,489,378,5,4,9,0,45,78,2,11,4.175551713,3480,0,0,464,341,123,15407,13148,2259,228,183,45,0,98.21428571
b1a64443943b554365a47f6053c51789da5f87f3,0,0,0,0,0,0,0,0,0,0,0,0,0,0,1,1,0,0,0,0,0,0,0,0,0,0,100
98fa84f66c6c41d8e23088bb5bc96ef88e27b67f,0,0,0,0,0,0,0,0,0,0,0,0,0,0,2,2,0,0,0,0,0,0,0,0,0,0,100
848a748c5a00de9fc24174b2f7ccb58e0fa393f7,1,9,4,5,0,0,0,5,17,0,1,1,0,349,170,29,50,48,2,1735,1706,29,11,11,0,1,100
b2a8a77c3b307137527c706d0cd7635a6afe25bf,0,0,0,0,0,0,0,0,0,0,0,0,0,0,171,30,0,0,0,0,0,0,0,0,0,1,100
49c12f255fda2364d1d4d68dcbdd9f14dd718065,0,0,0,0,0,0,0,0,0,0,0,0,0,0,18,1,0,0,0,0,0,0,0,0,0,1,100
39797ac6914d042051d6f4504edb6e01998bccf3,567,1326,78336,77010,15,515,530,0,6,0,5,77,7.536393379,78299,14,0,133,11946,11813,5696,380587,374891,74,5915,5841,0,7.613469985
f7fb65676dd80214760e058d366fb2d6dcb302c2,591,78924,1326,77598,576,15,591,3,37,365,5,86,7.60087628,1326,254,0,11842,154,11688,382575,6553,376022,5947,92,5855,0,6.331168831
fcc921596521befb597e07294e02eaeb877c0db2,0,0,0,0,0,0,0,0,0,0,0,0,0,0,255,1,0,0,0,0,0,0,0,0,0,0,100
179cc3760c629c7fe7ec3e0f09e17101707a010d,102,3011,3209,198,16,34,50,2,45,61,3,37,6.076650241,9222,12,7,1065,960,105,39628,40116,488,531,551,20,1,85.56197246
813ed7fc55d70093bd6d9bfb176d28a39b99bd87,1,13,2,11,0,0,0,1,2,17,1,1,0,37,13,8,5,3,2,143,99,44,4,2,2,1,100
c6ef84d13e9e767e6ae21f2772b5ad836e27e43e,3,5,4,1,0,0,0,1,7,10,1,3,1.530493057,314,14,8,22,22,0,1451,1437,14,14,14,0,1,100
188bdb83db816a7eae593f48f6981bedf859311c,2,6,2,4,0,0,0,1,3,6,1,2,1,48,15,9,0,0,0,78,60,18,0,0,0,1,100
ec086ab31812fa9ec6f42dcbc61096c6935347f4,1,1,1,0,0,0,0,2,8,0,1,1,0,116,16,10,9,9,0,535,535,0,5,5,0,1,100
b2aa030c478875411be009119b0ebc563a4036a9,25,122,760,638,0,13,13,5,51,52,2,14,4.18910488,3650,18,10,295,316,21,11445,13876,2431,149,179,30,0,87.04402516
af58c3bcfd6f23de34bd895e741831e187734f6e,1,2,6,4,0,0,0,13,45,71,1,1,0,1025,172,28,38,38,0,3021,3021,0,35,35,0,1,100
d65c913e4ed5dce07f5c802fb5b9a046ce7d6597,0,0,0,0,0,0,0,0,0,0,0,0,0,0,173,29,0,0,0,0,0,0,0,0,0,1,100
c410404a2af2a01a948a626a0023d14d62159578,0,0,0,0,0,0,0,0,0,0,0,0,0,0,174,30,0,0,0,0,0,0,0,0,0,1,100
9ac011129dc90418b9e8210abf0ff8e9f60be656,0,0,0,0,0,0,0,0,0,0,0,0,0,0,175,31,0,0,0,0,0,0,0,0,0,1,100
78c5e231f679c84d14258d190c8658f8d0b98ad3,2,39,42,3,0,0,0,3,12,33,1,2,0.891599628,370,176,32,50,49,1,1735,1715,20,26,26,0,1,100
c8a6e716af4984a0b0515e18029693db2c68be78,0,0,0,0,0,0,0,0,0,0,0,0,0,0,177,33,0,0,0,0,0,0,0,0,0,1,100
ee78097c0408e98df1951282ce72e7cfdc94cce8,0,0,0,0,0,0,0,0,0,0,0,0,0,0,178,34,0,0,0,0,0,0,0,0,0,1,100
b1c5e7eae5b647b13df5b82990eed5f3bbea9d81,0,0,0,0,0,0,0,0,0,0,0,0,0,0,179,35,0,0,0,0,0,0,0,0,0,1,100
c1f102bd35dd845026f3427caaadbd10b3535f98,29,477,977,500,4,8,12,2,46,41,2,13,4.355965335,4582,2,2,437,564,127,16507,18877,2370,220,265,45,0,98.21428571
ded6a53fb3c7e638e1dc6764f9057b110bef83bd,0,0,0,0,0,0,0,0,0,0,0,0,0,0,113,3,0,0,0,0,0,0,0,0,0,0,100
a484fcd40d02aaca99274886089623d20ee0fb98,1,5,9,4,0,0,0,2,4,0,1,1,0,68,114,4,7,6,1,204,218,14,4,4,0,0,100
6c4ff011d74c56265fe699bfc6362a627f3d0d47,27,876,477,399,5,4,9,0,45,74,2,12,4.21297704,3816,0,0,514,389,125,17142,14778,2364,239,194,45,0,98.21428571
342d2e5f1442b26393dff55601d6412bec40ef0c,2,39,42,3,0,0,0,3,12,33,1,2,0.891599628,370,5,0,50,49,1,1735,1715,20,26,26,0,0,100
0587bee8bab9fb6d789472217a083f8f5ea7c572,29,474,977,503,4,8,12,2,46,41,2,13,4.355772647,4582,115,5,438,564,126,16493,18877,2384,220,265,45,0,98.21428571
c54539be9e7bd4ea12acdc3d491d0518fdb0a3be,29,921,521,400,5,4,9,3,45,68,2,13,4.348264953,4187,0,0,565,438,127,18903,16493,2410,265,220,45,0,98.21428571
5d838b331f76ea225e913a502a332a60154d1fdf,29,263,1262,999,1,9,10,2,42,45,3,14,4.218815342,5392,1,1,517,724,207,18525,23016,4491,253,320,67,0,98.59047619
f27ac7ca536e335efc72492985d05ab062d492a3,0,0,0,0,0,0,0,0,0,0,0,0,0,0,2,0,0,0,0,0,0,0,0,0,0,0,100
71589213b9d0dade43c1289e308d593567ec66cb,0,0,0,0,0,0,0,0,0,0,0,0,0,0,3,1,0,0,0,0,0,0,0,0,0,0,100
6574592940ec99e5fffffc1adae802f1413a51aa,0,0,0,0,0,0,0,0,0,0,0,0,0,0,4,2,0,0,0,0,0,0,0,0,0,0,100
7d8b20140c3db51991166849a29793231052fcdd,0,0,0,0,0,0,0,0,0,0,0,0,0,0,2,2,0,0,0,0,0,0,0,0,0,0,100
c361603d2bffea419cb989913099639b65004f22,39,1862,223,1639,22,1,23,8,45,52,3,19,4.823426806,3642,17,8,652,426,226,22194,15318,6876,316,219,97,1,86.25531915
837b9e50acbfb3b91009ed08259c44e0efebcebf,26,158,800,642,0,13,13,3,22,52,2,14,4.302489876,2999,19,0,309,327,18,10176,12570,2394,140,170,30,0,87.04402516
4c6c77cc8aff2a8895b616fec0e28b9ebde3ea27,29,262,1259,997,1,9,10,2,42,45,3,14,4.213465262,5390,3,3,517,725,208,18525,23007,4482,253,320,67,0,98.59047619
9a9a5eb169f054c209ab51f7a72a955ae12d29c2,0,0,0,0,0,0,0,0,0,0,0,0,0,0,4,4,0,0,0,0,0,0,0,0,0,0,100
346335c8cbc894c8d7a9168fef85fd145886920c,0,0,0,0,0,0,0,0,0,0,0,0,0,0,5,3,0,0,0,0,0,0,0,0,0,0,100
c0957d040802003d6b6fcc8ad77e3600ece2e307,0,0,0,0,0,0,0,0,0,0,0,0,0,0,6,4,0,0,0,0,0,0,0,0,0,0,100
45aaed4e862b87f43a89e0e27bbb78a589c90498,0,0,0,0,0,0,0,0,0,0,0,0,0,0,7,5,0,0,0,0,0,0,0,0,0,0,100
5ebb6d9d56fbb2c71ad71ac9236739a1551223a7,0,0,0,0,0,0,0,0,0,0,0,0,0,0,5,5,0,0,0,0,0,0,0,0,0,0,100
9c0b0246a0fba746ca2b9c0d1a257e951e3055b6,0,0,0,0,0,0,0,0,0,0,0,0,0,0,6,6,0,0,0,0,0,0,0,0,0,0,100
b22e3f85335245a803296be195295f382bd23853,0,0,0,0,0,0,0,0,0,0,0,0,0,0,7,7,0,0,0,0,0,0,0,0,0,0,100
d7e446feb3be1fd1c1ee0b5bd0aea0b1511dfc43,0,0,0,0,0,0,0,0,0,0,0,0,0,0,8,8,0,0,0,0,0,0,0,0,0,0,100
a41a0ac4e7240338ec4825dc23b10e5e18db1efd,29,1257,263,994,9,1,10,3,45,106,3,14,4.209040636,4393,14,0,723,517,206,22990,18525,4465,320,253,67,1,98.59047619
1e3a2b80d4ffe3431bae5912ac3ec39cf12a8ab6,1,3,0,3,0,0,0,8,25,54,1,1,0,297,14,0,47,47,0,1478,1455,23,12,12,0,1,100
b60feb7407b77b0a70f00340d13c287324c53480,0,0,0,0,0,0,0,0,0,0,0,0,0,0,15,1,0,0,0,0,0,0,0,0,0,0,100
aff8d651ee32bec8f39baf32f2ff15595e3e0106,0,0,0,0,0,0,0,0,0,0,0,0,0,0,180,25,0,0,0,0,0,0,0,0,0,1,100
2ebdbfa7c746e7c75f3aa34866e1c42d9c0fa340,0,0,0,0,0,0,0,0,0,0,0,0,0,0,181,26,0,0,0,0,0,0,0,0,0,1,100
fad1f65369925771265d0ba322d41823683a932d,0,0,0,0,0,0,0,0,0,0,0,0,0,0,19,3,0,0,0,0,0,0,0,0,0,1,100
3a20181b034c18adb0dc9c881059ca884603eba5,0,0,0,0,0,0,0,0,0,0,0,0,0,0,20,4,0,0,0,0,0,0,0,0,0,0,100
5fe6ac938c1ff82e80ee3eba5626f458c4dc18e5,29,141,1263,1122,0,9,9,2,42,69,3,15,4.154062893,5679,98,0,555,774,219,19533,24567,5034,261,338,77,1,98.66565002
ba8975671e3449ff335704a5282ccf6bf12ca564,29,1264,142,1122,9,0,9,3,45,123,3,15,4.15406083,4557,182,24,774,555,219,24567,19533,5034,338,261,77,1,98.66565002
1a49ca631751dabc840a330639ef79234ab01717,0,0,0,0,0,0,0,0,0,0,0,0,0,0,183,25,0,0,0,0,0,0,0,0,0,1,100
832600e7bbe31f38cf5d8d58a8f138b7b9df5195,3,23,0,23,0,0,0,9,28,36,1,3,1.088925291,662,184,26,115,112,3,2995,2895,100,50,49,1,1,100
675edb486eb2f469aa66a4fa390ccf2447359385,0,0,0,0,0,0,0,0,0,0,0,0,0,0,185,27,0,0,0,0,0,0,0,0,0,1,100
1800380c2b70bc0697f43db75777b97bf2acb0e5,3,0,26,26,0,0,0,8,22,68,1,3,1.248457764,685,238,0,112,115,3,2872,2995,123,49,50,1,0,100
de0aa5af21e4ef424e0e9074223ab8a19e832115,0,0,0,0,0,0,0,0,0,0,0,0,0,0,239,1,0,0,0,0,0,0,0,0,0,0,100
f51bbad17079ca1251992e3a30834c12fdedbf29,0,0,0,0,0,0,0,0,0,0,0,0,0,0,240,2,0,0,0,0,0,0,0,0,0,1,100
581a528fbeab1c121c0511ece856eafd3dd674de,41,2805,0,2805,38,0,38,9,28,26,2,15,4.933915649,659,292,2,340,112,228,14422,2872,11550,210,49,161,0,87.68258981
50c69fe1bda351b96f204b6705cabf590c4067a7,0,0,0,0,0,0,0,0,0,0,0,0,0,0,293,3,0,0,0,0,0,0,0,0,0,1,100
10110763090b0fbeaa797aeec9c3a0f7773daba4,15,745,11,734,13,0,13,1,8,11,1,7,3.742028035,126,294,4,53,8,45,3309,485,2824,40,5,35,1,96.53485528
61205557d9c5925a3661177fc2166b8a0413c082,0,0,0,0,0,0,0,0,0,0,0,0,0,0,295,5,0,0,0,0,0,0,0,0,0,0,100
c565d562794af33612f3da9c3a670937154f8dc4,0,0,0,0,0,0,0,0,0,0,0,0,0,0,296,6,0,0,0,0,0,0,0,0,0,1,100
b0bf870af8d2d605d9ad4e95bf51960acb31c939,1,5,0,5,0,0,0,4,8,75,1,1,0,147,297,7,18,16,2,744,716,28,8,8,0,0,100
1e3b8c100a61db6e1afc54a003e4eea31e6f18df,0,0,0,0,0,0,0,0,0,0,0,0,0,0,298,8,0,0,0,0,0,0,0,0,0,1,100
598acf9710920028ed0c240dc6add02a895f2f48,0,0,0,0,0,0,0,0,0,0,0,0,0,0,299,9,0,0,0,0,0,0,0,0,0,1,100
9968b8b03b9b8eeb9e2f9293d58460cb01647fb1,0,0,0,0,0,0,0,0,0,0,0,0,0,0,300,10,0,0,0,0,0,0,0,0,0,1,100
7d21ffe9f9f61c9e3115add26a250b95084b131d,58,182,3573,3391,2,51,53,1,21,4,2,23,5.511937188,4601,16,0,171,436,265,6339,19984,13645,63,255,192,0,86.0240031
747765b9042443443a29a2191303c32976d1e640,59,3575,184,3391,51,2,53,0,20,27,3,24,5.518115558,1268,0,0,437,172,265,20214,6569,13645,256,64,192,0,86.0240031
da30c0567ecdb1d1cc1a0af1f62815b47dc48ce8,59,185,3575,3390,2,51,53,1,21,4,3,24,5.518549168,4659,17,1,172,437,265,6573,20214,13641,64,256,192,0,86.0240031
ee86ad9b6963722a2f2d91c04d5014c11c0a9024,59,3582,188,3394,51,2,53,0,29,23,2,24,5.527228963,1514,186,16,485,219,266,21497,7838,13659,267,75,192,0,86.0240031
7071fba98caf453db5505b4287f3ebc343a56b54,1,5,9,4,0,0,0,9,28,0,1,1,0,307,0,0,48,49,1,1495,1513,18,12,12,0,1,100
d6a71142eec6f669f335312f418134960143fdbc,57,11,3552,3541,0,51,51,8,25,4,2,23,5.430880553,4476,21,5,136,411,275,4096,18475,14379,62,258,196,0,86.35658915
2b7c79a2bd66f0502515851935a3d92eb34c3453,57,3552,11,3541,51,0,51,9,28,20,2,23,5.430880553,935,0,0,411,136,275,18475,4096,14379,258,62,196,0,86.35658915
76353a80ff8d0121cdd5ef53e518f07f0be95a0a,1,2,0,2,0,0,0,10,29,20,1,1,0,303,0,0,48,48,0,1515,1495,20,12,12,0,0,99.91993595
a2484f3e7659841d986439b73c79116f8ba0d70b,57,11,3554,3543,0,51,51,8,25,4,2,23,5.433339863,4478,22,6,136,411,275,4096,18495,14399,62,258,196,0,86.26842514
a1cf23d81eded0da5183c61912908761226732c9,57,3552,11,3541,51,0,51,9,28,20,2,23,5.430880553,935,0,0,411,136,275,18475,4096,14379,258,62,196,0,86.35658915
7a58c2d23214d818e6d6d974f1f2cc7a25e91d1a,0,0,0,0,0,0,0,0,0,0,0,0,0,0,74,0,0,0,0,0,0,0,0,0,0,1,100
a0ca23ca8862500a59b4f4029f05386e3be2ced8,83,477,4530,4053,4,59,63,2,46,14,2,32,5.968158346,8399,116,0,462,861,399,17694,34470,16776,233,472,239,0,85.18808777
18f283e329920696439c8766155f3291fc339dcc,83,4228,665,3563,45,4,49,3,45,32,2,32,5.931233312,4836,186,6,863,462,401,34480,17694,16786,474,233,241,1,85.18808777
ab2cf9a63bc772bb8399320a2141c20c40543a2b,0,0,0,0,0,0,0,0,0,0,0,0,0,0,186,6,0,0,0,0,0,0,0,0,0,0,100
9d8a6f0d17bd15799e32a10844ade455d51d6aef,0,0,0,0,0,0,0,0,0,0,0,0,0,0,187,7,0,0,0,0,0,0,0,0,0,0,100
4196e5fe1757ea169a35b305f1f51a05c3dec00c,0,0,0,0,0,0,0,0,0,0,0,0,0,0,187,7,0,0,0,0,0,0,0,0,0,1,100
393a21aba625c1700befe209945abe09105037c2,0,0,0,0,0,0,0,0,0,0,0,0,0,0,190,10,0,0,0,0,0,0,0,0,0,1,100
e62d3d7fcb34258a65f54bb2f02fa6602b38e75b,0,0,0,0,0,0,0,0,0,0,0,0,0,0,191,11,0,0,0,0,0,0,0,0,0,1,100
50ab15b73aaeaa5e15c9341755f20152ad3316e6,0,0,0,0,0,0,0,0,0,0,0,0,0,0,192,12,0,0,0,0,0,0,0,0,0,0,100
7c37b05e02c7d6aee3fd46e8fea888220f137084,1,2,2,0,0,0,0,3,6,268,1,1,0,58,193,13,1,1,0,230,230,0,1,1,0,1,100
b607ca9b9b641babab310144560bf253861579b2,0,0,0,0,0,0,0,0,0,0,0,0,0,0,194,14,0,0,0,0,0,0,0,0,0,1,100
96574686e5ec3b83f906fe85793d6937a4729ee2,1,2,0,2,0,0,0,10,29,20,1,1,0,303,195,15,48,48,0,1515,1495,20,12,12,0,1,99.91993595
aa33ecd318a423f28fe14fde0269ee4b43dd7240,0,0,0,0,0,0,0,0,0,0,0,0,0,0,196,16,0,0,0,0,0,0,0,0,0,1,100
0d82c2fc127343f18c3b41ae7951989a6515f371,1,5,2,3,0,0,0,4,11,53,1,1,0,194,197,17,28,26,2,1093,1076,17,10,10,0,1,100
d4ebb6de222a1f017c15104b5b8d463f6c232cd7,0,0,0,0,0,0,0,0,0,0,0,0,0,0,198,18,0,0,0,0,0,0,0,0,0,1,100
9c9803b98efbea2b651a56051ed1d9b4d7c484b9,0,0,0,0,0,0,0,0,0,0,0,0,0,0,199,19,0,0,0,0,0,0,0,0,0,1,100
acc1ae6a757cf426e5917dfdd910c746442b2bc2,1,18,6,12,0,0,0,14,46,119,1,1,0,1021,0,0,41,38,3,3100,3021,79,38,35,3,1,100
8f6fbdad58c6d7ff2c9ab6270e33cade61e7d530,84,281,4836,4555,1,60,61,2,42,15,3,33,5.92948303,9279,0,0,542,1028,486,19956,38939,18983,267,533,266,0,85.5682265
8abafb34188edcc9e8845c0b24ccd3e13647fb18,83,4814,273,4541,60,1,61,3,45,45,3,33,5.928004074,4666,187,7,1024,541,483,38617,19726,18891,529,266,263,0,85.61886051
8604e9044ab08dedcb2851685b70abe54c278c2b,3,11,9,2,0,0,0,10,29,112,2,3,1.512887622,558,199,19,77,77,0,2838,2825,13,23,23,0,1,99.91993595
32c671ad173b4e33b1be1ef1a0e279808b06e3b8,62,63,3605,3542,0,51,51,2,51,5,3,27,5.515430216,6121,19,0,250,528,278,10115,24574,14459,134,330,196,0,86.26842514
1d841941a848bfd17e9a830413415cca21ff76f8,1,2,2,0,0,0,0,14,52,80,1,1,0,1025,20,1,38,38,0,3021,3021,0,35,35,0,0,100
2db902e3883519c3c602c046003b8354d6edfbc3,62,3605,63,3542,51,0,51,3,45,20,3,27,5.515430216,2579,19,0,528,250,278,24574,10115,14459,330,134,196,1,86.26842514
cdaa90b11601f99dc2d7bb2147dd05f48e072941,0,0,0,0,0,0,0,0,0,0,0,0,0,0,21,1,0,0,0,0,0,0,0,0,0,0,100
4da836f251fad76eb9cd3c0ed6a7bb60289ebf42,1,2,3,1,0,0,0,3,6,204,1,1,0,265,0,0,40,40,0,1589,1588,1,12,12,0,0,100
2058f40095f5134834821d768a74ffb0905639dd,1,3,2,1,0,0,0,2,5,82,1,1,0,264,0,0,40,40,0,1588,1589,1,12,12,0,0,100
27400ee39d99909abb791eb732714ba4265d40be,1,5,2,3,0,0,0,10,32,14,1,1,0,305,201,15,50,48,2,1539,1515,24,12,12,0,1,100
0ee6631635222af94719551376480de7c4d761d0,0,0,0,0,0,0,0,0,0,0,0,0,0,0,202,16,0,0,0,0,0,0,0,0,0,1,100
5171c89a66dde90cac1a652e942801d862be6bbb,0,0,0,0,0,0,0,0,0,0,0,0,0,0,204,18,0,0,0,0,0,0,0,0,0,1,100
ee71deeea40159a77175e0668b6fb0b70e5d3237,0,0,0,0,0,0,0,0,0,0,0,0,0,0,205,19,0,0,0,0,0,0,0,0,0,1,100
05a83c8e542642b4fa403a13ac697c2f91e47997,1,18,6,12,0,0,0,14,46,119,1,1,0,1021,206,20,41,38,3,3100,3021,79,38,35,3,1,100
2c46e4c6d76462100b746041c132fb30767b47e6,0,0,0,0,0,0,0,0,0,0,0,0,0,0,207,21,0,0,0,0,0,0,0,0,0,1,100
5887eb329b1f50666d6736136f875da6a6e62f6e,7,354,23,331,5,0,5,2,49,42,1,4,2.622475426,1488,216,23,155,131,24,7018,5869,1149,89,74,15,1,99.56122856
93e712b3781916e23f4f17693d96615e603f9c9e,0,0,0,0,0,0,0,0,0,0,0,0,0,0,217,24,0,0,0,0,0,0,0,0,0,1,100
f49aa1c3dc45e0ee2c74b5b86c13fa135a55b8fe,1,6,1,5,0,0,0,6,13,54,1,1,0,197,218,25,29,28,1,1119,1093,26,10,10,0,1,100
8dd170d41c8ecf935f4e7a8d263bbe3cee57d3e4,0,0,0,0,0,0,0,0,0,0,0,0,0,0,219,26,0,0,0,0,0,0,0,0,0,1,100
103e2c19ec10375649d536363dde6ad644bd8f44,0,0,0,0,0,0,0,0,0,0,0,0,0,0,220,26,0,0,0,0,0,0,0,0,0,1,100
14d0ee5c5a66e4955112b6186d564a0abf16e13e,0,0,0,0,0,0,0,0,0,0,0,0,0,0,221,27,0,0,0,0,0,0,0,0,0,1,100
b7fb68c5cb7866c63af437a8a7d63217517393d0,1,6,2,4,0,0,0,16,57,0,1,1,0,1039,222,28,41,41,0,3118,3118,0,38,38,0,1,100
2b4cbe91cd4f42649c06fb75293397c8eb5de669,0,0,0,0,0,0,0,0,0,0,0,0,0,0,223,29,0,0,0,0,0,0,0,0,0,1,100
4042b9dea8c8bb647c5860ecfc257fb3ad22acf3,0,0,0,0,0,0,0,0,0,0,0,0,0,0,224,30,0,0,0,0,0,0,0,0,0,1,100
5ddf308a8df765885410bd116017bd3132fea089,0,0,0,0,0,0,0,0,0,0,0,0,0,0,225,31,0,0,0,0,0,0,0,0,0,1,100
6393d31b0be99f93213405543c8af8d6e8cd6f63,0,0,0,0,0,0,0,0,0,0,0,0,0,0,226,32,0,0,0,0,0,0,0,0,0,1,100
15757694512319540d385257af3af6d19c8b1aaa,0,0,0,0,0,0,0,0,0,0,0,0,0,0,227,33,0,0,0,0,0,0,0,0,0,1,100
3fcaf69637620173baddc13637bf0ba3289b254d,0,0,0,0,0,0,0,0,0,0,0,0,0,0,228,34,0,0,0,0,0,0,0,0,0,1,100
97608671d59c8d8267822c62481e4a40963834c8,0,0,0,0,0,0,0,0,0,0,0,0,0,0,229,35,0,0,0,0,0,0,0,0,0,1,100
01f7a02bd0971eb40322d4ab63fd8bc948192544,1,3,0,3,0,0,0,3,5,303,1,1,0,243,0,0,41,40,1,1637,1626,11,12,12,0,0,100
c0eec64c74a97ff8a1ba28488a5c2775f4f81bfd,1,0,3,3,0,0,0,2,4,112,1,1,0,246,19,0,40,41,1,1626,1637,11,12,12,0,1,100
d1d2ccbe0259778af2d049ee10535ba0f7e9788d,0,0,0,0,0,0,0,0,0,0,0,0,0,0,22,0,0,0,0,0,0,0,0,0,0,0,100
cccd4a5336c230ef1fca3a6f23aa55aabc9428fe,0,0,0,0,0,0,0,0,0,0,0,0,0,0,20,1,0,0,0,0,0,0,0,0,0,1,100
bfc7ce193da1313fb656c859ec253cb6d98d0f3e,0,0,0,0,0,0,0,0,0,0,0,0,0,0,230,36,0,0,0,0,0,0,0,0,0,1,100
d9b68ab1c7bd3cd3fadfb24d1240a5c1c01890ec,0,0,0,0,0,0,0,0,0,0,0,0,0,0,231,37,0,0,0,0,0,0,0,0,0,1,100
e9ee271e20607ced950da075cbf998d616296dc1,67,233,3971,3738,2,56,58,1,45,5,3,29,5.714785063,6537,18,0,287,581,294,12221,27121,14900,122,331,209,0,85.57098765
24749f1b18508de151e892dbb756c721bec29f1b,1,2,2,0,0,0,0,9,22,58,1,1,0,431,19,1,87,87,0,2675,2675,0,33,33,0,0,100
b89a00c18d3db6f34d861e8b6b35e972645c3a24,67,3973,235,3738,56,2,58,0,57,19,3,29,5.714640421,2799,304,0,581,287,294,27121,12221,14900,331,122,209,0,85.57098765
db51cace985dd2b97253aadfe2385fcf4a7b1661,0,0,0,0,0,0,0,0,0,0,0,0,0,0,305,1,0,0,0,0,0,0,0,0,0,1,100
926583cdd6e78d067e57575c633e23931e848f1e,0,0,0,0,0,0,0,0,0,0,0,0,0,0,306,2,0,0,0,0,0,0,0,0,0,1,100
c69ced723ae2df2935055ae17dcd425ea41ad629,0,0,0,0,0,0,0,0,0,0,0,0,0,0,307,3,0,0,0,0,0,0,0,0,0,1,100
53f9de4b001b8949e7ed45759adefb787c350ed2,0,0,0,0,0,0,0,0,0,0,0,0,0,0,308,4,0,0,0,0,0,0,0,0,0,0,100
dab6096958983b603e292e80256dfd09ccd3e9b2,0,0,0,0,0,0,0,0,0,0,0,0,0,0,309,5,0,0,0,0,0,0,0,0,0,1,100
529c6db1ac5b648cf636f93c8221d52be685e8ad,1,2,3,1,0,0,0,3,6,204,1,1,0,265,310,6,40,40,0,1589,1588,1,12,12,0,0,100
5f61c08bb4326995ebdca83d823352fb65f17aa3,1,1,1,0,0,0,0,3,6,9,1,1,0,243,311,7,39,40,1,1622,1626,4,12,12,0,0,100
5e6331126b7177c4223133a8c13a47d6ce5668df,1,3,0,3,0,0,0,4,8,10,1,1,0,243,312,8,40,39,1,1633,1622,11,12,12,0,0,100
002aae294a7070cdc76ea025eb4d8a89e766527b,0,0,0,0,0,0,0,0,0,0,0,0,0,0,313,9,0,0,0,0,0,0,0,0,0,2,100
0c25e8f560ab46c6788c9ffc189ea5760a2a7186,0,0,0,0,0,0,0,0,0,0,0,0,0,0,232,38,0,0,0,0,0,0,0,0,0,1,100
25d286e5a016a5b04b1ab2afc428ca13a4298106,0,0,0,0,0,0,0,0,0,0,0,0,0,0,75,1,0,0,0,0,0,0,0,0,0,1,100
3eab6db969a794a7024fa90d57fc96ca32070650,0,0,0,0,0,0,0,0,0,0,0,0,0,0,314,10,0,0,0,0,0,0,0,0,0,1,100
cbd0d5cad9efe692a4504e66e59af7782ddf300b,0,0,0,0,0,0,0,0,0,0,0,0,0,0,315,11,0,0,0,0,0,0,0,0,0,1,100
b1ec9f1df3bbaabbf8cc1cd925a38ac8a283f95c,0,0,0,0,0,0,0,0,0,0,0,0,0,0,316,12,0,0,0,0,0,0,0,0,0,0,100
409df70c52ead29c9ad3d3febf1fddfc2161a095,0,0,0,0,0,0,0,0,0,0,0,0,0,0,317,13,0,0,0,0,0,0,0,0,0,0,100
1684ecc4d05281c136d6e005b11bde71890f4ab6,0,0,0,0,0,0,0,0,0,0,0,0,0,0,318,14,0,0,0,0,0,0,0,0,0,0,100
a298079598b36c26b238cd8415d126a00c2f823f,0,0,0,0,0,0,0,0,0,0,0,0,0,0,319,15,0,0,0,0,0,0,0,0,0,0,100
5fb37727affcfb065f78bf97a2627f6bfe01b02f,0,0,0,0,0,0,0,0,0,0,0,0,0,0,320,16,0,0,0,0,0,0,0,0,0,1,100
445cc82a9aeef23cc473d8d4854a3a1da03d5ca9,0,0,0,0,0,0,0,0,0,0,0,0,0,0,321,17,0,0,0,0,0,0,0,0,0,1,100
4e692e0349bc3f62df4453385180f5952c8e4b45,4,186,46,140,2,0,2,1,27,31,1,3,1.790879317,825,322,18,151,141,10,5297,4603,694,52,48,4,0,99.80182323
58f658214560ab169a4d2dcc81dbe29eacbcf896,0,0,0,0,0,0,0,0,0,0,0,0,0,0,323,19,0,0,0,0,0,0,0,0,0,1,100
766106a1f19d4b71082efeb1b59331eef6587900,0,0,0,0,0,0,0,0,0,0,0,0,0,0,1,0,0,0,0,0,0,0,0,0,0,0,100
1201b8481b8606d520641be441339a61245b1ce0,73,143,4191,4048,0,58,58,0,45,8,3,30,5.795846796,7936,3,0,468,788,320,17804,34272,16468,205,423,218,0,85.73631457
b16fd27083a66042b16a6e0bcbc60110307b2cbc,0,0,0,0,0,0,0,0,0,0,0,0,0,0,4,1,0,0,0,0,0,0,0,0,0,0,100
fbbc09e051ce3be70d412cb8b5c6ddad4658f4e8,0,0,0,0,0,0,0,0,0,0,0,0,0,0,5,2,0,0,0,0,0,0,0,0,0,0,100
7391d32d978c906c80343fa8f59d31a64b8170ab,26,216,1208,992,1,9,10,7,42,51,3,12,4.040590454,4665,1,1,420,623,203,15104,19520,4416,216,283,67,0,98.59047619
264354305207f04019bf621b5fc06d134632e1b6,93,5396,356,5040,67,1,68,1,57,35,3,35,6.102928412,5232,76,1,1145,622,523,44054,23170,20884,576,291,285,1,85.0332161
9ba14a82a1a8dece64f4a6d07cde6ebb4589d116,0,0,0,0,0,0,0,0,0,0,0,0,0,0,77,2,0,0,0,0,0,0,0,0,0,1,100
3540b0051f7e4fb629d7be302a16e856e960dccc,0,0,0,0,0,0,0,0,0,0,0,0,0,0,1,0,0,0,0,0,0,0,0,0,0,0,100
547575130ea1d3755c353023ce8f73e2153d2e9c,0,0,0,0,0,0,0,0,0,0,0,0,0,0,78,3,0,0,0,0,0,0,0,0,0,1,100
5aae7686d8a9bb0abf4a459390e8c3622ad0084b,0,0,0,0,0,0,0,0,0,0,0,0,0,0,32,2,0,0,0,0,0,0,0,0,0,0,100
2921336a1889164a15044f9c5b53ee1458cd8d80,93,356,5396,5040,1,67,68,0,42,14,3,35,6.102928412,10272,9,0,622,1145,523,23170,44054,20884,291,576,285,0,85.0332161
c99145c93130e93bff8132516fafbecead815ea8,93,5396,356,5040,67,1,68,1,57,35,3,35,6.102928412,5232,0,0,1145,622,523,44054,23170,20884,576,291,285,1,85.0332161
08d21a2cb35a5123dedf0bbe13eeef48ee7896b5,639,2284,82379,80095,29,610,639,0,7,0,5,95,7.762637252,82379,15,0,205,12283,12078,9911,397919,388008,121,6148,6027,0,5.829596413
fafda26918fb7284f8a7ea69e4168f79775f4e42,6,13,13,0,0,0,0,2,3,141,1,5,2.449311833,538,16,1,38,38,0,2727,2727,0,22,22,0,0,94.59459459
9cf06354fcf650694a50719b50f02715a033ecb5,1,0,162,162,0,1,1,2,4,0,1,1,0,162,17,2,0,20,20,0,883,883,0,12,12,0,95.17241379
509e41514bb92ef65dba1449bbd935557dc8193c,1,162,0,162,1,0,1,1,1,0,1,1,0,0,18,3,20,0,20,883,0,883,12,0,12,0,95.17241379
4c515dd71f4b9fb42ca56b738de7758236547046,639,82379,0,82379,610,0,610,1,57,363,4,95,7.665609294,2284,343,24,12454,205,12249,406178,9911,396267,6241,121,6120,0,15.39338655
e96b4467bedd5db7dfdcce9e5623da79ae2e5468,122,356,7680,7324,1,96,97,0,42,8,3,43,6.544598226,12556,10,1,622,1350,728,23170,53965,30795,291,697,406,0,86.62184874
f259f1da288171a9393fb500150d034ccca0d146,94,5403,363,5040,67,1,68,1,57,38,3,35,6.112698824,5475,235,0,1176,653,523,45274,24361,20913,587,302,285,1,85.0332161
9f823caaba08298c81f77d5d54aa062747b4e542,1,7,7,0,0,0,0,3,8,0,1,1,0,243,33,1,31,31,0,1191,1220,29,11,11,0,0,100
83ec8b3fa2bb00910a2285d5d0d37c52d690e76f,0,0,0,0,0,0,0,0,0,0,0,0,0,0,34,2,0,0,0,0,0,0,0,0,0,0,100
3ab2063c767fab90d201169dc3639283409be32c,0,0,0,0,0,0,0,0,0,0,0,0,0,0,35,3,0,0,0,0,0,0,0,0,0,0,100
32ff6e1fd62a64e156b58af24924ec7b7d5277a4,1,16,0,16,0,0,0,7,17,402,1,1,0,301,235,0,28,27,1,1305,1269,36,10,9,1,1,100
8cfd40e9788e3b50aa409448db62de4708e59eff,1,0,16,16,0,0,0,6,16,0,1,1,0,317,22,0,27,28,1,1269,1305,36,9,10,1,0,100
bc093ddeed442cefd6f3ac82e742467f90d0422a,1,121,0,121,1,0,1,1,1,0,1,1,0,0,235,0,12,0,12,533,0,533,9,0,9,1,99.92094862
206daf69d41fb4ef9050bd5eafd9d0ab86251150,0,0,0,0,0,0,0,0,0,0,0,0,0,0,236,1,0,0,0,0,0,0,0,0,0,1,100
d9309024903f855366caf60ece500f6ccaa16895,0,0,0,0,0,0,0,0,0,0,0,0,0,0,237,2,0,0,0,0,0,0,0,0,0,1,100
a9fb9c58c90fcd18386bf2ecfc7e3197b2dd526e,0,0,0,0,0,0,0,0,0,0,0,0,0,0,238,3,0,0,0,0,0,0,0,0,0,1,100
0b457f22865e4ab3be5b55f17271528b2c461c70,0,0,0,0,0,0,0,0,0,0,0,0,0,0,10,0,0,0,0,0,0,0,0,0,0,0,100
2596e335f27a57784a93a57823bd93dde587909f,2,2,1,1,0,0,0,3,9,244,1,2,0.918295834,324,51,0,30,30,0,1802,1779,23,20,20,0,1,100
3b609c21fee42951b6260d5344b7fc88fa2d96ab,2,1,2,1,0,0,0,2,8,79,1,2,0.918295834,325,14,1,30,30,0,1779,1802,23,20,20,0,0,100
94e731c153488996c60fd764b030ae90a5bb0639,1,16,0,16,0,0,0,7,17,402,1,1,0,301,240,5,28,27,1,1305,1269,36,10,9,1,1,100
cfcedcf4ad5e5c96fe3f30a0b710cfc604063231,0,0,0,0,0,0,0,0,0,0,0,0,0,0,241,6,0,0,0,0,0,0,0,0,0,1,100
985fb1f531de086a9b1d75df6fb05945a1517230,0,0,0,0,0,0,0,0,0,0,0,0,0,0,79,0,0,0,0,0,0,0,0,0,0,0,100
b0974a37ba4abeb834d1d1729ad11f6b4e43fa28,0,0,0,0,0,0,0,0,0,0,0,0,0,0,242,7,0,0,0,0,0,0,0,0,0,0,100
55231b27922a7cccf7592ebc82de37791a097a07,0,0,0,0,0,0,0,0,0,0,0,0,0,0,21,0,0,0,0,0,0,0,0,0,0,1,100
7f29b73b477a4f5e12958ccbdf5b6724395c7d5b,0,0,0,0,0,0,0,0,0,0,0,0,0,0,0,0,0,0,0,0,0,0,0,0,0,1,100
46f058854d6ad4e5cad41739c397b703366eaf36,0,0,0,0,0,0,0,0,0,0,0,0,0,0,243,8,0,0,0,0,0,0,0,0,0,1,100
695453619706edb706df8dcb54561e9d17e837a0,2,2,1,1,0,0,0,3,9,244,1,2,0.918295834,324,52,1,30,30,0,1802,1779,23,20,20,0,1,100
70f98f57fa5f2aa9ab720be4712c2170b4e1c2e9,0,0,0,0,0,0,0,0,0,0,0,0,0,0,53,2,0,0,0,0,0,0,0,0,0,1,100
3c18fd76971f00a1c691d1c1b74f320115c4bc72,2,1,2,1,0,0,0,2,8,79,1,2,0.918295834,325,36,3,30,30,0,1779,1802,23,20,20,0,0,100
d2ca0b344fe685c2978c55b9792cde1ef8273eda,8,176,324,148,1,1,2,3,9,600,2,5,2.176903344,1122,54,0,98,119,21,4170,4772,602,76,95,19,1,95.44324772
9553b1486b35b35d5895ded1cc892096aadf3055,1,3,6,3,0,0,0,2,4,192,1,1,0,89,55,1,6,6,0,418,445,27,4,4,0,1,100
a56ccc7f5f98b34587c307d4cbdb90c91ce947de,7,329,177,152,1,1,2,2,3,505,2,4,2.222183702,735,54,3,95,74,21,3438,2786,652,79,60,19,1,95.44324772
95abbc501c8f29d08dcd1e6200e7ded65c41512e,4,51,39,12,1,0,1,3,9,129,1,2,1.251196787,752,0,0,107,108,1,4824,4823,1,49,48,1,1,99.84220907
3265508bde30144a18c33b748c37f84d5e31bb9c,4,38,50,12,0,1,1,2,8,87,1,2,1.26932871,764,324,0,108,107,1,4823,4824,1,48,49,1,0,99.84220907
c683d45ad1d2e6172764ce411fea34044e81c882,0,0,0,0,0,0,0,0,0,0,0,0,0,0,324,0,0,0,0,0,0,0,0,0,0,0,100
5d1c7c327ac804e99e75a19d8c51e79371b8f2f6,0,0,0,0,0,0,0,0,0,0,0,0,0,0,325,1,0,0,0,0,0,0,0,0,0,0,100
24b5eefb1553ae37951807502a433f24d3e95ec1,0,0,0,0,0,0,0,0,0,0,0,0,0,0,244,9,0,0,0,0,0,0,0,0,0,1,100
f3421fbe36a3391b2e621b69f47d9b5d066161cc,0,0,0,0,0,0,0,0,0,0,0,0,0,0,326,2,0,0,0,0,0,0,0,0,0,0,100
39ca6f7bd0caf0bec8ba3be5d955860085ba2460,0,0,0,0,0,0,0,0,0,0,0,0,0,0,327,3,0,0,0,0,0,0,0,0,0,1,100
f72dad8b2d290c607c7c5a9551ae9f4780268f13,0,0,0,0,0,0,0,0,0,0,0,0,0,0,328,4,0,0,0,0,0,0,0,0,0,0,100
3f2eec5ff3db9cdb72bd34027c9441e22e599dc2,7,177,329,152,1,1,2,3,4,647,2,4,2.222183702,887,329,5,74,95,21,2786,3438,652,60,79,19,1,95.44324772
a49aebb930847c4e5b76228464758ec4125aea63,0,0,0,0,0,0,0,0,0,0,0,0,0,0,330,6,0,0,0,0,0,0,0,0,0,0,100
0390891b5178919bc0b92ca27a0a25b314a7e3a6,0,0,0,0,0,0,0,0,0,0,0,0,0,0,331,7,0,0,0,0,0,0,0,0,0,1,100
9f712703e3c1017f79054a59230ce0a462504251,29,2284,0,2284,29,0,29,1,1,0,1,8,4.627073894,0,352,8,205,0,205,9911,0,9911,121,0,121,0,91.24143184
43a978fde3fb71f93438d0df939c745c186ae67f,0,0,0,0,0,0,0,0,0,0,0,0,0,0,353,9,0,0,0,0,0,0,0,0,0,1,100
38367b0d43ba9a57ecfba3830f3a11414769ca3c,0,0,0,0,0,0,0,0,0,0,0,0,0,0,354,10,0,0,0,0,0,0,0,0,0,0,100
9f682eb3c024d3742e905078c4065b0cbfadf163,0,0,0,0,0,0,0,0,0,0,0,0,0,0,55,4,0,0,0,0,0,0,0,0,0,1,100
5aaea8460878d3ad75cf1769381e5ab4052ec319,0,0,0,0,0,0,0,0,0,0,0,0,0,0,56,5,0,0,0,0,0,0,0,0,0,1,100
b3528c7d9bcb5a04bc5bac5f7ea571f0c8ea0984,0,0,0,0,0,0,0,0,0,0,0,0,0,0,57,6,0,0,0,0,0,0,0,0,0,1,100
c6aabd4a8726766eb72d6a2b35b00c680b876ab3,36,329,2461,2132,1,30,31,2,3,95,2,12,4.873965743,3019,3,0,95,279,184,3438,12697,9259,79,181,102,1,94.16909621
00d905103c73e485e4c898163bd9a9a1755ff6be,0,0,0,0,0,0,0,0,0,0,0,0,0,0,4,1,0,0,0,0,0,0,0,0,0,0,100
7a93dd6c6c5d2aec27512232c407750c5aa8a150,0,0,0,0,0,0,0,0,0,0,0,0,0,0,5,2,0,0,0,0,0,0,0,0,0,0,100
be66015dfbfad20451b66db35efb16fef50878c9,36,2461,329,2132,30,1,31,3,4,125,2,12,4.873965743,887,23,1,279,95,184,12697,3438,9259,181,79,102,1,94.16909621
1babd831334d2654b50da7fc73c61d91905f768d,0,0,0,0,0,0,0,0,0,0,0,0,0,0,24,2,0,0,0,0,0,0,0,0,0,1,100
786aacca25227dd97e2e473e3c5a09a66aa0fb8f,36,329,2461,2132,1,30,31,2,3,95,2,12,4.873965743,3019,6,3,95,279,184,3438,12697,9259,79,181,102,0,94.16909621
62f4f44566d2332af1715ea23c437bb669b92d12,0,0,0,0,0,0,0,0,0,0,0,0,0,0,7,4,0,0,0,0,0,0,0,0,0,0,100
b2ecd44a7ee13d6c98171c63d056bdef481d6e0f,37,2481,337,2144,30,1,31,3,4,144,2,13,4.905906798,977,0,0,294,109,185,13182,3853,9329,190,88,102,1,94.16909621
ccde2332da9ae2c4b43e38651cc0d08ae0ebdb18,1,21,17,4,0,0,0,3,4,1,1,1,0,102,1,1,16,15,1,504,485,19,10,9,1,1,100
f87bb3135b4dcfd2b73689a35bf0b73a6cc5bc75,5,17,28,11,0,0,0,2,2,201,2,5,1.548044644,461,21,0,44,46,2,2059,2093,34,28,29,1,1,100
dbd431f35e660631afee5f82b15f980e4216c7fd,4,5,10,5,0,0,0,1,1,0,1,4,1.889246429,360,356,12,30,30,0,1589,1644,55,19,19,0,1,100
53245c25ffb7a41de76ebf5c0558286a04a47d35,0,0,0,0,0,0,0,0,0,0,0,0,0,0,357,13,0,0,0,0,0,0,0,0,0,0,100
88b85e63913ff7b5a63533dd9fa7bedbe8df7f2a,0,0,0,0,0,0,0,0,0,0,0,0,0,0,358,14,0,0,0,0,0,0,0,0,0,1,100
84afd4582bdf538975c40bd5f36c6b4f02c605c4,0,0,0,0,0,0,0,0,0,0,0,0,0,0,359,15,0,0,0,0,0,0,0,0,0,0,100
8079245ba9688321da1c090e648caa77430cbff2,0,0,0,0,0,0,0,0,0,0,0,0,0,0,360,16,0,0,0,0,0,0,0,0,0,0,100
fc641a2da3079eba7c2980ce7ff5afcee8be407e,0,0,0,0,0,0,0,0,0,0,0,0,0,0,361,17,0,0,0,0,0,0,0,0,0,0,100
588fd378d33bbd4de4a77e602a74706e61e489e9,0,0,0,0,0,0,0,0,0,0,0,0,0,0,362,18,0,0,0,0,0,0,0,0,0,1,100
9e63e85eaa538e79882bbe1ae749a533d368ffd3,0,0,0,0,0,0,0,0,0,0,0,0,0,0,363,19,0,0,0,0,0,0,0,0,0,1,100
d50b772fb3240c6908699c65c32895791f8c2630,0,0,0,0,0,0,0,0,0,0,0,0,0,0,364,20,0,0,0,0,0,0,0,0,0,1,100
9b754ee4309786fc4c58468679506d57cd8a5072,0,0,0,0,0,0,0,0,0,0,0,0,0,0,365,21,0,0,0,0,0,0,0,0,0,1,100
42a6dbd0f48e31590485fd46c303b01c4b3279d6,0,0,0,0,0,0,0,0,0,0,0,0,0,0,366,22,0,0,0,0,0,0,0,0,0,1,100
533f7baebff24331c983ae9caecfa085968c3d11,0,0,0,0,0,0,0,0,0,0,0,0,0,0,367,23,0,0,0,0,0,0,0,0,0,0,100
e9953aff4a8c42ec363cd1d81719c970446dc5b6,0,0,0,0,0,0,0,0,0,0,0,0,0,0,368,24,0,0,0,0,0,0,0,0,0,0,100
d2707d3c37d9191ca0754243c64099ddd4a07422,0,0,0,0,0,0,0,0,0,0,0,0,0,0,369,25,0,0,0,0,0,0,0,0,0,0,100
7ab4f2418b99ebec0c27c4042942a26e4f4972be,0,0,0,0,0,0,0,0,0,0,0,0,0,0,370,26,0,0,0,0,0,0,0,0,0,0,100
ca5874cdf11af8d835335d228b643f28aeb3f9c3,2,204,70,134,0,0,0,11,33,157,1,2,0.802485455,505,3,0,101,84,17,3148,2457,691,37,24,13,1,100
1a0d4bdd735ba0ade42f6777a4c47affec931557,2,155,158,3,0,0,0,11,34,0,1,2,0.848212855,639,4,1,101,101,0,3139,3148,9,37,37,0,0,100
8c4eebf27cddfe1dca4d7c3618ffba7bf97d999d,6,72,198,126,0,0,0,10,32,59,2,6,1.164138814,991,371,27,114,131,17,4101,4728,627,43,56,13,1,100
1d9688d710f11e451526fd62109f59e7e63f7b91,0,0,0,0,0,0,0,0,0,0,0,0,0,0,372,28,0,0,0,0,0,0,0,0,0,1,100
3a4274c15492707cc944162c2380f33eb18c75ac,0,0,0,0,0,0,0,0,0,0,0,0,0,0,373,29,0,0,0,0,0,0,0,0,0,0,100
cfe7e6313acc35a5c346480b4ac4e0d863d09410,0,0,0,0,0,0,0,0,0,0,0,0,0,0,374,30,0,0,0,0,0,0,0,0,0,0,100
f7732e6ab12cfae58b6df2681ab6bdf54de83b29,0,0,0,0,0,0,0,0,0,0,0,0,0,0,0,0,0,0,0,0,0,0,0,0,0,0,100
4095078b44d7b6d2c177be65c0758b3194f5ce43,6,198,72,126,0,0,0,11,35,2,2,6,1.164138814,865,5,2,131,114,17,4720,4101,619,56,43,13,0,100
899eaec53a9b0895924c703b825dc0118e47cc83,6,72,198,126,0,0,0,10,32,59,2,6,1.164138814,991,15,0,114,131,17,4101,4720,619,43,56,13,0,100
8b8a443cbf5896985e0ab38e69baadec57bbe5d0,6,199,72,127,0,0,0,11,35,1,2,6,1.167728653,865,6,3,131,114,17,4726,4101,625,56,43,13,0,100
6c09a9ee4a20cd73bb24b195f049f23d99a04d2f,0,0,0,0,0,0,0,0,0,0,0,0,0,0,7,4,0,0,0,0,0,0,0,0,0,0,100
2af791a7f116812a396141bf737f959ea1b51f4c,0,0,0,0,0,0,0,0,0,0,0,0,0,0,8,5,0,0,0,0,0,0,0,0,0,0,100
31443dcff2d3d1096621ade38c6b61292cea339d,2,16,12,4,0,0,0,11,36,0,1,2,0.985228136,637,9,6,101,101,0,3161,3137,24,37,37,0,0,100
b6fda45124d163ff51674c5f5b889dc69a712c5b,2,20,24,4,0,0,0,11,37,0,1,2,0.925685987,641,10,7,101,101,0,3154,3161,7,37,37,0,0,99.19463087
573003b45986cce417dccee46f7771b29a6bc337,6,79,206,127,0,0,0,10,32,59,2,6,1.151267264,992,0,0,114,131,17,4101,4743,642,43,56,13,0,99.19463087
d34037d2d2b1a1e635d708e9367c5a29d2505eff,40,380,2505,2125,2,30,32,2,9,96,2,13,4.961743232,3776,1,0,202,387,185,8262,17575,9313,128,229,101,1,94.10265744
dc94bf47886c2c7b80f9eff8feec8054f6b9d43f,40,2504,379,2125,30,2,32,3,8,121,2,13,4.961389571,1651,0,0,387,202,185,17575,8262,9313,229,128,101,1,94.10265744
aae64a0b71ca5bf524bf38542afd43ae6f785252,0,0,0,0,0,0,0,0,0,0,0,0,0,0,1,1,0,0,0,0,0,0,0,0,0,1,100
d92e974a113bcaba656dd777985c520c8c9a4dd8,36,329,2466,2137,1,30,31,2,3,95,2,12,4.874418748,3024,8,0,95,279,184,3438,12752,9314,79,181,102,0,94.16909621
1897dee648686282d3bee948ed04c01b8bae729a,40,2517,368,2149,31,1,32,3,9,124,2,13,4.961743232,1639,375,4,386,203,183,17576,8261,9315,230,127,103,1,94.02985075
376ff8ebe22b92f7bc9b4311077ac669d22764d9,4,38,50,12,0,1,1,2,8,87,1,2,1.26932871,764,1,0,108,107,1,4823,4824,1,48,49,1,1,99.8648192
67b5f56c1ff3905c88eb85dbb8985c7bb8342de9,4,48,39,9,1,0,1,3,10,120,1,2,1.194356471,752,376,1,106,108,2,4808,4823,15,48,48,0,0,99.8648192
588907ddc1336356ca01ffaa8b07e2812865a642,3,9,6,3,0,0,0,1,9,51,1,1,1.584962501,521,2,1,79,78,1,3262,3246,16,25,24,1,1,100
e61162c4ccdc65ea3309f289b4640648b6555b12,3,6,9,3,0,0,0,2,10,54,1,1,1.584962501,524,3,2,78,79,1,3246,3262,16,24,25,1,0,100
12d31b4dd7b067fec5ccba794f640a3e77f1b05e,10,251,127,124,0,1,1,11,38,37,2,8,1.91950825,1626,11,6,239,220,19,9582,8909,673,104,91,13,0,99.06134764
e757b6cb1e111b61956588fc2819d4466356d6ee,10,127,251,124,1,0,1,10,32,80,2,8,1.928650968,1750,377,2,220,239,19,8909,9582,673,91,104,13,1,99.06134764
8ccb15dfecb53417e38b509c93bfb7492ea21985,0,0,0,0,0,0,0,0,0,0,0,0,0,0,378,3,0,0,0,0,0,0,0,0,0,1,100
5a460384f4eb90e4e3870f29090e81633aeafe7b,0,0,0,0,0,0,0,0,0,0,0,0,0,0,379,4,0,0,0,0,0,0,0,0,0,0,100
1aacccf286829e9289d86a6ed10b23cb2b21bc47,1,1,0,1,0,0,0,6,20,236,1,1,0,344,0,0,47,47,0,1702,1698,4,10,10,0,1,100
1d251e99850eb8969ac69021f1f78f8e40434305,1,1,1,0,0,0,0,6,21,5,1,1,0,345,1,1,47,47,0,1702,1702,0,10,10,0,1,100
a73a74aab09c42398994fcfbbde55109a0c10001,2,7,8,1,0,0,0,3,19,184,1,1,0.353359335,588,0,0,78,78,0,2918,2893,25,21,21,0,1,100
f2b3f83722fe5cdaa4ea77b3c9909859aa9c7f79,0,0,0,0,0,0,0,0,0,0,0,0,0,0,1,1,0,0,0,0,0,0,0,0,0,1,100
b64e7b7a74126f5dbf01ff257090f6396ed38ab2,0,0,0,0,0,0,0,0,0,0,0,0,0,0,2,2,0,0,0,0,0,0,0,0,0,1,100
cffe7df27cf0df83aacef6ddab4b92df2c7cdc59,0,0,0,0,0,0,0,0,0,0,0,0,0,0,32,0,0,0,0,0,0,0,0,0,0,1,100
93c4d7e5d34f2a781d87bf1956d7cc654db828d2,1,23,7,16,0,0,0,3,4,1,1,1,0,90,33,1,16,14,2,504,415,89,10,9,1,1,100
a1e1c1e206bcc22d0721226531fb1328c2d8cd53,0,0,0,0,0,0,0,0,0,0,0,0,0,0,34,2,0,0,0,0,0,0,0,0,0,1,100
1b8a32e2c3e8e624fc1ca1863898c3a10834151e,0,0,0,0,0,0,0,0,0,0,0,0,0,0,35,3,0,0,0,0,0,0,0,0,0,1,100
ff23d6462efea5275b4e4c8c1af9189c67b7412a,0,0,0,0,0,0,0,0,0,0,0,0,0,0,36,4,0,0,0,0,0,0,0,0,0,0,100
7832412302aed27f7403dfad550c9748b8a012f3,0,0,0,0,0,0,0,0,0,0,0,0,0,0,37,5,0,0,0,0,0,0,0,0,0,0,100
7602f436798e9c5775b4567e8b33bd9146c317d4,0,0,0,0,0,0,0,0,0,0,0,0,0,0,38,6,0,0,0,0,0,0,0,0,0,0,100
a370c16780d143eb756c428c4c6a26dac05de5ab,0,0,0,0,0,0,0,0,0,0,0,0,0,0,11,0,0,0,0,0,0,0,0,0,0,0,100
69ddc67a2b0ca527368ca7a27ac58621c745037b,2,208,70,138,0,0,0,11,38,18,1,2,0.784599141,505,18,1,101,84,17,3170,2457,713,37,24,13,1,100
dee91cfa3f73cdd3da6921593a71ec60ae304091,5,85,237,152,0,0,0,2,32,156,1,4,1.426831402,1336,2,2,176,195,19,5765,6592,827,54,68,14,1,100
1a3adec6434de8d4b656d779492e5a22ec655830,0,0,0,0,0,0,0,0,0,0,0,0,0,0,3,3,0,0,0,0,0,0,0,0,0,1,100
f880d619972bbbb0a1c3519298efbce260112ea6,3,30,16,14,0,0,0,3,19,122,1,2,1.121177461,679,9,0,94,92,2,3422,3308,114,31,30,1,1,100
356f9f8b6e986d5e9113ade5a80a228d15b7bc86,0,0,0,0,0,0,0,0,0,0,0,0,0,0,10,1,0,0,0,0,0,0,0,0,0,0,100
ec2d33c9f340f0b718c06dcd5dcd2df9490bc535,0,0,0,0,0,0,0,0,0,0,0,0,0,0,25,0,0,0,0,0,0,0,0,0,0,1,100
baf7e2c48a7b5340cfd169efa638fa2f1fa03eab,0,0,0,0,0,0,0,0,0,0,0,0,0,0,380,3,0,0,0,0,0,0,0,0,0,0,100
0505d47471170861ad303dc530a8d8de4e730c10,0,0,0,0,0,0,0,0,0,0,0,0,0,0,1,0,0,0,0,0,0,0,0,0,0,1,100
04583cfe70db13d6b916ef34467b7ca1205b03f2,0,0,0,0,0,0,0,0,0,0,0,0,0,0,12,1,0,0,0,0,0,0,0,0,0,0,100
46ffd19e910fea1979be547ad7894faf0dcc371f,0,0,0,0,0,0,0,0,0,0,0,0,0,0,13,2,0,0,0,0,0,0,0,0,0,0,100
b782852c3c8b5771c3ba12dadfc4e8c5e67d12ec,0,0,0,0,0,0,0,0,0,0,0,0,0,0,14,3,0,0,0,0,0,0,0,0,0,0,100
5c9d06bcb280c5059497929d7910a9a8d07349ac,0,0,0,0,0,0,0,0,0,0,0,0,0,0,11,2,0,0,0,0,0,0,0,0,0,0,100
cc633a9420962c3b93a396e4dabb978e4e373492,0,0,0,0,0,0,0,0,0,0,0,0,0,0,2,1,0,0,0,0,0,0,0,0,0,0,100
94065004b1088bc3d61792bf51e41ad3ff92545b,1,2,0,2,0,0,0,6,22,13,1,1,0,344,39,7,47,47,0,1702,1698,4,10,10,0,1,100
e15dbe281ae734e9fa46fad75b8efafadb0c2df3,0,0,0,0,0,0,0,0,0,0,0,0,0,0,40,8,0,0,0,0,0,0,0,0,0,0,100
cc9b24ec3634af707147f5205f8e2066e8300cd8,0,0,0,0,0,0,0,0,0,0,0,0,0,0,26,1,0,0,0,0,0,0,0,0,0,1,100
964188fb7a3314ff3097ddd59684f496449e6045,0,0,0,0,0,0,0,0,0,0,0,0,0,0,27,2,0,0,0,0,0,0,0,0,0,1,100
64f06c70b55bff830b62c5f7c4dfed89ea03692e,0,0,0,0,0,0,0,0,0,0,0,0,0,0,41,9,0,0,0,0,0,0,0,0,0,1,100
e3f9c521222c76d355b2705658b4b5b1b309272b,0,0,0,0,0,0,0,0,0,0,0,0,0,0,381,1,0,0,0,0,0,0,0,0,0,0,100
84b7e7307725713abcb3e7435ef1e1eba838147a,0,0,0,0,0,0,0,0,0,0,0,0,0,0,382,2,0,0,0,0,0,0,0,0,0,1,100
69b5478fdb987a54c3a78455d23224067e201ba0,1,1,0,1,0,0,0,3,5,144,1,1,0,240,383,3,28,28,0,1568,1562,6,24,24,0,0,100
b9322a5b072bdf7140a17f51acc2aee091b1faaf,2,208,70,138,0,0,0,11,38,18,1,2,0.784599141,505,384,4,101,84,17,3170,2457,713,37,24,13,1,100
a9333360678107954209a2f04e0e4836230ad2ad,0,0,0,0,0,0,0,0,0,0,0,0,0,0,385,5,0,0,0,0,0,0,0,0,0,0,100
a725b2397eb39fd811cc3afc3cf298b3fe27742e,0,0,0,0,0,0,0,0,0,0,0,0,0,0,386,6,0,0,0,0,0,0,0,0,0,1,100
4c20cd8cd48aeeb7b33d626f6b0e8583d98f0c0b,2,42,39,3,0,0,0,3,13,404,1,2,0.891599628,367,387,7,49,50,1,1715,1735,20,26,26,0,1,100
2ad95f694c9e0211f611a2f19426b6872190de4c,0,0,0,0,0,0,0,0,0,0,0,0,0,0,387,7,0,0,0,0,0,0,0,0,0,1,100
b3129de54b172733754f95950e5586bb04232ac5,0,0,0,0,0,0,0,0,0,0,0,0,0,0,388,8,0,0,0,0,0,0,0,0,0,1,100
b79d33a92b9f3ee5167e6e0932f57e408732894b,0,0,0,0,0,0,0,0,0,0,0,0,0,0,25,0,0,0,0,0,0,0,0,0,0,1,100
c81b2cbf35d97216f682f506c03fcd8155dcfcd6,0,0,0,0,0,0,0,0,0,0,0,0,0,0,389,9,0,0,0,0,0,0,0,0,0,1,100
04e6ebf44de44ff28e96c67fa36f2bbc576051c7,0,0,0,0,0,0,0,0,0,0,0,0,0,0,23,0,0,0,0,0,0,0,0,0,0,1,100
53e00ee873755b9a09f76498282ec29f0b482258,0,0,0,0,0,0,0,0,0,0,0,0,0,0,390,10,0,0,0,0,0,0,0,0,0,1,100
9ed8377df034d5834225b12db674c2f9c2b2e542,0,0,0,0,0,0,0,0,0,0,0,0,0,0,392,12,0,0,0,0,0,0,0,0,0,0,100
20f009b71712e2092e58034b8f8e382116db7b45,0,0,0,0,0,0,0,0,0,0,0,0,0,0,393,13,0,0,0,0,0,0,0,0,0,0,100
ca6bf58e3a4e1a997ad40b4dfb41417ef989fd1b,0,0,0,0,0,0,0,0,0,0,0,0,0,0,394,14,0,0,0,0,0,0,0,0,0,0,100
6a89890fe0969b11ed397138f59a3ffa30eb4475,0,0,0,0,0,0,0,0,0,0,0,0,0,0,395,15,0,0,0,0,0,0,0,0,0,0,100
851767f818823d5a94ad8a5ab2c584b04f7a13f7,0,0,0,0,0,0,0,0,0,0,0,0,0,0,396,16,0,0,0,0,0,0,0,0,0,0,100
6cfc53a4225998686d21efc87be001d82deb1ebc,0,0,0,0,0,0,0,0,0,0,0,0,0,0,397,17,0,0,0,0,0,0,0,0,0,0,100
7165ec264fd5e8ecd5727e557bd6286c0491adc0,0,0,0,0,0,0,0,0,0,0,0,0,0,0,398,18,0,0,0,0,0,0,0,0,0,0,100
20aafcba184734e03bccc70f3a3f6dac521e1742,0,0,0,0,0,0,0,0,0,0,0,0,0,0,399,19,0,0,0,0,0,0,0,0,0,0,100
3ef3cc3dd789a59915a25e11b591ccada129909a,0,0,0,0,0,0,0,0,0,0,0,0,0,0,400,20,0,0,0,0,0,0,0,0,0,0,100
8160aa54b236f98cf313c39878a9859d1ed905ad,20,341,0,341,0,0,0,2,4,415,2,12,4.321812246,1274,401,21,142,142,0,6864,6864,0,93,93,0,0,100
20ce2bb9088e793b3b019110d07e77896bb642e8,0,0,0,0,0,0,0,0,0,0,0,0,0,0,402,22,0,0,0,0,0,0,0,0,0,0,100
f3824034287ceec3e6da92dbfb819c0eef11dfad,0,0,0,0,0,0,0,0,0,0,0,0,0,0,428,8,0,0,0,0,0,0,0,0,0,0,100
02f4ae96bcc962e079f9a64794b19df6634db511,268,45388,6134,39254,146,2,148,1,95,137,4,67,6.25198711,49267,458,14,15464,9029,6435,490975,266098,224877,6442,3940,2502,0,83.42074592
cdce04ff9e7400e715b33029837c685a56e07819,1,4,1,3,0,0,0,3,6,503,1,1,0,60,423,4,7,6,1,312,271,41,1,1,0,1,99.92297818
6a230e5b8f304985a40e36d363e985e3a68c1800,1,2,2,0,0,0,0,10,38,221,1,1,0,627,0,0,78,78,0,2747,2752,5,31,31,0,1,100
ed2e8911785fdfbdc84ecb67cb1256fb52bc729a,0,0,0,0,0,0,0,0,0,0,0,0,0,0,459,6,0,0,0,0,0,0,0,0,0,0,100
4073dbe6cc98c55b9705888ae697778a9974ad30,112,5346,532,4814,56,0,56,4,102,57,3,29,6.249997361,28515,448,2,5730,5259,471,179293,159112,20181,2633,2347,286,1,90.35509737
13c33f33573ca4e09f3fd6e723d8c3a08c496ca5,0,0,0,0,0,0,0,0,0,0,0,0,0,0,449,3,0,0,0,0,0,0,0,0,0,1,100
acc1a79de17802c59810193311aa182b963e8511,111,290,5404,5114,0,68,68,3,95,52,3,30,6.222837753,33197,460,6,5242,5708,466,158615,178611,19996,2343,2627,284,1,90.35509737
7e5e5f0e38069a069d560878aeb88e1a5f8015f8,0,0,0,0,0,0,0,0,0,0,0,0,0,0,461,7,0,0,0,0,0,0,0,0,0,1,100
caaefe696a0b38ad78f77f1bd45567dea36bb585,13,142,44,98,2,0,2,1,8,9,1,6,3.285749191,1141,462,6,145,135,10,6941,6513,428,60,55,5,1,99.1555783
511869c6f2eac2940941c735eb8f1559b143ca30,0,0,0,0,0,0,0,0,0,0,0,0,0,0,463,7,0,0,0,0,0,0,0,0,0,1,100
05d1f8b2451a0f958ff079699862c219ddb26833,111,5305,511,4794,56,0,56,4,102,57,3,29,6.231320869,28403,450,4,5708,5242,466,178611,158615,19996,2627,2343,284,1,91.98511166
0c2b3a4f640d1b2905c093eb85f03190ceb0a711,0,0,0,0,0,0,0,0,0,0,0,0,0,0,451,5,0,0,0,0,0,0,0,0,0,1,100
0edb8ab90c6edbfaf46f05be5dc51c1a3c5b3d03,81,117,4857,4740,0,62,62,3,95,61,3,22,5.933552063,30572,464,8,5024,5457,433,147102,165835,18733,2214,2480,266,0,93.23054686
81505f9c71a63b1d8af9825fc88bb8b59389f8a2,0,0,0,0,0,0,0,0,0,0,0,0,0,0,465,9,0,0,0,0,0,0,0,0,0,0,100
86f326a3c0b40fc1b0eab65fcb17b438e433cfd6,92,4304,312,3992,53,2,55,4,100,71,3,31,5.926793492,28253,3,1,5650,5305,345,175347,159744,15603,2541,2322,219,0,93.33333333
037a9754fdee063d2238a9c41e6ffdb79759d33d,63,1743,912,831,17,3,20,12,102,62,2,18,5.285892239,7306,70,1,821,725,96,37074,34099,2975,408,351,57,1,94.19772372
ad8112d10d662ae81498d11f78a602b97243a142,353,6331,51155,44824,2,222,224,3,59,60,4,78,6.704418542,95036,10,10,9113,16071,6958,270450,516852,246402,3999,6814,2815,0,80.87345435
ee4e94a01c29caacea480b12d57a7d77174bb9be,1,0,7,7,0,0,0,8,32,0,1,1,0,469,11,11,56,56,0,2029,2053,24,25,25,0,0,100
084c5a0b485620aa746d107419d403bf601b23d0,1,10,0,10,0,0,0,8,33,4,1,1,0,462,12,12,56,56,0,2069,2029,40,25,25,0,0,100
934cf3bfc9f697c5ed9281bafa7523408edc71cb,347,50991,6340,44651,216,2,218,4,102,119,4,78,6.681266906,50215,485,16,16055,9116,6939,516770,270538,246232,6800,4001,2799,0,80.37725225
ee31b78df55ec1ad929fd2cbe34ff07eac5c2317,1,3,0,3,0,0,0,1,2,185,1,1,0,74,452,6,5,5,0,372,345,27,3,3,0,0,100
ad98824fc9874c2fd9c0d3e461c7de63866589a6,0,0,0,0,0,0,0,0,0,0,0,0,0,0,453,7,0,0,0,0,0,0,0,0,0,0,100
fc73600228c156a68327a342bf2c2da514620bbb,0,0,0,0,0,0,0,0,0,0,0,0,0,0,454,8,0,0,0,0,0,0,0,0,0,1,100
f8906fb4d7750d5f009fccf98943060bb25e2f0c,18,608,414,194,7,1,8,2,12,77,1,2,3.675413342,1325,71,2,148,136,12,7979,7751,228,76,64,12,1,96.96831548
84fc764560b50a133c5c902af9f7be9cd0e78a4d,1,1,1,0,0,0,0,1,4,165,1,1,0,33,72,3,0,0,0,103,102,1,0,0,0,1,100
1eb85a2285a4d291ce60734bb00e5d0747986885,0,0,0,0,0,0,0,0,0,0,0,0,0,0,73,4,0,0,0,0,0,0,0,0,0,1,100
9c2972ac635ef5a7066b1abf19ffd5dc9e42718c,63,827,1768,941,3,20,23,12,100,40,2,18,5.294855256,8164,4,1,721,825,104,33971,37392,3421,349,412,63,0,94.19772372
bed27a744ab7acd061a0ab71bcb8e78bc0e0151e,63,1748,891,857,17,3,20,12,102,70,2,18,5.298537554,7307,517,23,821,725,96,37324,34105,3219,408,351,57,1,94.19772372
a0c032358a63632b958f6f0d1d0bbf9109020e9f,0,0,0,0,0,0,0,0,0,0,0,0,0,0,518,24,0,0,0,0,0,0,0,0,0,1,100
0bc08adf6aa434013861e731ed3c1064490b8706,1,0,3,3,0,0,0,2,2,314,1,1,0,77,531,28,5,5,0,345,372,27,3,3,0,1,100
c85acef1a45b0f646011f2ef2e04afe94b711050,0,0,0,0,0,0,0,0,0,0,0,0,0,0,532,29,0,0,0,0,0,0,0,0,0,1,100
8f56e1eec64396049e48b9f763df82bcc6fb5e28,0,0,0,0,0,0,0,0,0,0,0,0,0,0,488,18,0,0,0,0,0,0,0,0,0,0,100
f6e9c3575c3faefb6221d407cbe2910e25d8d84d,0,0,0,0,0,0,0,0,0,0,0,0,0,0,489,19,0,0,0,0,0,0,0,0,0,0,100
11768ba2025c89ec6cccc232f682c50a46865dc8,4,23,1,22,0,0,0,6,15,46,2,2,1.612547487,596,454,8,74,69,5,3228,3028,200,42,42,0,0,100
e7818af37ba2b62b222a4ddff948c0f3aff0c7ea,0,0,0,0,0,0,0,0,0,0,0,0,0,0,455,9,0,0,0,0,0,0,0,0,0,1,100
efdf9496669084e52852b5324f650160dd9236f6,1,0,3,3,0,0,0,2,2,314,1,1,0,77,492,22,5,5,0,345,372,27,3,3,0,0,100
b90ec781c7a7ba77f6598fe20e7842fa4a228098,69,3265,902,2363,26,8,34,12,100,27,3,24,5.246809416,6338,594,0,943,623,320,40995,29049,11946,445,279,166,0,90.75104312
d285d94d418bede3376e743f882c157a83f68a7a,68,814,3384,2570,8,32,40,12,102,71,2,23,5.25682716,8624,457,11,618,944,326,28595,40720,12125,276,448,172,0,90.75104312
a55bbbea85fa83c3e9ab664922580d464de565fe,0,0,0,0,0,0,0,0,0,0,0,0,0,0,458,12,0,0,0,0,0,0,0,0,0,1,100
832b5db2ec5101601894d8484f0d1707d98331e6,354,6490,51243,44753,2,222,224,3,59,40,4,78,6.707746644,95217,13,13,9142,16094,6952,271274,517718,246444,4016,6824,2808,0,80.87345435
afa638cdbf2440d88af3775c0f02b4dc792922b0,2,83,72,11,0,0,0,4,35,0,1,1,0.734645153,694,14,14,75,73,2,3016,2917,99,34,35,1,0,100
167be7e79896178021df4e407d79e7e8d72fba44,1,3,15,12,0,0,0,8,36,0,1,1,0,593,15,15,67,68,1,2485,2520,35,30,30,0,0,100
4104a0a9006b57debb63f56c0dd21a44809aa380,3,63,176,113,0,0,0,4,37,0,1,1,0.535594739,832,16,16,81,93,12,3008,3437,429,39,45,6,0,100
28558b34c8be84a1288f290675fb34a71ed6203f,345,50930,6309,44621,215,2,217,4,101,100,4,78,6.673420002,50103,131,0,16029,9099,6930,515995,270041,245954,6791,3997,2794,1,81.76229508
32e11b962b2ea39ffe1f3c199989a223e9d8ffeb,0,0,0,0,0,0,0,0,0,0,0,0,0,0,69,0,0,0,0,0,0,0,0,0,0,0,100
6978b58574a4de67ef12ded945e5183d96680618,64,1165,1577,412,10,13,23,12,102,79,2,18,5.337052191,7975,459,13,756,811,55,35043,37004,1961,370,402,32,0,91.6499666
23137753250b4d8e8e15cfe661a9ba6cdc037273,0,0,0,0,0,0,0,0,0,0,0,0,0,0,460,14,0,0,0,0,0,0,0,0,0,1,100
cb370a99a12a8466b4acd644bfe4eba00ee26107,32,2916,0,2916,32,0,32,1,2,0,1,10,4.37968412,0,614,16,357,0,357,13143,0,13143,188,0,188,1,93.22612086
285d943b87f5037f0eaf3d45af64622f13017dea,0,0,0,0,0,0,0,0,0,0,0,0,0,0,615,17,0,0,0,0,0,0,0,0,0,1,100
ea81f96df6eedffe668b44201c441095760c74da,1,0,3,3,0,0,0,2,2,314,1,1,0,77,653,31,5,5,0,345,372,27,3,3,0,0,100
2154048fd123a0960a4f5854ec4dd436bb775329,19,310,0,310,0,0,0,2,3,289,3,9,4.208091184,1139,616,18,133,133,0,6024,5997,27,69,69,0,0,100
b01a8c98ccad2f1f339cacee91e2ab41a52a244b,18,0,307,307,0,0,0,1,2,16,2,8,4.169797089,1372,74,4,128,128,0,5652,5652,0,66,66,0,0,100
c3cc4dc893d3a3886e1c28745960df5268509d22,19,307,3,304,0,0,0,2,3,296,3,9,4.208091184,1142,655,33,133,133,0,5997,6024,27,69,69,0,0,100
b26429621741a785658d1984d113b15d491052e3,0,0,0,0,0,0,0,0,0,0,0,0,0,0,656,34,0,0,0,0,0,0,0,0,0,0,100
6a600db8bc5b5ecf83baf93adf26ded8ffe27cee,0,0,0,0,0,0,0,0,0,0,0,0,0,0,657,35,0,0,0,0,0,0,0,0,0,0,100
53cc3da4e46ebb4eec1c0f73a5c90f4f19bc057c,0,0,0,0,0,0,0,0,0,0,0,0,0,0,658,36,0,0,0,0,0,0,0,0,0,0,100
7258f94fa1ca8ff94a4a7701967dcf86a2bce2df,0,0,0,0,0,0,0,0,0,0,0,0,0,0,659,37,0,0,0,0,0,0,0,0,0,0,100
e995febc2dc94e91d024137c12bb74d1c543d9b1,0,0,0,0,0,0,0,0,0,0,0,0,0,0,660,38,0,0,0,0,0,0,0,0,0,0,100
bbcae65d3a5a3f1d18cebca57d19a6f11c924264,0,0,0,0,0,0,0,0,0,0,0,0,0,0,661,39,0,0,0,0,0,0,0,0,0,0,100
c715e07a47b498b8a9207dbc853ca4015167b54b,379,6474,53868,47394,4,246,250,3,59,43,4,86,6.854366156,97810,14,14,9145,16387,7242,271221,528596,257375,4019,6978,2959,0,77.55972696
5f55c51acd06697e339a6d2d5a07e46a21f3e0ab,379,53903,6480,47423,246,4,250,4,102,96,4,86,6.85478574,50416,519,24,16385,9152,7233,528596,271447,257149,6976,4024,2952,1,77.55972696
5e134973eadda2c76b1fd62a0f93281abf326688,379,6472,53919,47447,4,246,250,3,59,38,4,86,6.857673222,97839,15,15,9139,16392,7253,271072,528797,257725,4014,6980,2966,0,77.55972696
6d6c260da3663f1ab1dfee6c9333fcdc278e9b46,1,25,1,24,0,0,0,8,37,0,1,1,0,482,16,16,62,58,4,2211,2078,133,26,25,1,0,100
20799b2e5a3eb983e017ce55cc0f5dff1cea7bd5,0,0,0,0,0,0,0,0,0,0,0,0,0,0,20,20,0,0,0,0,0,0,0,0,0,1,100
9ecf26cfb1b29ef369a4a99de85e2237645306c3,379,53882,6485,47397,246,4,250,4,102,96,4,86,6.857629118,50416,69,0,16380,9150,7230,528422,271431,256991,6974,4020,2954,0,77.55972696
6aeef56a4684d57e457392c5130db6ab277cbd42,2,94,0,94,1,0,1,1,104,1,1,1,0.520737569,1560,519,24,50,41,9,4950,4585,365,42,38,4,1,99.95085995
19e3a28e18dae692c8e3afca41fcb75582e1fa66,0,0,0,0,0,0,0,0,0,0,0,0,0,0,520,25,0,0,0,0,0,0,0,0,0,1,100
ce60f3b5a2686c03d9bf3ff19c3bb56bee9f90d3,1,0,3,3,0,0,0,2,2,314,1,1,0,77,535,31,5,5,0,345,372,27,3,3,0,1,100
4ad25ea32bac101ff8a1c23a16b78e460457a802,0,0,0,0,0,0,0,0,0,0,0,0,0,0,536,32,0,0,0,0,0,0,0,0,0,1,100
7b57acbe21e5000bd26ebbc4f99746cbc07637e3,1,26,0,26,0,0,0,12,46,92,1,1,0,629,538,34,135,130,5,4069,3895,174,48,46,2,1,100
c7564165454475dc27ffb7431cbbc88eb1613192,0,0,0,0,0,0,0,0,0,0,0,0,0,0,539,35,0,0,0,0,0,0,0,0,0,1,100
07f5e6769ea35f8d680f937b3358176000ae8bdc,1,3,0,3,0,0,0,1,2,185,1,1,0,74,522,27,5,5,0,372,345,27,3,3,0,1,100
bf2ef232f4b2cd58a3a91801ac6d291a60d2cd38,0,0,0,0,0,0,0,0,0,0,0,0,0,0,523,28,0,0,0,0,0,0,0,0,0,1,100
70ce03cb58574584babdf5c0cd43100a044e84d2,1,0,26,26,0,0,0,12,45,33,1,1,0,655,617,19,130,135,5,3895,4069,174,46,48,2,0,100
7e43a2b16f373a25df1e0e86e5a01266ebc69085,1,26,0,26,0,0,0,12,46,92,1,1,0,629,618,20,135,130,5,4069,3895,174,48,46,2,0,100
6168ae4e9ccf2301df8ce742ab4455a8713df4f0,3,0,120,120,0,1,1,12,102,13,1,2,1.161945152,2309,70,1,171,185,14,8480,9019,539,84,90,6,0,99.95085995
4ca39f15eea4ca8c3853f82cf00574babd47c963,3,120,0,120,1,0,1,12,104,31,1,2,1.161945152,2189,74,4,185,171,14,9019,8480,539,90,84,6,1,99.95085995
4b083f314c3e9f905407536fcd090739f25e7e4d,0,0,0,0,0,0,0,0,0,0,0,0,0,0,524,29,0,0,0,0,0,0,0,0,0,1,100
4a523ad8f1ca50e8ba7b176453e727060bda7e09,0,0,0,0,0,0,0,0,0,0,0,0,0,0,525,30,0,0,0,0,0,0,0,0,0,1,100
f35871cf481d273b9de979a2034aa96458334b32,2,7,6,1,0,0,0,7,12,1141,1,2,0.961236605,277,0,0,33,33,0,1298,1299,1,19,19,0,1,100
266f9b1a40f6efde652fbfcec4e0500643050edc,3,6,10,4,0,0,0,6,11,440,2,3,1.477217001,355,540,36,38,38,0,1644,1670,26,22,22,0,1,100
992603a651dc4c55f91ebec5cd1aecc2ec09de60,1,3,0,3,0,0,0,1,2,185,1,1,0,74,526,31,5,5,0,372,345,27,3,3,0,1,100
2f9383547b82873c77175cf94a14f8a133f59556,0,0,0,0,0,0,0,0,0,0,0,0,0,0,527,32,0,0,0,0,0,0,0,0,0,1,100
ba32efda8bc8841e0d26d95e7a93267cdc2015e9,1,0,3,3,0,0,0,2,2,314,1,1,0,77,541,34,5,5,0,345,372,27,3,3,0,1,100
446c88267d337ad089f8791952ab798a813dd992,0,0,0,0,0,0,0,0,0,0,0,0,0,0,542,35,0,0,0,0,0,0,0,0,0,1,100
b63cfd8d54ad89e1deb61059beee3e1a638dea27,1,3,0,3,0,0,0,1,2,185,1,1,0,74,528,24,5,5,0,372,345,27,3,3,0,1,100
9579c0b04ae3460a19961c81e714c2fa3b541e3c,0,0,0,0,0,0,0,0,0,0,0,0,0,0,529,22,0,0,0,0,0,0,0,0,0,1,100
3038ce8f6595a0ac89eb7e6520abb990664a9c9e,1,0,3,3,0,0,0,2,2,314,1,1,0,77,543,27,5,5,0,345,372,27,3,3,0,1,100
750c8a4155c94b9d7c0c6993a31b21ca83ba1770,0,0,0,0,0,0,0,0,0,0,0,0,0,0,544,28,0,0,0,0,0,0,0,0,0,1,100
c1ffb2e1e1ec6a8abb5118892ba5aed083222d8b,1,3,0,3,0,0,0,1,2,185,1,1,0,74,619,21,5,5,0,372,345,27,3,3,0,0,100
9c22d454646d76b21908ea8b9c92aa8fdedf6f24,1,0,3,3,0,0,0,2,2,314,1,1,0,77,662,40,5,5,0,345,372,27,3,3,0,0,100
33d6c74041c286eb8b30b26bd0d6a76aa81a667f,0,0,0,0,0,0,0,0,0,0,0,0,0,0,663,41,0,0,0,0,0,0,0,0,0,0,100
64f46ebc59d901e936a20f9d5b07115b94f8d616,0,0,0,0,0,0,0,0,0,0,0,0,0,0,664,42,0,0,0,0,0,0,0,0,0,0,100
edd9baba1e9f976c8c3d1a2b591ebf33e418a351,1,3,0,3,0,0,0,1,2,185,1,1,0,74,76,6,5,5,0,372,345,27,3,3,0,1,100
fb5fe34f55fdc7e6299d2de406ae9dd28760a10d,0,0,0,0,0,0,0,0,0,0,0,0,0,0,77,7,0,0,0,0,0,0,0,0,0,1,100
128ee14ff6f8571c973161805bceadf8cc2cfce8,0,0,0,0,0,0,0,0,0,0,0,0,0,0,135,1,0,0,0,0,0,0,0,0,0,0,100
97e3fac75925044cf43709b2d2c305c604fde2f5,0,0,0,0,0,0,0,0,0,0,0,0,0,0,620,22,0,0,0,0,0,0,0,0,0,1,100
1baaeb0688e89fa0df9a019ef0aa181a26923d06,0,0,0,0,0,0,0,0,0,0,0,0,0,0,621,23,0,0,0,0,0,0,0,0,0,1,100
80616df4e6df21c49976bd570780924e5f770da1,0,0,0,0,0,0,0,0,0,0,0,0,0,0,622,24,0,0,0,0,0,0,0,0,0,1,100
9c1ea176f5bcf2eb53543e9a645e8fb6bb10bbbb,0,0,0,0,0,0,0,0,0,0,0,0,0,0,623,25,0,0,0,0,0,0,0,0,0,1,100
5a6c7699b329ba0aa797c0c422e682b74e7b0282,2,7,6,1,0,0,0,7,12,1141,1,2,0.961236605,277,624,26,33,33,0,1298,1299,1,19,19,0,0,100
531e9c08e544acdafc5e82ab21c8d524a8af6136,0,0,0,0,0,0,0,0,0,0,0,0,0,0,625,27,0,0,0,0,0,0,0,0,0,1,100
27bc183c0f1e33fefb19b640f8a91f563c60ce61,0,0,0,0,0,0,0,0,0,0,0,0,0,0,626,28,0,0,0,0,0,0,0,0,0,0,100
7bca912e8fbb9ae607ef85af6fcce67ee1dd3046,1,0,3,3,0,0,0,2,2,314,1,1,0,77,675,53,5,5,0,345,372,27,3,3,0,0,100
6f2052b0e81775ce7adbf8719107db3e795ded28,0,0,0,0,0,0,0,0,0,0,0,0,0,0,676,54,0,0,0,0,0,0,0,0,0,0,100
f6e2ad063c6a9fef98ed2acd1f824a005daae5d1,1,3,0,3,0,0,0,1,2,185,1,1,0,74,627,29,5,5,0,372,345,27,3,3,0,0,100
58372f0a6313b914065faca7c4aa47d41f1d4f4d,0,0,0,0,0,0,0,0,0,0,0,0,0,0,628,30,0,0,0,0,0,0,0,0,0,1,100
3d5058d779260c5a23180cd711ba2239a1dfde39,1,0,3,3,0,0,0,2,2,314,1,1,0,77,679,57,5,5,0,345,372,27,3,3,0,0,100
d1e10ceecba4f87f1e70bf02ec63094eef4f4bb3,0,0,0,0,0,0,0,0,0,0,0,0,0,0,680,58,0,0,0,0,0,0,0,0,0,0,100
478d13fb3a5596d865ce1333951dd72a04e541d1,0,0,0,0,0,0,0,0,0,0,0,0,0,0,681,59,0,0,0,0,0,0,0,0,0,0,100
5ed03b83589f2cac28efb0a58ec3934296e2d776,2,27,12,15,0,0,0,1,2,132,1,2,0.858230793,825,682,14,124,121,3,5059,4940,119,40,39,1,1,100
cfcc96466bf8dc8d2bac4f8cdaceb4f6a505c61b,0,0,0,0,0,0,0,0,0,0,0,0,0,0,683,15,0,0,0,0,0,0,0,0,0,1,100
a37f33115073449985e4c7bce58078d800f34267,0,0,0,0,0,0,0,0,0,0,0,0,0,0,170,0,0,0,0,0,0,0,0,0,0,0,100
6b3b96a4cffce248f9321bd25950f7cf0cc3bfbb,0,0,0,0,0,0,0,0,0,0,0,0,0,0,684,16,0,0,0,0,0,0,0,0,0,0,100
abc15013997c4b8da9a1e8e6393fc87d302a6dc4,0,0,0,0,0,0,0,0,0,0,0,0,0,0,685,17,0,0,0,0,0,0,0,0,0,0,100
4dd2571a23883a906b80420c88abf676ed26e416,0,0,0,0,0,0,0,0,0,0,0,0,0,0,686,18,0,0,0,0,0,0,0,0,0,0,100
367a08d1b4ab434e42f824530b157c8e55160d19,377,6250,53688,47438,2,246,248,3,57,38,4,87,6.843407237,97859,80,0,9142,16387,7245,271620,529028,257408,4009,6975,2966,0,77.84090909
286bacdf49937d1e8576eff27dfc887824ffdbbb,271,45636,6416,39220,148,2,150,1,95,143,4,67,6.276603918,49402,0,0,15473,9047,6426,491090,266541,224549,6453,3950,2503,2,83.22225442
a2502c3bc3bcd4caf3800bb645058abb61d2a071,168,8662,1035,7627,80,1,81,4,103,85,2,49,6.716583595,31369,1,1,6384,5581,803,205348,172956,32392,2938,2478,460,1,87.61810045
f5db06ce2809c3b66f2d797f979f8c40133c2f60,2,5,3,2,0,0,0,5,41,0,1,1,0.811278124,632,2,2,72,72,0,2790,2778,12,33,33,0,0,100
0b4844fda8cd282e260597aa03685c2766ef7e76,34,1157,346,811,0,2,2,4,38,145,2,6,3.997231204,3095,83,0,329,320,9,13037,12776,261,174,175,1,1,99.56000978
6694e5886e8f6edf935dacba3d4f839f348689c4,0,0,0,0,0,0,0,0,0,0,0,0,0,0,2,0,0,0,0,0,0,0,0,0,0,1,100
e5bf9aab3b4a3b76c69697e595a1dac3475ee6a0,0,0,0,0,0,0,0,0,0,0,0,0,0,0,3,1,0,0,0,0,0,0,0,0,0,0,100
f4d0b82322e4f2904eb8acb81a0fa048d3a23687,1,1,0,1,0,0,0,9,24,159,1,1,0,284,4,2,42,42,0,1694,1690,4,12,12,0,1,100
6bef69cb65433e6d64ce845478229c34cd8ab04b,0,0,0,0,0,0,0,0,0,0,0,0,0,0,84,1,0,0,0,0,0,0,0,0,0,3,100
f342328f7f70354d22b3e3c8b6d7341714f59d08,1,1,1,0,0,0,0,2,3,71,1,1,0,595,0,0,106,106,0,3438,3437,1,22,22,0,0,100
aa280a680fd0eacb34fb9b6aad8b04fec4b56cb2,1,20,18,2,0,0,0,7,14,176,1,1,0,360,8,0,42,42,0,1716,1668,48,24,24,0,0,100
6141d741bcef5a6fe7069fabc31008cc5084b655,1,23,0,23,0,0,0,7,15,0,1,1,0,362,9,1,46,42,4,1894,1716,178,25,24,1,0,100
701d103f0673ac42a6522415910e1d0b89957792,0,0,0,0,0,0,0,0,0,0,0,0,0,0,85,2,0,0,0,0,0,0,0,0,0,1,100
34bc621d5e9b2833342ff5b8ea50f6c4f140f1d3,7,301,331,30,2,0,2,5,41,475,1,1,1.335866551,1097,555,0,113,122,9,4320,4610,290,54,53,1,3,99.56000978
dafbc000d7aa373f3fea6196a13b48c657aafbff,378,6212,54519,48307,2,247,249,3,59,39,4,87,6.871697246,98589,246,0,9125,16378,7253,270954,528789,257835,4004,6974,2970,3,77.89086797
ff42a3debeeb0e0e1f0fc5b2a31179c4c06fabb7,0,0,0,0,0,0,0,0,0,0,0,0,0,0,247,1,0,0,0,0,0,0,0,0,0,2,100
56de46c3e84ce56d3d722264502e806fac41119a,378,54521,6214,48307,247,2,249,4,103,111,4,87,6.871813436,50282,556,1,16374,9128,7246,528713,271026,257687,6972,4006,2966,2,77.89086797
9221dba1eee59686ec6a1bcfd93d4ce542b071e9,378,6210,54519,48309,2,247,249,3,59,41,4,87,6.871564899,98589,0,0,9125,16378,7253,270944,528789,257845,4004,6974,2970,0,77.89086797
a6557a565429b2e12fc0659c6484fc50f90b5cd5,1,25,0,25,0,0,0,5,10,795,1,1,0,273,1,1,42,41,1,1685,1641,44,12,12,0,0,100
72e243464787f8dccd1aa32f5eb40087d6f23d02,379,54522,6238,48284,247,2,249,4,103,110,4,87,6.873180372,50522,0,0,16408,9163,7245,529780,272127,257653,6990,4024,2966,0,77.89086797
8b2dd5f8f8647bcaa50a895c19f3a880e08eda1d,3,14,3,11,0,0,0,5,104,122,1,3,1.402081403,1947,1,1,92,92,0,6440,6409,31,64,64,0,0,100
b97a38352fb4c0ed20ad16d0d77d7fb52325749c,1,1,1,0,0,0,0,22,105,0,1,1,0,1578,86,3,41,41,0,4621,4621,0,38,38,0,0,100
da76088a9bb6d6f223bf03ba4bc7c0ebd98defd8,1,1,1,0,0,0,0,6,16,0,1,1,0,221,2,2,34,34,0,1072,1078,6,18,18,0,0,100
0594825303397289eee258915b05d0c0a697a717,1,5,2,3,0,0,0,6,17,0,1,1,0,221,3,3,35,34,1,1089,1072,17,18,18,0,2,100
c6cd6e782ea63784c774858b2948cedda17074d4,0,0,0,0,0,0,0,0,0,0,0,0,0,0,4,4,0,0,0,0,0,0,0,0,0,0,100
864a9cda71b3f8749ecf75e493931bc5329f8e7f,0,0,0,0,0,0,0,0,0,0,0,0,0,0,87,4,0,0,0,0,0,0,0,0,0,2,100
979e23cd73bbbb55ccadf9df9d62ac60b27e063e,379,6216,54537,48321,2,247,249,3,59,40,4,87,6.873216683,98820,0,0,9159,16413,7254,272021,529898,257877,4022,6992,2970,0,77.89086797
449fb8cbfdbd5bce14bc3a47f9e0a91b617c49f8,3,14,3,11,0,0,0,4,60,289,1,3,1.402081403,1407,1,1,90,90,0,4846,4815,31,64,64,0,0,100
511ba02a9fd7a5bffbc027501a307d7bca8871cc,1,1,1,0,0,0,0,18,61,0,1,1,0,1044,23,0,41,41,0,3118,3118,0,38,38,0,0,100
b3c5dc99a46d2f045cc7843732d5711aacefef32,1,1,1,0,0,0,0,6,16,0,1,1,0,221,2,2,34,34,0,1072,1078,6,18,18,0,0,100
fb2e9690c718b7448ef59e05a9e8bfb6afa703de,2,12,2,10,0,0,0,6,62,0,1,2,1,1265,3,3,76,75,1,4225,4190,35,56,56,0,2,100
cfe25b0cc6f0839ed349d60b0016bd353ac51bc0,0,0,0,0,0,0,0,0,0,0,0,0,0,0,4,4,0,0,0,0,0,0,0,0,0,0,100
daba5976a1dbdbb1c222bbbd0385706a265edf4c,1,0,7,7,0,0,0,18,63,0,1,1,0,1051,24,1,41,41,0,3118,3136,18,38,38,0,0,100
f17b4151fc6f5dab1c6bd091a3e3b314ba0f0ad7,0,0,0,0,0,0,0,0,0,0,0,0,0,0,25,2,0,0,0,0,0,0,0,0,0,2,100
8624fe25050534d7a625c2222ed21c7ba5fc1852,0,0,0,0,0,0,0,0,0,0,0,0,0,0,26,3,0,0,0,0,0,0,0,0,0,0,100
12b4459b0487106495ec49326c640ffebc6cbbd4,0,0,0,0,0,0,0,0,0,0,0,0,0,0,27,4,0,0,0,0,0,0,0,0,0,1,100
c804fbd2ee8795f303f9180bd6b725396041fa99,378,54522,6215,48307,247,2,249,5,105,110,4,87,6.871799254,50289,88,5,16374,9128,7246,528733,271046,257687,6972,4006,2966,2,77.89086797
8b5df970afa21fa2db3cdb87d327a8a2d9e8785c,378,6236,54520,48284,2,247,249,4,63,43,4,87,6.872738655,98596,28,5,9126,16378,7252,271008,528809,257801,4004,6974,2970,0,77.89086797
67cc2201a3a2a4f5cb724d0c350a39c2c90f7e5a,0,0,0,0,0,0,0,0,0,0,0,0,0,0,29,6,0,0,0,0,0,0,0,0,0,1,100
0315b015dc048568c708ae0a41010391dbbe9b42,378,54522,6238,48284,247,2,249,5,105,110,4,87,6.872854768,50312,89,6,16374,9129,7245,528733,271080,257653,6972,4006,2966,1,77.89086797
05bd1e36697fe7038284833032da262afb82ac99,4,59,3,56,0,0,0,3,25,342,1,2,1.724768309,689,0,0,86,80,6,3923,3626,297,38,36,2,1,100
882ef17837e35377bca20e465808e91d1a0a8caa,0,0,0,0,0,0,0,0,0,0,0,0,0,0,59,0,0,0,0,0,0,0,0,0,0,1,100
1dd0b52a6a3530fc3967ef07a482f9105e34cb56,0,0,0,0,0,0,0,0,0,0,0,0,0,0,90,4,0,0,0,0,0,0,0,0,0,1,100
1ab2505e085ed672edb19db3117d9c0f6e6627b7,1,1,1,0,0,0,0,3,4,1328,1,1,0,113,60,1,11,11,0,616,608,8,6,6,0,1,100
f2850668618b2160bc614112bf478aeaff54a9d6,0,0,0,0,0,0,0,0,0,0,0,0,0,0,91,1,0,0,0,0,0,0,0,0,0,1,100
d222c312ad393272fb6a59c3bd56b60536e66fec,378,6229,54569,48340,2,247,249,4,63,43,4,87,6.873778397,98652,0,0,9126,16384,7258,271008,529106,258098,4004,6976,2972,1,77.89086797
a58e30cbbccd2c8159544040a92cafd841a49df2,0,0,0,0,0,0,0,0,0,0,0,0,0,0,30,0,0,0,0,0,0,0,0,0,0,1,100
55f8b28f293a51d144e184396bed00b864b459ab,378,54571,6231,48340,247,2,249,5,105,111,4,87,6.873894427,50312,138,0,16380,9129,7251,529030,271080,257950,6974,4006,2968,0,77.89086797
b65488719dfe277d72f816f0f5a7607efb63f73c,0,0,0,0,0,0,0,0,0,0,0,0,0,0,0,0,0,0,0,0,0,0,0,0,0,0,100
ddb9e4c6d3588230edbe7afde186e078eac6ccaa,0,0,0,0,0,0,0,0,0,0,0,0,0,0,1,1,0,0,0,0,0,0,0,0,0,0,100
0fe6accfdfc8cbedfb5529fdba37193edcd69a26,4,73,2,71,2,0,2,1,4,589,1,2,1.654576989,142,139,1,18,14,4,961,745,216,11,8,3,0,99.85419198
e3762533e0a11bcf78e18793974cfa107e028904,1,0,35,35,0,1,1,1,2,0,1,1,0,35,140,2,0,1,1,0,110,110,0,1,1,0,93.94409938
10eb798ee60eb24b2d964e7e4eca4a2a1bfc17ce,0,0,0,0,0,0,0,0,0,0,0,0,0,0,141,3,0,0,0,0,0,0,0,0,0,0,100
17c74ce246e3f1f898dcbafa9e8605067c647c2e,1,22,2,20,0,0,0,3,5,0,1,1,0,87,142,4,20,10,10,789,519,270,4,4,0,0,100
c5203ece9a884453daa1b47ba0037bb2981256df,0,0,0,0,0,0,0,0,0,0,0,0,0,0,143,5,0,0,0,0,0,0,0,0,0,0,100
edd69d65d1f3c444e6e90f1f7effd65cb785250b,0,0,0,0,0,0,0,0,0,0,0,0,0,0,92,2,0,0,0,0,0,0,0,0,0,1,100
ac0ae4aad496656e3c4e550c5dca1884e4e950c1,0,0,0,0,0,0,0,0,0,0,0,0,0,0,93,3,0,0,0,0,0,0,0,0,0,4,100
f84bd01cd4507aec89e19217082df707766a595d,2,8,9,1,0,0,0,7,106,270,1,1,0.522559375,1929,0,0,100,99,1,5984,5965,19,51,51,0,1,100
94b4458bc683db2ef431f824a7db628be4fc983b,0,0,0,0,0,0,0,0,0,0,0,0,0,0,94,4,0,0,0,0,0,0,0,0,0,1,100
28d7e69d50ae25a0da48e49afb9d110fae9ffc9e,2,2,2,0,0,0,0,2,9,234,1,2,1,221,0,0,25,25,0,1200,1200,0,15,15,0,0,100
1c590e1667d1f3d6ff89c4368441dfe322a640e0,0,0,0,0,0,0,0,0,0,0,0,0,0,0,144,6,0,0,0,0,0,0,0,0,0,1,100
02d9b836bf63b92acff23664f8d8711cf65d282e,0,0,0,0,0,0,0,0,0,0,0,0,0,0,145,7,0,0,0,0,0,0,0,0,0,1,100
a784ae7cc70866090db1e8c1e7aa1e5986148af1,1,5,3,2,0,0,0,11,40,272,1,1,0,386,557,0,60,61,1,1940,1952,12,20,20,0,1,100
2b0ec2465e5b56ee6e0bcca1b47c2f5ced2e4448,0,0,0,0,0,0,0,0,0,0,0,0,0,0,558,1,0,0,0,0,0,0,0,0,0,1,100
29d1ba55fc76c5a12d86c59c8a5bb88ad73927d8,0,0,0,0,0,0,0,0,0,0,0,0,0,0,0,0,0,0,0,0,0,0,0,0,0,0,100
fc47fd27ce2a18a329c6c6ea4ce37ec730df372c,0,0,0,0,0,0,0,0,0,0,0,0,0,0,1,1,0,0,0,0,0,0,0,0,0,0,100
844d46c832e83ea30e0fde3169965b116ce962b1,0,0,0,0,0,0,0,0,0,0,0,0,0,0,95,0,0,0,0,0,0,0,0,0,0,1,100
9c37d04fd2c646d9cc0705e6ad944d8ff16c98cd,0,0,0,0,0,0,0,0,0,0,0,0,0,0,0,0,0,0,0,0,0,0,0,0,0,1,100
d4aa742dcfd1d2ccb73468b519894523f1de7a5e,0,0,0,0,0,0,0,0,0,0,0,0,0,0,96,1,0,0,0,0,0,0,0,0,0,1,100
94b6eab75e9fd02f423afc4ca70634fe72d34b65,1,18,7,11,0,0,0,13,47,267,1,1,0,655,5,0,136,135,1,4118,4069,49,49,48,1,1,100
59bbcd3aaab1ec5e76994cc97b26b982e377d26b,0,0,0,0,0,0,0,0,0,0,0,0,0,0,97,2,0,0,0,0,0,0,0,0,0,1,100
877143690aa42e90fe8d97e940090378d4ab2811,1,59,0,59,0,0,0,23,107,86,1,1,0,1578,46,0,41,41,0,4801,4621,180,38,38,0,1,100
9b89cf0a0e418ad243f88c527577f0c4886bf8e0,1,0,59,59,0,0,0,23,106,60,1,1,0,1637,0,0,41,41,0,4621,4801,180,38,38,0,0,100
e378dbef48a418341c8d2a05d5c9cfb9250d6f02,0,0,0,0,0,0,0,0,0,0,0,0,0,0,98,3,0,0,0,0,0,0,0,0,0,1,100
fc00ca47097be89478fa3ac9f296b74b8cbde43f,1,22,15,7,0,0,0,11,42,192,1,1,0,516,46,0,63,63,0,2291,2263,28,27,27,0,0,100
79ec418106db7d3a36fe48edfb8ead0f1b3179ff,1,3,3,0,0,0,0,11,43,0,1,1,0,523,47,1,63,63,0,2291,2291,0,27,27,0,0,100
631d1cb2eac08a3e9e137b0022c89831fd79ed64,0,0,0,0,0,0,0,0,0,0,0,0,0,0,99,4,0,0,0,0,0,0,0,0,0,1,100
73c2a15013ca4e690c09063f1712a1135cacc5bf,0,0,0,0,0,0,0,0,0,0,0,0,0,0,0,0,0,0,0,0,0,0,0,0,0,0,100
56ecc9e907aef192fe8bbf9cacf0455a861884bd,0,0,0,0,0,0,0,0,0,0,0,0,0,0,100,5,0,0,0,0,0,0,0,0,0,0,100
bb32ce9d60c0ea2c44f27e1cdf67e937aa0b50df,0,0,0,0,0,0,0,0,0,0,0,0,0,0,101,6,0,0,0,0,0,0,0,0,0,1,100
e696481c164f011e59396ba2c7bb1031db31381d,380,6263,54678,48415,2,248,250,4,63,44,4,87,6.881775601,98787,0,0,9131,16403,7272,271271,529829,258558,4008,6983,2975,1,78.47328244
e0c71e6e9aec210dcb39ae78f43d286e31dc3681,380,54681,6266,48415,248,2,250,5,106,112,4,87,6.881894394,50372,687,0,16399,9134,7265,529753,271343,258410,6981,4010,2971,0,78.47328244
e3cc51f88a96726909856e4e0d08fe99cf2235ce,0,0,0,0,0,0,0,0,0,0,0,0,0,0,688,1,0,0,0,0,0,0,0,0,0,0,100
92fe211c447e7b36599f407dc7ce385f63e19374,0,0,0,0,0,0,0,0,0,0,0,0,0,0,689,2,0,0,0,0,0,0,0,0,0,0,100
8db2936e251a57b70754960a13ed7c93cca9861a,0,0,0,0,0,0,0,0,0,0,0,0,0,0,690,3,0,0,0,0,0,0,0,0,0,0,100
463af3ba2ab4015dd2f8556f9f4a6fca70aa7746,0,0,0,0,0,0,0,0,0,0,0,0,0,0,691,4,0,0,0,0,0,0,0,0,0,0,100
f6c0abb0bd76867b48c7b7c7cfdfdc7e0e6f483a,0,0,0,0,0,0,0,0,0,0,0,0,0,0,692,5,0,0,0,0,0,0,0,0,0,0,100
e10059088db7edeee3cfa86d7fbf7c6a31e1deb8,0,0,0,0,0,0,0,0,0,0,0,0,0,0,693,6,0,0,0,0,0,0,0,0,0,0,100
61975195d7f3e8fb6738312f7f6643cd32454a71,0,0,0,0,0,0,0,0,0,0,0,0,0,0,0,0,0,0,0,0,0,0,0,0,0,1,100
d798df4d30c5ec0f20195e8840d27638afa74b81,0,0,0,0,0,0,0,0,0,0,0,0,0,0,1,1,0,0,0,0,0,0,0,0,0,1,100
6b18ee89113de54ec021023baebacb0e6124acdc,0,0,0,0,0,0,0,0,0,0,0,0,0,0,102,4,0,0,0,0,0,0,0,0,0,1,100
098517b1f7f4fcd93edb29268b7786eec461d73f,0,0,0,0,0,0,0,0,0,0,0,0,0,0,559,0,0,0,0,0,0,0,0,0,0,1,100
3207e949847ea655bf40b79faa01e739a38a0804,0,0,0,0,0,0,0,0,0,0,0,0,0,0,560,1,0,0,0,0,0,0,0,0,0,0,100
6c36860a85478e2e237dcfccd96586a7fd34e3f9,0,0,0,0,0,0,0,0,0,0,0,0,0,0,561,2,0,0,0,0,0,0,0,0,0,0,100
524965a7342994a6f5e5ce915470c6e29ad9db12,1,74,0,74,1,0,1,1,1,0,1,1,0,0,562,3,8,0,8,336,0,336,5,0,5,0,99.95916701
6825925b8f50107929d65bbf51fce78c1d7a39ff,1,0,74,74,0,1,1,1,2,0,1,1,0,74,563,4,0,8,8,0,336,336,0,5,5,0,99.95916701
150f7f6e349ff58003a36186a8ee2264f70556d8,0,0,0,0,0,0,0,0,0,0,0,0,0,0,103,5,0,0,0,0,0,0,0,0,0,1,100
3042155498c64c3298c9e714a472147b20698284,0,0,0,0,0,0,0,0,0,0,0,0,0,0,0,0,0,0,0,0,0,0,0,0,0,0,100
d88b5bb342c279f326e31c5a72fe567e46cca29f,0,0,0,0,0,0,0,0,0,0,0,0,0,0,1,1,0,0,0,0,0,0,0,0,0,0,100
a01ffbaacf355ccf54525be1a906f45b1dc62c2d,0,0,0,0,0,0,0,0,0,0,0,0,0,0,104,4,0,0,0,0,0,0,0,0,0,1,100
ac671639115ca7b1eb7ad3f04c65d03015cd052e,0,0,0,0,0,0,0,0,0,0,0,0,0,0,0,0,0,0,0,0,0,0,0,0,0,0,100
15c7a8aefe608ea3910260b23e48c4e95a9f692d,0,0,0,0,0,0,0,0,0,0,0,0,0,0,105,5,0,0,0,0,0,0,0,0,0,1,100
d37c8d873620d2453657d6ec9539284ac6d993f2,1,1,1,0,0,0,0,12,44,47,1,1,0,523,0,0,64,63,1,2295,2291,4,27,27,0,1,100
48930d97bc3505f9838ec60b31d800026cd93dd8,1,1,1,0,0,0,0,12,45,0,1,1,0,523,1,1,64,64,0,2295,2295,0,27,27,0,0,100
267055a3513214d4b012de08e4658a539120be93,0,0,0,0,0,0,0,0,0,0,0,0,0,0,106,4,0,0,0,0,0,0,0,0,0,1,100
aa8114f15963b80dabaf97466334296ca2b4c51d,380,6264,54679,48415,2,248,250,4,63,44,4,87,6.881882539,98787,0,0,9132,16404,7272,271275,529833,258558,4008,6983,2975,1,78.47328244
e6819387019dca33e8d835a1110ca78fd8d8b672,1,1,1,0,0,0,0,9,39,0,1,1,0,506,1,1,63,63,0,2215,2215,0,26,26,0,0,100
69c0a28624b0ce13afbc38a28a7d06ba5aa01af9,1,1,1,0,0,0,0,8,37,0,1,1,0,506,31,0,62,63,1,2211,2215,4,26,26,0,1,100
2468d830c2ecd8933cd919eda459cc12440ae09f,1,1,1,0,0,0,0,9,39,0,1,1,0,506,32,1,63,62,1,2215,2211,4,26,26,0,1,100
9d16fec026068810c001f473bb01358edba80531,381,54751,6276,48475,249,2,251,5,106,113,4,88,6.887840108,50372,1,0,16404,9135,7269,529932,271347,258585,6984,4010,2974,1,79.18438829
da65c501857c120442fe811fddcd692da2e1e124,0,0,0,0,0,0,0,0,0,0,0,0,0,0,107,5,0,0,0,0,0,0,0,0,0,1,100
8ebf3c6f54a0a42d1864dad90a7671fa252c1be3,0,0,0,0,0,0,0,0,0,0,0,0,0,0,1,0,0,0,0,0,0,0,0,0,0,0,100
05a773bd240d93675f7231baf1dd03ce55818ee8,0,0,0,0,0,0,0,0,0,0,0,0,0,0,2,1,0,0,0,0,0,0,0,0,0,0,100
d99fdbee60ff30a4a707f1728aa37a2288dfb9cd,0,0,0,0,0,0,0,0,0,0,0,0,0,0,3,2,0,0,0,0,0,0,0,0,0,0,100
c958427e2ecb7413da15badca604bccabfe86088,0,0,0,0,0,0,0,0,0,0,0,0,0,0,108,6,0,0,0,0,0,0,0,0,0,1,100
5cd3aabd8978eb29d1ca2f5bc74cfed3049df04f,0,0,0,0,0,0,0,0,0,0,0,0,0,0,109,7,0,0,0,0,0,0,0,0,0,1,100
d3952628a0e9134e83ab4465d6f8206d65b755dd,0,0,0,0,0,0,0,0,0,0,0,0,0,0,0,0,0,0,0,0,0,0,0,0,0,0,100
5fbaf78cfd66e4fc447ff9cf470d4541cff39fd6,0,0,0,0,0,0,0,0,0,0,0,0,0,0,110,8,0,0,0,0,0,0,0,0,0,1,100
9293981a17ef6ba1c2bb1eb21162b33e49559c80,0,0,0,0,0,0,0,0,0,0,0,0,0,0,0,0,0,0,0,0,0,0,0,0,0,1,100
8c3d69560ad565a50aff7cb9a06d539beb6e957b,0,0,0,0,0,0,0,0,0,0,0,0,0,0,111,9,0,0,0,0,0,0,0,0,0,1,100
1730fd3bd9c475e7add4cddbdca4445867b37060,381,6273,54748,48475,2,249,251,4,63,43,4,88,6.887721869,98847,33,2,9132,16408,7276,271275,530008,258733,4008,6986,2978,1,79.18438829
394a4a89e29e703847a30b1348713f0d60ffb0c9,0,0,0,0,0,0,0,0,0,0,0,0,0,0,34,3,0,0,0,0,0,0,0,0,0,1,100
42a3d9bd1e922dbd641140e1516e885e858ab829,381,54751,6276,48475,249,2,251,5,106,113,4,88,6.887840108,50372,112,10,16404,9135,7269,529932,271347,258585,6984,4010,2974,1,79.18438829
503174ec88cc43e69cc952d736d201deeb0ff185,0,0,0,0,0,0,0,0,0,0,0,0,0,0,564,0,0,0,0,0,0,0,0,0,0,0,100
53a2c06574c942985e13fbfcdef7f56c8f0de4c7,0,0,0,0,0,0,0,0,0,0,0,0,0,0,565,1,0,0,0,0,0,0,0,0,0,5,100
a2af30d204b402202ef4fcd2ece60771ad7b07ca,0,0,0,0,0,0,0,0,0,0,0,0,0,0,566,2,0,0,0,0,0,0,0,0,0,0,100
ce4167ff4974c41d945fb863ad3f2bbf4c5c265d,0,0,0,0,0,0,0,0,0,0,0,0,0,0,7,0,0,0,0,0,0,0,0,0,0,1,100
bf0f3c011c610f2e81a561ae8e90d20bed8c79ad,0,0,0,0,0,0,0,0,0,0,0,0,0,0,8,1,0,0,0,0,0,0,0,0,0,0,100
8cfb6a0fa1767285c1e433f09604e73035f796b9,0,0,0,0,0,0,0,0,0,0,0,0,0,0,113,7,0,0,0,0,0,0,0,0,0,1,100
b4806113a7b06a93ea737f681e966701397e539c,2,9,0,9,0,0,0,2,5,668,1,2,0.764204507,236,567,3,29,28,1,876,848,28,19,18,1,1,100
3fd46c3e95f970a2fc1ef7589ef94ed871165218,6,85,102,17,0,1,1,0,107,305,1,6,2.183598679,2776,47,0,181,187,6,9558,9613,55,121,125,4,0,97.11867822
1f2c4f72b4dcd565a28e96828d6752a12d018e52,5,94,86,8,1,0,1,1,106,175,2,5,2.029159616,2820,114,1,202,196,6,10474,10435,39,118,115,3,1,97.11867822
081b215708eed35ba81982b7c9a79605e9c8ead7,0,0,0,0,0,0,0,0,0,0,0,0,0,0,115,2,0,0,0,0,0,0,0,0,0,1,100
66f069e1f3cf33a208934c397e2aaa3753f57118,1,59,0,59,0,0,0,23,107,86,1,1,0,1578,116,3,41,41,0,4801,4621,180,38,38,0,1,100
01e2b29dc1ea5d4c5b6185d06298e376c7f3627c,0,0,0,0,0,0,0,0,0,0,0,0,0,0,117,4,0,0,0,0,0,0,0,0,0,1,100
38681579471e9bebb3267af6081864fa8ca08eb8,2,9,0,9,0,0,0,2,5,668,1,2,0.764204507,236,568,4,29,28,1,876,848,28,19,18,1,1,100
101fb1fc52d5b23c6205e526178772acd4ceb003,0,0,0,0,0,0,0,0,0,0,0,0,0,0,569,5,0,0,0,0,0,0,0,0,0,1,100
f0793dde3c377a52dda1f2279611fde16b0ab5b0,0,0,0,0,0,0,0,0,0,0,0,0,0,0,0,0,0,0,0,0,0,0,0,0,0,1,100
1c547abb01e68eb40ea4dd8c871266ac54862659,0,0,0,0,0,0,0,0,0,0,0,0,0,0,1,1,0,0,0,0,0,0,0,0,0,0,100
b2d366a3576974757df18adf3bc8069195158a15,0,0,0,0,0,0,0,0,0,0,0,0,0,0,118,5,0,0,0,0,0,0,0,0,0,1,100
0fdcb96fd962dd60524d4a1e3c9830c810aec254,2,4,8,4,0,0,0,12,108,99,1,2,0.650022422,2160,72,0,104,105,1,7082,7096,14,65,65,0,0,100
53d04359f4b69975344cdcb4dde847ed9e80fcb3,0,0,0,0,0,0,0,0,0,0,0,0,0,0,73,1,0,0,0,0,0,0,0,0,0,1,100
697059e958879c4daae5f4db57ce9abc04e81bd7,381,6282,54821,48539,2,249,251,4,63,43,4,88,6.888316267,98911,429,0,9132,16409,7277,271275,530214,258939,4008,6987,2979,0,79.18438829
19a4e129edcaeb8b0615ac928f3107a846992480,0,0,0,0,0,0,0,0,0,0,0,0,0,0,430,1,0,0,0,0,0,0,0,0,0,0,100
a1649c5485f14fa94d1e80bd1f212a3e165afdc8,382,54836,6287,48549,249,2,251,5,108,115,4,88,6.889764413,50481,570,6,16426,9153,7273,530714,271847,258867,6994,4019,2975,1,79.18438829
4be3642ebef9fac153c194e5c4fdc976fbc43ee8,0,0,0,0,0,0,0,0,0,0,0,0,0,0,119,6,0,0,0,0,0,0,0,0,0,1,100
8a29593539869e9144af45e8da11bf719f435d05,382,6271,54813,48542,2,249,251,4,63,43,4,88,6.887906013,99030,23,0,9150,16430,7280,271803,530790,258987,4017,6996,2979,0,79.18438829
5ce3f11f3184cd27b62492cffc28b6c32a7b8069,1,3,3,0,0,0,0,10,41,0,1,1,0,513,24,1,63,63,0,2243,2243,0,26,26,0,0,100
ed2adde71ebbf46798c85114dad397e5257ce7bf,0,0,0,0,0,0,0,0,0,0,0,0,0,0,35,0,0,0,0,0,0,0,0,0,0,1,100
bc5f38ef6446bf663934c067941d6637abb5ba60,382,54814,6272,48542,249,2,251,5,108,115,4,88,6.887597568,50488,120,6,16426,9153,7273,530714,271875,258839,6994,4019,2975,1,79.18438829
3fc72fbca91fda1f85ae9b8823001152047b6763,382,6268,54810,48542,2,249,251,4,63,43,4,88,6.887497833,99030,431,2,9150,16430,7280,271803,530790,258987,4017,6996,2979,0,79.18438829
fbf98188a2efa3249d246f4c40a8779fe555dc4d,0,0,0,0,0,0,0,0,0,0,0,0,0,0,432,3,0,0,0,0,0,0,0,0,0,0,100
39418b20e4c2d03e133d028507bb2f8961861cf0,0,0,0,0,0,0,0,0,0,0,0,0,0,0,433,4,0,0,0,0,0,0,0,0,0,0,100
45e61777b11ea03014f9944becca1fe511e84fb6,0,0,0,0,0,0,0,0,0,0,0,0,0,0,434,5,0,0,0,0,0,0,0,0,0,0,100
db2026b24f290755b271c12554a038adcbd2a779,382,54814,6272,48542,249,2,251,5,108,115,4,88,6.887597568,50488,694,0,16426,9153,7273,530714,271875,258839,6994,4019,2975,0,79.18438829
df8ad610977fb3a25c4ff90ebeb9d56a6a724da7,0,0,0,0,0,0,0,0,0,0,0,0,0,0,695,1,0,0,0,0,0,0,0,0,0,0,100
e182980704ff1159b619e48970fb0d50a303b546,53,120,114,6,0,0,0,2,109,1062,3,24,5.27423522,8423,696,2,713,713,0,28487,28487,0,373,373,0,0,100
d02f94268dec229d1125a24fdf53fa303cbc2b29,0,0,0,0,0,0,0,0,0,0,0,0,0,0,697,3,0,0,0,0,0,0,0,0,0,0,100
4e1f474e5b33fca708c4f8a9c3124cbf1f55611e,2,62,0,62,1,0,1,1,58,27,1,2,0.458685816,1043,19,0,41,41,0,3232,3118,114,38,38,0,0,99.92094862
670ad01faf6818f5606b98241811db878ac7ad53,0,0,0,0,0,0,0,0,0,0,0,0,0,0,20,1,0,0,0,0,0,0,0,0,0,0,100
9280afb51d6a59088520c0b4b0d46d1cb5824d13,0,0,0,0,0,0,0,0,0,0,0,0,0,0,21,2,0,0,0,0,0,0,0,0,0,0,100
d0aa8ffae10c5b7795e7db22d22d21f61726ccdc,2,115,0,115,2,0,2,1,1,0,1,1,0.999945455,0,22,3,0,0,0,226,0,226,0,0,0,0,99.84227129
4cb2eeee4cfec72a638ba149e5aa5cda725d5c9d,6,372,5,367,4,0,4,1,59,5,1,3,2.166506797,1107,23,4,78,41,37,5810,3236,2574,54,38,16,0,99.56862745
4d0c6500b59e4b7cb74cc37b5849ae041092a59b,0,0,0,0,0,0,0,0,0,0,0,0,0,0,24,5,0,0,0,0,0,0,0,0,0,0,100
50c4c346afa1eb04d0ebeb57aec40b47ad663dce,40,2600,330,2270,31,1,32,3,17,130,3,15,4.950372365,1512,27,2,349,152,197,16337,6486,9851,220,108,112,1,93.38813438
f5ac420ba240be888e7c65d4fb5955923b0a2a38,3,135,22,113,1,0,1,1,3,28,2,3,1.184275762,212,28,2,31,18,13,1933,1227,706,14,8,6,0,99.90125082
b074843ef4dc8e8f987071c42a12ad0c6c7b120d,0,0,0,0,0,0,0,0,0,0,0,0,0,0,32,4,0,0,0,0,0,0,0,0,0,1,100
0e24a4363c57a6aa4e994fc3b42fe347b3e58b9e,0,0,0,0,0,0,0,0,0,0,0,0,0,0,33,3,0,0,0,0,0,0,0,0,0,0,100
050e8fd72c7aef8017a2c2d1ff9b95d5095544a1,2,27,7,20,0,0,0,1,3,2,2,2,0.833764907,268,34,4,32,31,1,1900,1823,77,14,14,0,0,99.96710526
932cecfc8b721d63e222e920aba377975c8ae89b,2,10,7,3,0,0,0,17,60,25,2,2,0.977417818,1185,35,5,52,52,0,3873,3871,2,44,44,0,0,100
16a3ce4a071f0a40ccb34de48c3e21830cdfacad,6,64,200,136,1,3,4,3,4,194,1,3,2.377010511,297,36,3,12,24,12,553,1714,1161,9,12,3,0,98.83759548
fbb326be7d6a105a7ce40ca06cd3937f9da9d138,4,10,5,5,0,0,0,2,2,72,1,4,1.889246429,355,38,4,30,30,0,1644,1589,55,19,19,0,1,100
f0701b333716cc6368daeee9f9c5a11383257293,1,0,6,6,0,0,0,17,61,37,1,1,0,1082,39,5,41,41,0,3208,3226,18,38,38,0,0,100
046262abd2d796a2056f7ce9c49294beacd0849c,0,0,0,0,0,0,0,0,0,0,0,0,0,0,40,5,0,0,0,0,0,0,0,0,0,0,100
11aadf5201800685ee48147af7b78eec9181df1f,0,0,0,0,0,0,0,0,0,0,0,0,0,0,41,0,0,0,0,0,0,0,0,0,0,0,100
728b35a966df9be45ba60213addce431fbbfe840,1,14,7,7,0,0,0,1,4,161,1,1,0,178,42,1,22,21,1,1277,1237,40,8,8,0,0,100
771f6a9b861afa605e9386fbac9ae0f598b77039,1,2,6,4,0,0,0,1,5,0,1,1,0,185,43,2,21,22,1,1263,1277,14,8,8,0,0,100
609f569b1a779ef0db7be5e957c48107bede1560,1,0,5,5,0,0,0,1,4,162,1,1,0,106,44,3,11,11,0,647,647,0,6,6,0,0,100
50a33ac19ebba3b22c5c07d054c00080781004a4,0,0,0,0,0,0,0,0,0,0,0,0,0,0,45,4,0,0,0,0,0,0,0,0,0,0,100
522696cbfa0b5543fb8812e0ecb0acf7bfffef93,1,17,0,17,0,0,0,17,62,125,1,1,0,1076,46,5,41,41,0,3244,3208,36,38,38,0,0,100
e037d3b665750b7e23ffdf13753eb40dedf74ed8,1,0,1,1,0,0,0,1,6,2,1,1,0,181,47,6,21,21,0,1263,1263,0,8,8,0,0,100
e5c14e2a8a27a5342e852201507e79258a3201dd,0,0,0,0,0,0,0,0,0,0,0,0,0,0,48,7,0,0,0,0,0,0,0,0,0,0,100
c684939ee75cfd6b7dd6e9b1cfa19c5925f7d468,1,4,2,2,0,0,0,1,2,128,1,1,0,34,49,8,5,5,0,124,114,10,5,5,0,0,100
32d78388fba9a20b2ba68a3751180c698bac7f65,1,4,2,2,0,0,0,1,3,134,1,1,0,58,50,9,0,0,0,104,104,0,0,0,0,0,100
dda2ee1436c7a444c3f50d00dfabc7214342bd70,2,19,0,19,0,0,0,11,63,151,1,2,0.998000884,1539,51,10,131,129,2,6115,6018,97,74,72,2,0,100
4e35c1a0820009c005a3b7c30122d04a9197934c,0,0,0,0,0,0,0,0,0,0,0,0,0,0,52,11,0,0,0,0,0,0,0,0,0,0,100
d1982427b4cab805509f993596171346d6759fe5,1,2,1,1,0,0,0,1,7,17,1,1,0,180,53,12,21,21,0,1263,1263,0,8,8,0,0,100
62ee10bd7c93b318578c11dbc8b18bf9f7bab076,0,0,0,0,0,0,0,0,0,0,0,0,0,0,54,13,0,0,0,0,0,0,0,0,0,0,100
635c9b2efea767256527c6bbde16c37b8d7fd47d,2,6,8,2,0,0,0,1,8,9,2,2,0.863120569,282,55,14,32,32,0,1947,1910,37,14,14,0,0,99.8994301
646805805bf3ca6f755ec9d33f05ab15aea8cbdb,0,0,0,0,0,0,0,0,0,0,0,0,0,0,56,15,0,0,0,0,0,0,0,0,0,0,100
7f9c7dbb8f7c0bc3badfa9972777528e9c504bc6,0,0,0,0,0,0,0,0,0,0,0,0,0,0,57,16,0,0,0,0,0,0,0,0,0,0,100
2b6301909e9d821c95658200cf4ca0da88dfc9b1,0,0,0,0,0,0,0,0,0,0,0,0,0,0,58,17,0,0,0,0,0,0,0,0,0,0,100
49680fd615bc4c6b5fcb8f494b244a24b0db5d42,0,0,0,0,0,0,0,0,0,0,0,0,0,0,59,18,0,0,0,0,0,0,0,0,0,0,100
00300aebcce24fbe5426af4919965466c3aa3965,0,0,0,0,0,0,0,0,0,0,0,0,0,0,60,19,0,0,0,0,0,0,0,0,0,0,100
678afedc018d5394308c1c321b00c34fce852655,1,1,0,1,0,0,0,1,9,9,1,1,0,179,61,20,21,21,0,1271,1271,0,8,8,0,0,100
fa69f2aff74b7a2485d2e7d07617f028fadeeb12,0,0,0,0,0,0,0,0,0,0,0,0,0,0,62,18,0,0,0,0,0,0,0,0,0,0,100
02c27a9a84813082fe30e6ffcd52425f85b99176,1,45,34,11,0,0,0,1,10,11,1,1,0,180,63,19,26,21,5,1266,1271,5,9,8,1,0,100
88e70a81d6e2715059276431d9dd19ec5763786a,1,106,0,106,1,0,1,1,1,0,1,1,0,0,64,15,12,0,12,662,0,662,6,0,6,0,99.13621262
6b0da1689525507d2f40823abb50de3a4a1f9607,119,12517,713,11804,50,0,50,3,82,160,3,33,5.482499538,27228,80,16,7010,5013,1997,202340,145184,57156,2877,2300,577,1,91.61658654
1dccc1bde7266bad489c5c9678c9446b13107564,0,0,0,0,0,0,0,0,0,0,0,0,0,0,81,16,0,0,0,0,0,0,0,0,0,1,100
8241146d95ea353acc8c5f3e581d938187b09c86,2,3,3,0,0,0,0,11,35,3,1,2,0.918295834,737,82,17,136,136,0,4756,4751,5,51,51,0,0,100
df4d8c2adb9e7de99573ddd01b6fc81a3ff03072,0,0,0,0,0,0,0,0,0,0,0,0,0,0,83,18,0,0,0,0,0,0,0,0,0,0,100
366130e990c441d06d73c832551eeb51d9f7388a,0,0,0,0,0,0,0,0,0,0,0,0,0,0,84,19,0,0,0,0,0,0,0,0,0,1,100
256c35af6d4da821675dac3ec0fb9073b0695e92,1,0,57,57,0,1,1,1,2,261,1,1,0,57,85,20,0,0,0,0,126,126,0,0,0,0,99.94472084
e5a96f43839a7f5bc6eedb212c1b30c004af914e,1,5,5,0,0,0,0,1,2,5,1,1,0,106,86,21,12,12,0,689,662,27,6,6,0,0,100
547ed4916761508040f056c6812e047e04e8db3a,5,7,8,1,0,0,0,1,83,7,2,3,2.155913095,1948,87,22,90,90,0,7068,7084,16,59,59,0,0,99.66814159
50fdcee5411be401534559c9822e45a50b477d96,1,0,6,6,0,0,0,19,84,0,1,1,0,1493,88,23,41,41,0,4324,4342,18,38,38,0,0,100
d0bb3830a3e6fccbfb4d17ed170ed8f4e6056df0,1,16,1,15,0,0,0,1,3,47,1,1,0,36,89,22,9,5,4,222,124,98,7,5,2,1,100
dd991e53a9c0e474360e6cb70b6c1d2217a2aa07,0,0,0,0,0,0,0,0,0,0,0,0,0,0,90,23,0,0,0,0,0,0,0,0,0,1,100
07b69b7b86828b4213873405323c0e9be03934f1,0,0,0,0,0,0,0,0,0,0,0,0,0,0,91,24,0,0,0,0,0,0,0,0,0,1,100
e05d6663a3dbc056e9f21194f83fe0e27509f83e,0,0,0,0,0,0,0,0,0,0,0,0,0,0,92,25,0,0,0,0,0,0,0,0,0,1,100
9cd52c88ec67c1dd4a01370a835a0861dcee2c25,0,0,0,0,0,0,0,0,0,0,0,0,0,0,93,26,0,0,0,0,0,0,0,0,0,1,100
c82482d845de996515047ee001d61b9a50322a9f,1,38,0,38,0,0,0,1,4,0,1,1,0,51,94,27,19,9,10,447,222,225,10,7,3,1,100
2954eae77c898174bdf6b5970d8095ed442e672d,0,0,0,0,0,0,0,0,0,0,0,0,0,0,95,28,0,0,0,0,0,0,0,0,0,1,100
a92a1e9c7887383286295d90d53899dbdbdde000,1,8,7,1,0,0,0,1,2,2,1,1,0,105,96,29,12,12,0,701,682,19,6,6,0,1,100
a75c72cfc75a150dc3e1a7c1b1b0b6471a4f99ab,1,0,1,1,0,0,0,11,36,6,1,1,0,546,97,30,110,110,0,3489,3489,0,42,42,0,1,100
27d6b4ca5ab4d4f9d7753d66b2a28c982b47c7e7,1,6,7,1,0,0,0,19,85,2,1,1,0,1487,98,31,41,41,0,4324,4324,0,38,38,0,1,100
dc24e440fa98f62e232e7929fd075387e2e56e4e,2,0,217,217,0,1,1,1,86,1,1,2,0.528830777,1677,99,32,41,67,26,4252,5582,1330,38,47,9,1,99.94465966
eb242e0f6e1681825d005dbadb19649684025e01,1,4,0,4,0,0,0,1,5,0,1,1,0,89,100,33,20,19,1,462,447,15,11,10,1,0,100
a17167e4eb6cea78d7da7fa2632c0cbbb3a40c7a,0,0,0,0,0,0,0,0,0,0,0,0,0,0,101,34,0,0,0,0,0,0,0,0,0,1,100
7681686f324c76a4f8df4887c6abdfe7074be23a,0,0,0,0,0,0,0,0,0,0,0,0,0,0,102,0,0,0,0,0,0,0,0,0,0,1,100
5658bbbc84ca1076381ac2398ef423b4af30a1b4,1,0,1,1,0,0,0,1,2,62,1,1,0,57,103,1,0,0,0,101,110,9,0,0,0,1,100
58667be951623848406f699f82cafa79a40cb496,16,649,341,308,2,1,3,6,94,110,2,12,2.6411045,3388,121,2,311,261,50,16440,14515,1925,161,144,17,1,99.44659657
c1e8782f7cfb3524b6c0d51fe48669fd09b87527,0,0,0,0,0,0,0,0,0,0,0,0,0,0,122,3,0,0,0,0,0,0,0,0,0,1,100
27a381aef63b0929aedc5e85b6536f8ac29a14fd,0,0,0,0,0,0,0,0,0,0,0,0,0,0,123,1,0,0,0,0,0,0,0,0,0,1,100
01eee7aa519c9d63afc38f2f61a53f48913c0a28,1,4,4,0,0,0,0,20,95,76,1,1,0,1448,124,1,41,41,0,4234,4234,0,38,38,0,1,100
1b6491f1547ccd796aec387b8622a5c34bda0a81,2,182,4,178,0,0,0,4,5,774,1,1,1,2227,125,2,622,568,54,14339,13211,1128,152,142,10,1,100
4502bffbe3f9b4cd3674a56afbda1bb115cec239,2,864,103,761,1,0,1,1,4,572,1,1,0.814945204,615,126,2,316,136,180,7880,3521,4359,101,47,54,0,99.94472084
aa24375258626ed6cb3db5257ebc6b7708558bb0,0,0,0,0,0,0,0,0,0,0,0,0,0,0,127,3,0,0,0,0,0,0,0,0,0,0,100
7cae523e3c8e86688a371da9bae809cb4c244358,2,33,15,18,0,0,0,4,96,100,1,2,0.543564443,1523,128,4,51,49,2,4752,4615,137,43,43,0,0,100
0b454e8ebfebdf144f204169f6c75ae4f8fb0a63,0,0,0,0,0,0,0,0,0,0,0,0,0,0,129,5,0,0,0,0,0,0,0,0,0,0,100
27ad1fb25caa5eb20f477c89cf57c801b6cec3c2,0,0,0,0,0,0,0,0,0,0,0,0,0,0,130,6,0,0,0,0,0,0,0,0,0,0,100
726ce80be94bbfc5e70813221b36b6f4dfce4ccf,0,0,0,0,0,0,0,0,0,0,0,0,0,0,131,7,0,0,0,0,0,0,0,0,0,0,100
63f29f349b469746fd1a4507151ec47942e03e58,0,0,0,0,0,0,0,0,0,0,0,0,0,0,132,8,0,0,0,0,0,0,0,0,0,0,100
23ed53754c47a2170e58b178beb1544616f0f08a,27,2775,23,2752,12,0,12,2,101,394,4,18,3.324203014,21520,139,9,4629,4175,454,130916,116526,14390,2034,1829,205,1,98.88496057
a8aacca6444a30638162ac27f8c7213a4a96aed1,0,0,0,0,0,0,0,0,0,0,0,0,0,0,140,10,0,0,0,0,0,0,0,0,0,0,100
8d4e5618efa8a2e0a0ef9d5f199f0a644f31604c,1,1,1,0,0,0,0,4,8,14,1,1,0,87,141,9,10,10,0,502,500,2,5,5,0,0,100
85e4d5efce66352469cb4c9947922731e834ca5d,121,21820,6457,15363,65,0,65,3,32,116,3,32,5.12492274,42897,163,3,11134,9150,1984,339519,243768,95751,4608,3568,1040,1,93.52734571
f7205d29f7afeb9e4cf03a31be0ac5737652b07c,1,227,154,73,0,0,0,1,2,54,1,1,0,723,164,4,170,164,6,4649,4057,592,57,51,6,0,100
5b4c28a088ffc62ebcc28e8c28a25d096aa1eb78,146,6314,25508,19194,0,80,80,0,86,69,4,46,5.327542586,65326,0,0,9241,11929,2688,256009,372606,116597,3716,5032,1316,1,92.30180984
6e4fde20af8d285cdf4829e4c2c4aef4cd45d89d,1,15,0,15,0,0,0,9,17,168,1,1,0,243,1,1,40,37,3,1706,1595,111,13,12,1,1,100
6e768665320d08815c53f27e706ef2ae1ff5af78,1,56,10,46,0,0,0,5,7,254,1,1,0,241,2,2,32,28,4,1888,1568,320,26,24,2,1,100
2f119c6e2edace030afeb9ee0885010f1de7fc28,3,75,0,75,3,0,3,1,1,0,1,1,1.584962501,0,3,3,5,0,5,314,0,314,4,0,4,1,99.80636238
11194653f43ce0d4f65d0051270cd86f2191cbc5,6,16,9,7,0,0,0,5,22,24,1,2,2.222683189,903,4,4,120,119,1,5621,5589,32,55,55,0,1,100
7e36ce579f0dcbcf4dfe5942b906a6e94a1815e8,142,23829,6387,17442,70,2,72,2,32,155,4,44,5.224121079,44834,6,0,11542,9164,2378,359162,252068,107094,4890,3676,1214,1,92.54531529
30f942ca2c9aae828c04ddaa834ea07bf74201d7,27,543,103,440,1,0,1,3,90,441,2,12,3.615072629,5262,0,0,520,478,42,22978,21318,1660,244,228,16,1,99.61941009
506c24239e7e3f8f8d6a730232739d7f53da7a23,27,103,543,440,0,1,1,2,86,280,2,12,3.615072629,5702,7,0,478,520,42,21318,22978,1660,228,244,16,0,99.61941009
26b2f324cbd68aea0839423b4316070d8200f7ae,55,6045,236,5809,10,0,10,1,93,281,2,23,3.654910728,9442,13,2,2384,1173,1211,80251,46035,34216,926,552,374,0,99.12426036
575871822b116608f47a0a7a4cd3b4b17df9a672,12,1737,209,1528,6,0,6,11,109,46,2,6,2.786257368,5282,185,9,1203,907,296,36472,27705,8767,389,294,95,1,99.6000941
eb3a8375aed6eea6302383839676634f663acc46,0,0,0,0,0,0,0,0,0,0,0,0,0,0,186,8,0,0,0,0,0,0,0,0,0,0,100
a11fcc303aeb728af4c9a7a1c232b2f1213330c4,0,0,0,0,0,0,0,0,0,0,0,0,0,0,187,9,0,0,0,0,0,0,0,0,0,1,100
f910e0db9447ca0bdc1a382c09ee1a242f4fc166,13,233,1741,1508,0,6,6,11,93,71,2,7,2.854139757,7180,0,0,962,1252,290,29532,38118,8586,332,427,95,1,99.6000941
950bb0b811534782af3e53503ee017d9ba8ac997,1,4,24,20,0,0,0,4,5,66,1,1,0,390,410,6,49,55,6,1646,1827,181,38,38,0,1,100
5c5abdfee6ff2db7839c2faaf1782eb28f0a8723,2,0,154,154,0,2,2,2,5,241,1,1,0.998904744,154,411,7,0,15,15,0,721,721,0,5,5,1,98.74487087
b815012509e15a68bdd72cc684ab5cc91dd53b86,37,514,183,331,4,0,4,11,39,143,2,11,3.946258507,3535,48,3,408,375,33,19386,18102,1284,224,206,18,1,97.60985031
765e4c2fabafbfe31fb0f43e5b670fd3b91d1a2e,14,1764,223,1541,6,0,6,11,111,49,2,8,2.879169973,5910,192,6,1304,1004,300,40114,31221,8893,421,326,95,0,99.59990586
7fd76a0166d1c74e3dc4d55afb48b046375754e1,49,387,2309,1922,0,12,12,11,93,34,2,18,3.982487567,10549,104,0,1258,1591,333,45469,55646,10177,492,605,113,1,97.20818291
8663fa6e442c063ba994b347863618c937d269fc,0,0,0,0,0,0,0,0,0,0,0,0,0,0,105,1,0,0,0,0,0,0,0,0,0,1,100
561bad88aff3391445165fa417c994bbbbf95137,0,0,0,0,0,0,0,0,0,0,0,0,0,0,106,2,0,0,0,0,0,0,0,0,0,1,100
e6d319d79e193bd64b5dba7011200e9876cdafa9,182,6554,29721,23167,2,81,83,0,86,73,4,53,5.565437317,74790,0,0,9971,13544,3573,284390,424853,140463,4068,5651,1583,1,92.09908735
9bfd834aaf344a63c1f010a40a7f1bce5a315d4f,1,1,2,1,0,0,0,2,3,116,1,1,0,25,1,1,3,3,0,129,138,9,2,2,0,1,99.97239094
9a43ad611bc1c27cf977f18d9953ff9505c6f1e4,277,39388,6794,32594,161,4,165,4,100,121,4,68,6.351644685,54242,2,0,15155,10295,4860,482242,296988,185254,6434,4236,2198,1,86.45390071
546abe4308dac2ed29f9e41d9f81ecba461cbb2e,1,1,0,1,0,0,0,4,5,966,1,1,0,147,3,1,14,14,0,946,935,11,9,9,0,0,100
998383ffe58834c52ab7ecdda668681177131cd4,6,59,3,56,0,0,0,6,101,178,2,3,1.932006003,2507,489,40,166,159,7,9628,9326,302,91,88,3,1,100
323fea238bbc6e1250cfe9003d308759a6763f41,1,4,4,0,0,0,0,21,102,0,1,1,0,1567,490,41,41,41,0,4603,4603,0,38,38,0,0,100
b5ace2227f403aed732374e99d3a93e9f48a5e98,0,0,0,0,0,0,0,0,0,0,0,0,0,0,491,42,0,0,0,0,0,0,0,0,0,0,100
0380a42f7ddaf48ce17eabb67ec18a27cd258f69,3,6,23,17,0,0,0,6,100,268,2,2,1.124259237,2220,2,0,141,146,5,7641,7730,89,63,64,1,1,100
ae5a6be1b3fff6f9c7c6ebf59e12ff6ec7438123,138,382,9848,9466,0,78,78,3,93,44,3,37,6.056484592,44051,42,0,6449,7741,1292,195504,240629,45125,2765,3384,619,0,88.97141571
db9b4b4818968fb553398b9313a44a91b9f27542,0,0,0,0,0,0,0,0,0,0,0,0,0,0,433,0,0,0,0,0,0,0,0,0,0,1,100
367af07e0a4464a830cfe71c57912373bb11a97b,0,0,0,0,0,0,0,0,0,0,0,0,0,0,434,1,0,0,0,0,0,0,0,0,0,0,100
df9f541d6adf89c038f48d7613025c9d6934ef0e,1,6,0,6,0,0,0,10,30,622,1,1,0,260,0,0,42,40,2,1280,1237,43,18,17,1,0,100
d3f49ebbc04e0fb4cea41d94e37ed2376c20e716,0,0,0,0,0,0,0,0,0,0,0,0,0,0,435,2,0,0,0,0,0,0,0,0,0,1,100
8ed66de80309b6e3e44fdf6588c4196a032a7c8e,0,0,0,0,0,0,0,0,0,0,0,0,0,0,123,0,0,0,0,0,0,0,0,0,0,0,100
d82504194797bd3020662d9f70e77092bfa56a64,0,0,0,0,0,0,0,0,0,0,0,0,0,0,436,3,0,0,0,0,0,0,0,0,0,0,100
5cbdca55a63dbe9e1adf43b43915b6bc1a9c426d,1,3,0,3,0,0,0,21,94,191,1,1,0,1464,412,0,41,41,0,4297,4288,9,38,38,0,1,100
00853197ea0a134e0dc709e2a2d9ead8df5e9ed7,1,1,1,0,0,0,0,21,95,0,1,1,0,1467,413,1,41,41,0,4297,4297,0,38,38,0,0,100
24e3b98820c78be4ae03f52c66a9b36bb04ea0dc,1,98,3,95,0,0,0,2,2,194,1,1,0,673,414,2,156,133,23,4649,4039,610,54,49,5,1,100
b1dc422bd502ad031d027ba0c026c3e666abe42f,8,3764,37,3727,7,0,7,5,9,32,1,2,2.915654987,113,415,3,720,17,703,22151,571,21580,313,10,303,1,99.53259533
ebb9634ad5f324929c3ca254aa544a3d15269c39,39,252,44,208,0,0,0,5,8,256,1,1,2.841673761,50369,0,0,10626,10562,64,302864,301569,1295,4188,4178,10,0,100
670d93e98ef66ecff342c44f31a1df7f2709c13b,0,0,0,0,0,0,0,0,0,0,0,0,0,0,1,1,0,0,0,0,0,0,0,0,0,0,100
a13c465db6bf69f9b287a0375809d75a0c6c4f36,35,35,35,0,0,0,0,5,9,0,1,1,5.129283017,46415,2,2,9657,9657,0,277643,277643,0,3915,3915,0,0,100
765354ccc2976533fee57d2ce4330957f8302e64,2,37,25,12,0,0,0,4,7,0,1,1,0.205592508,2185,3,3,526,522,4,13388,13322,66,142,142,0,0,100
155e52ad11f041788fb9718f2c767dfdd14a9b2d,0,0,0,0,0,0,0,0,0,0,0,0,0,0,437,4,0,0,0,0,0,0,0,0,0,0,100
c9bd0eb01b97fce7e2b9325ef4639973c9d3cbd4,4,225,0,225,3,0,3,1,36,48,1,3,1.944622595,542,416,4,134,113,21,4396,3448,948,55,42,13,1,99.828809
7570a43a92088bc3c106e0c26a77f864f12b2d2e,1,1,2,1,0,0,0,1,2,0,1,1,0,65,417,5,7,7,0,217,219,2,4,4,0,0,100
22fe79712a2c342063063c7e4ae17f3b86677841,0,0,0,0,0,0,0,0,0,0,0,0,0,0,438,5,0,0,0,0,0,0,0,0,0,0,100
5fad1b1bb206a03a45d253711db46c8ee7258a74,1,62,22,40,0,0,0,7,11,951,1,1,0,314,0,0,41,34,7,1583,1196,387,24,22,2,0,100
6961be7d18f6c0a772a5fbd69f18c7ff51523179,1,9,4,5,0,0,0,7,12,0,1,1,0,354,1,1,42,41,1,1637,1583,54,24,24,0,0,100
c47d7d42d1a769277dfc4b6e11e5e07e3279b707,1,28,27,1,0,0,0,7,13,0,1,1,0,359,2,2,42,42,0,1668,1637,31,24,24,0,0,100
4255ab5d1eb24b7884b7305e57edcabe6f2e3cbb,0,0,0,0,0,0,0,0,0,0,0,0,0,0,3,3,0,0,0,0,0,0,0,0,0,1,100
e06c7f4f3060df02e50cf68c9baf9c0615435f30,0,0,0,0,0,0,0,0,0,0,0,0,0,0,439,6,0,0,0,0,0,0,0,0,0,1,100
12766913010670746fed792792bd553dba383e8f,0,0,0,0,0,0,0,0,0,0,0,0,0,0,440,7,0,0,0,0,0,0,0,0,0,1,100
3844fcec314f9884c4c0866923c8049985cc498c,0,0,0,0,0,0,0,0,0,0,0,0,0,0,418,6,0,0,0,0,0,0,0,0,0,1,100
15c3006fee117f33f754e7f3d7f1f658f22820f7,0,0,0,0,0,0,0,0,0,0,0,0,0,0,441,8,0,0,0,0,0,0,0,0,0,1,100
a8d25fbb803e3e8e0828f07dbfa8585e9ac98f4e,0,0,0,0,0,0,0,0,0,0,0,0,0,0,132,0,0,0,0,0,0,0,0,0,0,1,100
d3eeb74435e9838e51b08ef6db143f35fa573b86,0,0,0,0,0,0,0,0,0,0,0,0,0,0,133,1,0,0,0,0,0,0,0,0,0,1,100
29a32ff50519ad1c0cb232be7890f2b635cadfad,0,0,0,0,0,0,0,0,0,0,0,0,0,0,442,9,0,0,0,0,0,0,0,0,0,0,100
208ddbeffa3471e27ad05e8263d65d2ed90d8742,0,0,0,0,0,0,0,0,0,0,0,0,0,0,443,10,0,0,0,0,0,0,0,0,0,1,100
28d40a40678426b352b6c3cd191630b5186f9f32,5,9,12,3,0,0,0,5,23,492,1,3,2.243773829,1101,134,2,136,137,1,6613,6633,20,62,62,0,1,100
847fc1cf6dcdc139f6f91a191a40a4dae1e97238,0,0,0,0,0,0,0,0,0,0,0,0,0,0,135,3,0,0,0,0,0,0,0,0,0,1,100
1247f6d8007befff1840f9f824f3e5e4491555f6,0,0,0,0,0,0,0,0,0,0,0,0,0,0,444,11,0,0,0,0,0,0,0,0,0,1,100
cb5afe3262b3cc793cc4d3a9dd2ea7b5b89e37cd,0,0,0,0,0,0,0,0,0,0,0,0,0,0,445,12,0,0,0,0,0,0,0,0,0,0,100
17c1368c8a61f037874916c709562dcbf2b94267,0,0,0,0,0,0,0,0,0,0,0,0,0,0,446,13,0,0,0,0,0,0,0,0,0,0,100
9e2c8166fa8f56c60b366044d23e62a3e206f009,1,4,1,3,0,0,0,11,39,610,1,1,0,383,447,14,61,61,0,1952,1933,19,20,20,0,0,100
db492167a735f6bb08f1844d56e55808e0eca035,0,0,0,0,0,0,0,0,0,0,0,0,0,0,448,15,0,0,0,0,0,0,0,0,0,0,100
3c701415b3891cad6d93ff8147e635cad465300e,0,0,0,0,0,0,0,0,0,0,0,0,0,0,449,16,0,0,0,0,0,0,0,0,0,0,100
927132ceff2b8354d75909845c3f09be4c41f6d0,0,0,0,0,0,0,0,0,0,0,0,0,0,0,450,17,0,0,0,0,0,0,0,0,0,0,100
ce5447e4dd3119fffac2335cab8e4368f178a236,0,0,0,0,0,0,0,0,0,0,0,0,0,0,451,18,0,0,0,0,0,0,0,0,0,1,100
73b56d638224947af1544f3e1040a299408ac887,0,0,0,0,0,0,0,0,0,0,0,0,0,0,124,1,0,0,0,0,0,0,0,0,0,0,100
cf4fdc77b81ec2d144d841d85eef62e0d947e43e,0,0,0,0,0,0,0,0,0,0,0,0,0,0,452,19,0,0,0,0,0,0,0,0,0,1,100
96f35cc4b19f0b656982f2f4f7aa2dac85539034,2,14,3,11,0,0,0,3,4,1129,1,1,0.997502546,411,3,0,70,68,2,1815,1768,47,58,57,1,0,99.90236759
62385d7b290ac3599546d73fbdd5880b1f53fc0d,1,4,0,4,0,0,0,3,10,221,1,1,0,115,4,1,10,9,1,539,527,12,5,5,0,0,100
6537b3691378835ad135799fdb5a2cedf7ab4649,1,1,1,0,0,0,0,3,3,1565,1,1,0,425,5,2,70,70,0,2210,2217,7,29,29,0,0,100
6b0004070c80ae8f01e4bc38b759d57f482feeb2,3,2,37,35,0,1,1,2,3,1305,1,2,0.773228349,285,6,3,24,27,3,1039,1131,92,18,20,2,0,99.85347985
d3dcd1bdfc56fa7aca6752afdd5588586fc1ec91,1,1,0,1,0,0,0,3,11,0,1,1,0,119,7,4,10,10,0,546,539,7,5,5,0,0,100
027db6738068ba61ba385acae0fb77a10b803e8d,1,11,1,10,0,0,0,2,3,1307,1,1,0,40,8,5,5,3,2,198,119,79,4,3,1,0,100
22a2923979a70b6384d72ab510c5d1bcd8de274f,1,1,3,2,0,0,0,2,4,0,1,1,0,50,9,6,5,5,0,179,198,19,4,4,0,0,100
63f331fd54ba2d6684767e87e586222ce84f4c4f,1,2,3,1,0,0,0,2,5,0,1,1,0,48,10,7,5,5,0,170,179,9,4,4,0,0,100
5faa782ab2c8732579f1693d74c8d1e1722c3942,1,2,2,0,0,0,0,3,4,0,1,1,0,357,11,8,70,70,0,1749,1749,0,58,58,0,0,100
0e49d91be5b765eccf3e05fe9c44f53762f17ddf,8,43,21,22,1,0,1,3,12,0,3,6,2.241896499,1264,12,9,179,179,0,5798,5780,18,114,114,0,0,97.89684527
9116770478bcd5ee794375d8a525741298a8ff01,4,4,6,2,0,0,0,3,7,0,2,3,1.846439345,879,13,10,141,141,0,4107,4114,7,89,89,0,0,98.31021438
69c5499eddb3630fcfd04d06b1ddfb51f077295b,2,28,0,28,0,0,0,3,13,110,1,2,0.222284831,308,72,0,25,23,2,1844,1694,150,19,17,2,1,98.31021438
e106ccb0c7d72b058774a05d8a6854e9c44d4495,0,0,0,0,0,0,0,0,0,0,0,0,0,0,453,20,0,0,0,0,0,0,0,0,0,2,100
790fcab8d0932e5f59a4e74d129e924015180f17,0,0,0,0,0,0,0,0,0,0,0,0,0,0,454,21,0,0,0,0,0,0,0,0,0,1,100
1498ed062864aa059aeacd0f0438b3759eccd9e2,1,0,4,4,0,0,0,2,2,314,1,1,0,78,455,22,5,5,0,345,381,36,3,3,0,0,100
bafb86bb01c29bf77f312ab346dd0a9c48293c36,0,0,0,0,0,0,0,0,0,0,0,0,0,0,456,23,0,0,0,0,0,0,0,0,0,0,100
7771a4ddd7bbbda4cbb799b14e06d05693d834e6,12,139,37,102,2,0,2,1,7,210,1,6,3.156590541,1029,107,0,131,122,9,6690,6235,455,52,47,5,1,99.15601023
031b77c4568ad7efc776e84533080c02d7069fdf,123,5348,640,4708,56,2,58,4,101,54,3,35,6.333156975,29524,69,0,5828,5371,457,184861,165279,19582,2672,2393,279,0,90.18488929
07722ffa819692ce7e5dc06905241533bf953379,0,0,0,0,0,0,0,0,0,0,0,0,0,0,70,1,0,0,0,0,0,0,0,0,0,0,100
a16b50c961a1272315dcc3340ae369c516e25235,25,11500,391,11109,10,0,10,4,100,90,1,3,3.449133273,31781,132,2,9115,6505,2610,252468,184627,67841,3419,2651,768,0,99.38309685
b3abf05f02305260cdcbf081a8fe7d7db4b03ce7,0,0,0,0,0,0,0,0,0,0,0,0,0,0,133,3,0,0,0,0,0,0,0,0,0,0,100
c1cc0bab5c9f0338b18cc431d36f8b5b465a195f,0,0,0,0,0,0,0,0,0,0,0,0,0,0,134,4,0,0,0,0,0,0,0,0,0,0,100
40ddae268d7c56156db7ca164788f0625d48c505,0,0,0,0,0,0,0,0,0,0,0,0,0,0,135,5,0,0,0,0,0,0,0,0,0,0,100
1392b24fd9ccfe6d263839e5733b3f556039591e,0,0,0,0,0,0,0,0,0,0,0,0,0,0,136,6,0,0,0,0,0,0,0,0,0,0,100
a6b82f8b52533476b645cfbb5a80638f98703103,8,180,180,0,0,0,0,1,2,0,1,1,2.740084599,7950,137,7,1918,1918,0,49195,49195,0,506,506,0,0,100
455435adffd873d98eedc77f428b7d76f94f8bba,44,764,11679,10915,0,10,10,3,24,354,2,6,3.713255763,44054,0,0,6788,9370,2582,196295,262673,66378,2793,3550,757,1,99.38309685
add152c383e2fc9322a0403bd119568976a31081,128,465,5779,5314,0,68,68,3,95,58,3,32,6.396156261,35524,419,7,5470,5962,492,169782,191256,21474,2478,2771,293,1,90.35951454
90c59944881f3b4850d43177541a7cff66123341,0,0,0,0,0,0,0,0,0,0,0,0,0,0,420,8,0,0,0,0,0,0,0,0,0,1,100
4b11f71b7e2fe45a62ad5a26d9d6bc32ebdec6df,134,16802,893,15909,66,0,66,4,100,57,3,30,5.269436556,37200,138,8,10170,7096,3074,299765,211913,87852,4011,2961,1050,0,89.73132969
a989a4c30fad07becfac30760f4b858e7b31cd3a,44,758,11672,10914,0,10,10,3,24,352,2,6,3.70958816,44054,1,1,6788,9370,2582,196304,262673,66369,2793,3550,757,0,99.38309685
f628bb4977cd908f8b85eca553604011248ac26f,140,596,5809,5213,2,68,70,3,95,62,3,38,6.489164228,36554,108,1,5601,6084,483,176472,197500,21028,2530,2818,288,1,90.18488929
d268903f026cf275b72e6246b61c769d28fb3ed1,13,49,53,4,0,0,0,1,8,28,1,6,3.414243351,1243,109,2,145,144,1,6955,6968,13,60,60,0,1,99.8980632
a633fe13bef01e9f3d1c559ca13f45bf8f1dbda2,0,0,0,0,0,0,0,0,0,0,0,0,0,0,110,3,0,0,0,0,0,0,0,0,0,0,100
7ca8e296be9bee96f96a9cec1731623482fd633e,2,2,2,0,0,0,0,1,8,0,1,2,1,209,111,4,21,21,0,1423,1433,10,4,4,0,0,100
7062caa02f01e4963919ff4ba7b80bc21a069855,0,0,0,0,0,0,0,0,0,0,0,0,0,0,112,5,0,0,0,0,0,0,0,0,0,0,100
19daac4c1f135854031ac1f894aeafcddecc62f8,1,1,1,0,0,0,0,1,6,0,1,1,0,111,113,6,14,14,0,290,294,4,8,8,0,0,100
602cbba506c32d6aa091701893060708cce0bf12,142,5806,831,4975,57,2,59,4,100,138,3,37,6.520854056,31769,2,2,6105,5615,490,198179,176723,21456,2831,2538,293,0,90.14373717
fe7de58f09a1a8a886d218c837eb185708264e62,1,17,20,3,0,0,0,6,10,0,1,1,0,263,3,3,30,30,0,1768,1769,1,25,25,0,0,100
56b9e5a6081f74d285133f24430bb44c4fa11758,129,453,5853,5400,0,69,69,3,95,45,3,32,6.409405643,35600,43,0,5468,5970,502,169756,191665,21909,2476,2776,300,0,90.31815061
9d65cb376bedddf3c8f645744aaeaada55e029b6,0,0,0,0,0,0,0,0,0,0,0,0,0,0,44,1,0,0,0,0,0,0,0,0,0,0,100
765db0a568591b5393725cc806b4f8d33e243af2,0,0,0,0,0,0,0,0,0,0,0,0,0,0,45,2,0,0,0,0,0,0,0,0,0,0,100
c2db376ab4e8762db6e8af0b277914ac20011a9d,0,0,0,0,0,0,0,0,0,0,0,0,0,0,457,20,0,0,0,0,0,0,0,0,0,1,100
6b606cf68f60858bdc9064c1fe50c873e6dd1971,134,16798,879,15919,66,0,66,4,100,57,3,30,5.26405096,37190,139,9,10170,7094,3076,299765,211887,87878,4011,2959,1052,0,89.73132969
743737cb9159d6f5c33e72c407abff50eaaf8aa6,134,672,16901,16229,0,78,78,3,95,47,3,31,5.248794476,53109,421,9,7096,10170,3074,211913,299765,87852,2961,4011,1050,1,89.73132969
f0281ec8a80eb615d10901a4f6cfa7a74fd4e5ab,0,0,0,0,0,0,0,0,0,0,0,0,0,0,422,10,0,0,0,0,0,0,0,0,0,1,100
02f4ae96bcc962e079f9a64794b19df6634db511,0,0,0,0,0,0,0,0,0,0,0,0,0,0,458,14,0,0,0,0,0,0,0,0,0,0,100
cdce04ff9e7400e715b33029837c685a56e07819,1,4,1,3,0,0,0,3,6,503,1,1,0,60,423,4,7,6,1,312,271,41,1,1,0,1,99.92297818
6a230e5b8f304985a40e36d363e985e3a68c1800,1,2,2,0,0,0,0,10,38,221,1,1,0,627,0,0,78,78,0,2747,2752,5,31,31,0,1,100
ed2e8911785fdfbdc84ecb67cb1256fb52bc729a,0,0,0,0,0,0,0,0,0,0,0,0,0,0,459,6,0,0,0,0,0,0,0,0,0,0,100
acc1a79de17802c59810193311aa182b963e8511,1,41,21,20,0,0,0,2,3,1068,1,1,0,112,460,6,22,17,5,682,497,185,6,4,2,1,100
7e5e5f0e38069a069d560878aeb88e1a5f8015f8,0,0,0,0,0,0,0,0,0,0,0,0,0,0,461,7,0,0,0,0,0,0,0,0,0,1,100
caaefe696a0b38ad78f77f1bd45567dea36bb585,13,142,44,98,2,0,2,1,8,9,1,6,3.285749191,1141,462,6,145,135,10,6941,6513,428,60,55,5,1,99.1555783
511869c6f2eac2940941c735eb8f1559b143ca30,0,0,0,0,0,0,0,0,0,0,0,0,0,0,463,7,0,0,0,0,0,0,0,0,0,1,100
0edb8ab90c6edbfaf46f05be5dc51c1a3c5b3d03,30,508,184,324,4,0,4,2,7,173,1,7,3.829853787,2301,464,8,251,218,33,12776,11513,1263,147,129,18,0,97.72446203
81505f9c71a63b1d8af9825fc88bb8b59389f8a2,0,0,0,0,0,0,0,0,0,0,0,0,0,0,465,9,0,0,0,0,0,0,0,0,0,0,100
a6c46aec300001095fee6396ce8ffd4a0fd5783a,81,4857,117,4740,62,0,62,4,102,69,3,22,5.933552063,25832,64,1,5457,5024,433,165835,147102,18733,2480,2214,266,1,93.23054686
77164e0365c198e9ec090634a138bf46858dbc30,0,0,0,0,0,0,0,0,0,0,0,0,0,0,0,0,0,0,0,0,0,0,0,0,0,0,100
934cf3bfc9f697c5ed9281bafa7523408edc71cb,1,0,3,3,0,0,0,2,2,314,1,1,0,77,485,16,5,5,0,345,372,27,3,3,0,0,100
0bc08adf6aa434013861e731ed3c1064490b8706,18,608,414,194,7,1,8,3,8,0,1,2,3.675413342,1325,531,28,148,136,12,7980,7751,229,76,64,12,1,96.96831548
c85acef1a45b0f646011f2ef2e04afe94b711050,0,0,0,0,0,0,0,0,0,0,0,0,0,0,532,29,0,0,0,0,0,0,0,0,0,1,100
8f56e1eec64396049e48b9f763df82bcc6fb5e28,0,0,0,0,0,0,0,0,0,0,0,0,0,0,488,18,0,0,0,0,0,0,0,0,0,0,100
f6e9c3575c3faefb6221d407cbe2910e25d8d84d,0,0,0,0,0,0,0,0,0,0,0,0,0,0,489,19,0,0,0,0,0,0,0,0,0,0,100
efdf9496669084e52852b5324f650160dd9236f6,3,20,1,19,0,0,0,6,15,0,1,1,1.221694908,522,492,22,69,64,5,2856,2683,173,39,39,0,0,100
74f243cd6ac154c2557b936f7d95c7f29a88594a,1,3,0,3,0,0,0,1,2,185,1,1,0,74,0,0,5,5,0,372,345,27,3,3,0,0,100
ea81f96df6eedffe668b44201c441095760c74da,60,3255,1038,2217,32,11,43,2,4,20,2,17,5.234374824,2548,653,31,542,266,276,21216,10768,10448,303,164,139,0,91.63602941
ff187f6ffbfe58c9bfc6b1b712f6c6ae62652b34,1,3,0,3,0,0,0,1,2,185,1,1,0,74,0,0,5,5,0,372,345,27,3,3,0,0,100
c3cc4dc893d3a3886e1c28745960df5268509d22,19,307,3,304,0,0,0,2,3,296,3,9,4.208091184,1143,655,33,133,133,0,5997,6024,27,69,69,0,0,100
b26429621741a785658d1984d113b15d491052e3,0,0,0,0,0,0,0,0,0,0,0,0,0,0,656,34,0,0,0,0,0,0,0,0,0,0,100
6a600db8bc5b5ecf83baf93adf26ded8ffe27cee,0,0,0,0,0,0,0,0,0,0,0,0,0,0,657,35,0,0,0,0,0,0,0,0,0,0,100
53cc3da4e46ebb4eec1c0f73a5c90f4f19bc057c,0,0,0,0,0,0,0,0,0,0,0,0,0,0,658,36,0,0,0,0,0,0,0,0,0,0,100
7258f94fa1ca8ff94a4a7701967dcf86a2bce2df,0,0,0,0,0,0,0,0,0,0,0,0,0,0,659,37,0,0,0,0,0,0,0,0,0,0,100
e995febc2dc94e91d024137c12bb74d1c543d9b1,0,0,0,0,0,0,0,0,0,0,0,0,0,0,660,38,0,0,0,0,0,0,0,0,0,0,100
bbcae65d3a5a3f1d18cebca57d19a6f11c924264,0,0,0,0,0,0,0,0,0,0,0,0,0,0,661,39,0,0,0,0,0,0,0,0,0,0,100
ce60f3b5a2686c03d9bf3ff19c3bb56bee9f90d3,2,94,0,94,1,0,1,1,103,55,1,1,0.520737569,1560,535,31,50,41,9,4950,4585,365,42,38,4,1,99.95085995
4ad25ea32bac101ff8a1c23a16b78e460457a802,0,0,0,0,0,0,0,0,0,0,0,0,0,0,536,32,0,0,0,0,0,0,0,0,0,1,100
7b57acbe21e5000bd26ebbc4f99746cbc07637e3,1,26,0,26,0,0,0,12,46,92,1,1,0,629,538,34,135,130,5,4069,3895,174,48,46,2,1,100
c7564165454475dc27ffb7431cbbc88eb1613192,0,0,0,0,0,0,0,0,0,0,0,0,0,0,539,35,0,0,0,0,0,0,0,0,0,1,100
d69a7faa7d2d30bf04a6f1f6ff584be0d41573c0,1,3,0,3,0,0,0,1,2,185,1,1,0,74,0,0,5,5,0,372,345,27,3,3,0,0,100
266f9b1a40f6efde652fbfcec4e0500643050edc,1,0,3,3,0,0,0,2,2,314,1,1,0,77,540,36,5,5,0,345,372,27,3,3,0,1,100
ba32efda8bc8841e0d26d95e7a93267cdc2015e9,0,0,0,0,0,0,0,0,0,0,0,0,0,0,541,34,0,0,0,0,0,0,0,0,0,1,100
446c88267d337ad089f8791952ab798a813dd992,0,0,0,0,0,0,0,0,0,0,0,0,0,0,542,35,0,0,0,0,0,0,0,0,0,1,100
3038ce8f6595a0ac89eb7e6520abb990664a9c9e,0,0,0,0,0,0,0,0,0,0,0,0,0,0,543,27,0,0,0,0,0,0,0,0,0,1,100
750c8a4155c94b9d7c0c6993a31b21ca83ba1770,0,0,0,0,0,0,0,0,0,0,0,0,0,0,544,28,0,0,0,0,0,0,0,0,0,1,100
9c22d454646d76b21908ea8b9c92aa8fdedf6f24,0,0,0,0,0,0,0,0,0,0,0,0,0,0,662,40,0,0,0,0,0,0,0,0,0,0,100
33d6c74041c286eb8b30b26bd0d6a76aa81a667f,0,0,0,0,0,0,0,0,0,0,0,0,0,0,663,41,0,0,0,0,0,0,0,0,0,0,100
64f46ebc59d901e936a20f9d5b07115b94f8d616,0,0,0,0,0,0,0,0,0,0,0,0,0,0,664,42,0,0,0,0,0,0,0,0,0,0,100
165ae10be8a95d51473553e050e49935c6267586,22,3,427,424,0,1,1,12,102,22,3,11,4.212184124,3756,0,0,304,318,14,14504,15016,512,153,159,6,0,99.95085995
f021d1fd0db14c4d446813783be908596e816be8,23,434,6,428,1,0,1,12,104,331,2,11,4.278317657,3532,135,1,346,332,14,15969,15431,538,175,169,6,0,99.95085995
7bca912e8fbb9ae607ef85af6fcce67ee1dd3046,1,0,3,3,0,0,0,2,2,314,1,1,0,77,675,53,5,5,0,345,372,27,3,3,0,0,100
6f2052b0e81775ce7adbf8719107db3e795ded28,0,0,0,0,0,0,0,0,0,0,0,0,0,0,676,54,0,0,0,0,0,0,0,0,0,0,100
3d5058d779260c5a23180cd711ba2239a1dfde39,0,0,0,0,0,0,0,0,0,0,0,0,0,0,679,57,0,0,0,0,0,0,0,0,0,0,100
d1e10ceecba4f87f1e70bf02ec63094eef4f4bb3,0,0,0,0,0,0,0,0,0,0,0,0,0,0,680,58,0,0,0,0,0,0,0,0,0,0,100
478d13fb3a5596d865ce1333951dd72a04e541d1,0,0,0,0,0,0,0,0,0,0,0,0,0,0,681,59,0,0,0,0,0,0,0,0,0,0,100
12cd098826dba7a7b3a20bf90341449c5130eab8,1,3,0,3,0,0,0,1,2,185,1,1,0,74,79,8,5,5,0,372,345,27,3,3,0,2,100
cdc9de4343ba4782dfea29495359b231dee73501,2,27,1,26,0,0,0,5,105,830,1,2,0.99631652,1726,530,21,58,54,4,5553,5368,185,46,45,1,1,100
55c3f90a6b7bd1df4e1196c9cbf673b267e8df87,2,1,27,26,0,0,0,4,104,106,1,2,0.99631652,1752,79,8,54,58,4,5368,5553,185,45,46,1,1,100
99cfe28296ad82f4e9d5672b16be7de94f4d7223,0,0,0,0,0,0,0,0,0,0,0,0,0,0,79,8,0,0,0,0,0,0,0,0,0,1,100
cebe13641939dc213ac98e40a3ee43b9f3b147a2,0,0,0,0,0,0,0,0,0,0,0,0,0,0,80,9,0,0,0,0,0,0,0,0,0,1,100
6a3cca4aabedd12cc86fa006423a682a7b4f5336,0,0,0,0,0,0,0,0,0,0,0,0,0,0,2,0,0,0,0,0,0,0,0,0,0,1,100
6e0b56c100138c0b5881716932178c262b1a3683,0,0,0,0,0,0,0,0,0,0,0,0,0,0,3,1,0,0,0,0,0,0,0,0,0,0,100
d35ff2577c222a4096a4d7333b28fe73de7c7f34,0,0,0,0,0,0,0,0,0,0,0,0,0,0,72,3,0,0,0,0,0,0,0,0,0,0,100
9c8e880d8648f4f2da29b5725258b00f7e05ce8c,0,0,0,0,0,0,0,0,0,0,0,0,0,0,73,4,0,0,0,0,0,0,0,0,0,1,100
8d05605868421f58096def9119bd8e5db7de24e9,27,822,41,781,0,0,0,2,16,204,1,5,4.265647715,2028,79,7,207,207,0,8427,8456,29,121,121,0,1,100
d278ee3661c2c64cd825aeb29a69ba9bce1573d5,27,41,822,781,0,0,0,2,15,41,1,5,4.265647715,2809,2,0,207,207,0,8456,8427,29,121,121,0,1,100
ca4cbe8dbc990e46e89f9eec67e53caa042b6164,0,0,0,0,0,0,0,0,0,0,0,0,0,0,74,5,0,0,0,0,0,0,0,0,0,1,100
247e149aa83adef18e941a5ba4d383f4248c6637,0,0,0,0,0,0,0,0,0,0,0,0,0,0,75,6,0,0,0,0,0,0,0,0,0,1,100
df8baad4a137cf9a022744aa66cbabf353bf0db1,0,0,0,0,0,0,0,0,0,0,0,0,0,0,76,7,0,0,0,0,0,0,0,0,0,1,100
f75cf7c176bf5cae740c2d29999d57de87ea07fa,0,0,0,0,0,0,0,0,0,0,0,0,0,0,77,8,0,0,0,0,0,0,0,0,0,1,100
8e2374fde0d8b7cdd7df7e3919e4b34dd21add09,0,0,0,0,0,0,0,0,0,0,0,0,0,0,530,11,0,0,0,0,0,0,0,0,0,1,100
fb9b527e40d1b1b71cc1847e5b038a50f1639124,0,0,0,0,0,0,0,0,0,0,0,0,0,0,531,12,0,0,0,0,0,0,0,0,0,0,100
fcd0d9e7b639f352c6fd6870dcfdec4d830f34d9,0,0,0,0,0,0,0,0,0,0,0,0,0,0,532,13,0,0,0,0,0,0,0,0,0,0,100
b554cc900d27a2375bcf71a07ba6e467525cd98a,1,74,0,74,1,0,1,1,1,0,1,1,0,0,533,14,8,0,8,336,0,336,5,0,5,0,99.9509082
f95196031144bac23453ccce813667e8ec652a63,3,27,86,59,0,1,1,0,2,84,2,3,1.225849452,899,629,12,124,129,5,5059,5276,217,40,44,4,1,99.9509082
6e2495378ba7e3e715a4a940736d3c4713bc8c48,2,12,27,15,0,0,0,1,1,0,1,2,0.858230793,840,534,10,121,124,3,4940,5059,119,39,40,1,0,100
4a3cb4a90c0d37e2af75b150d7a32c0261e66c91,0,0,0,0,0,0,0,0,0,0,0,0,0,0,535,11,0,0,0,0,0,0,0,0,0,0,100
b98530acd3b49a83613048dbfac3b009a21c14f2,1,1,1,0,0,0,0,2,2,129,1,1,0,591,0,0,104,104,0,3390,3389,1,22,22,0,0,100
18056e88a83b8a4dc63b3dd1ac1fd7d875a5a309,2,28,13,15,0,0,0,1,2,126,1,2,0.839004061,825,630,10,124,121,3,5059,4941,118,40,39,1,0,100
3fe57c3dc42e9d61916c239bdad9bf4090330d93,0,0,0,0,0,0,0,0,0,0,0,0,0,0,631,11,0,0,0,0,0,0,0,0,0,1,100
5ed03b83589f2cac28efb0a58ec3934296e2d776,1,0,3,3,0,0,0,2,2,314,1,1,0,77,682,14,5,5,0,345,372,27,3,3,0,1,100
cfcc96466bf8dc8d2bac4f8cdaceb4f6a505c61b,0,0,0,0,0,0,0,0,0,0,0,0,0,0,683,15,0,0,0,0,0,0,0,0,0,1,100
a37f33115073449985e4c7bce58078d800f34267,0,0,0,0,0,0,0,0,0,0,0,0,0,0,170,0,0,0,0,0,0,0,0,0,0,0,100
0c9a8a47513fa6e47d25ddc3650531a6619f089d,1,3,0,3,0,0,0,1,2,185,1,1,0,74,166,0,5,5,0,372,345,27,3,3,0,0,100
6b3b96a4cffce248f9321bd25950f7cf0cc3bfbb,1,0,3,3,0,0,0,2,2,314,1,1,0,77,684,16,5,5,0,345,372,27,3,3,0,0,100
abc15013997c4b8da9a1e8e6393fc87d302a6dc4,0,0,0,0,0,0,0,0,0,0,0,0,0,0,685,17,0,0,0,0,0,0,0,0,0,0,100
4dd2571a23883a906b80420c88abf676ed26e416,0,0,0,0,0,0,0,0,0,0,0,0,0,0,686,18,0,0,0,0,0,0,0,0,0,0,100
9d5fd61cd59ac3997527e954b3f10113c4e37237,1,3,0,3,0,0,0,1,2,185,1,1,0,74,167,1,5,5,0,372,345,27,3,3,0,1,100
7fb7a20ba6e7f397b28f6c79d02c799a7c0f0c90,0,0,0,0,0,0,0,0,0,0,0,0,0,0,168,2,0,0,0,0,0,0,0,0,0,1,100
82199b42268c3462e0568f3bd134d28a4af01ea8,0,0,0,0,0,0,0,0,0,0,0,0,0,0,169,3,0,0,0,0,0,0,0,0,0,1,100
e294c3789926d05f9488293add8fd1a3f0fc840f,2,23,5,18,0,0,0,6,107,127,1,1,0.940285959,1922,170,4,104,99,5,6040,5947,93,52,51,1,1,100
9e3e48daf01ca0cf2d8182e205275df480c45795,0,0,0,0,0,0,0,0,0,0,0,0,0,0,171,5,0,0,0,0,0,0,0,0,0,1,100
9abca47403991a0e44ba25e1b55db550960b021e,2,2,1,1,0,0,0,4,6,998,1,2,0.918295834,263,172,6,30,30,0,1577,1554,23,17,17,0,1,100
c682eb76e7c49b26429baf4f43e40ff929163378,0,0,0,0,0,0,0,0,0,0,0,0,0,0,173,7,0,0,0,0,0,0,0,0,0,1,100
0bc4565166e3d7ed3c219486dfbf51e0851cf105,1,59,0,59,0,0,0,21,108,10,1,1,0,1571,46,0,41,41,0,4783,4603,180,38,38,0,0,100
3f819165f8d553132ce3881e7128a76817d8137b,1,0,59,59,0,0,0,21,107,52,1,1,0,1630,46,0,41,41,0,4603,4783,180,38,38,0,0,100
9f007c28b6ec5f75770dc0a69fbf09c6e1174036,0,0,0,0,0,0,0,0,0,0,0,0,0,0,47,1,0,0,0,0,0,0,0,0,0,1,100
28e64c9e52bd7982b97e67c75ef451ddc339d2b1,0,0,0,0,0,0,0,0,0,0,0,0,0,0,48,2,0,0,0,0,0,0,0,0,0,1,100
9319ab137efa9d606e96d1fc0504502bbaec87e6,3,149,34,115,0,0,0,4,15,229,1,3,1.493611791,577,7,0,67,53,14,4109,3412,697,48,43,5,0,100
dad54fc4a719cea47d1116ce57ba14360b38cac2,3,34,149,115,0,0,0,3,14,169,1,3,1.493611791,692,78,4,53,67,14,3412,4109,697,43,48,5,1,100
577e34e7ee39d7010d8e8e0447619896a406eaeb,0,0,0,0,0,0,0,0,0,0,0,0,0,0,79,5,0,0,0,0,0,0,0,0,0,1,100
081af1cf18b397af5e77c8c83400c8c7dffda1d0,3,149,34,115,0,0,0,4,15,229,1,3,1.493611791,577,539,6,67,53,14,4109,3412,697,48,43,5,1,100
5383ac375cb2955e3247d485e46f1f58bff62810,0,0,0,0,0,0,0,0,0,0,0,0,0,0,540,7,0,0,0,0,0,0,0,0,0,1,100
1da96361b133029444a632bf2624226eb26f566d,4,93,149,56,0,0,0,21,108,129,2,4,1.930772111,2263,47,1,94,108,14,8195,8712,517,81,86,5,0,100
276b68d4434c35ee71a23c8d7949d1c9a6bdb037,23,613,275,338,1,0,1,21,107,611,2,6,3.946466999,4483,4,0,397,347,50,22583,20158,2425,233,212,21,0,99.9509082
e2894f70f45fad8556fda628f93e0f6745e804ff,21,181,463,282,0,1,1,4,23,160,1,4,3.702285406,3076,83,0,301,337,36,15279,17187,1908,171,187,16,0,99.9509082
cf923a563018f991447fd708bc694f3b6faff039,27,822,41,781,0,0,0,2,16,204,1,5,4.265647715,2028,85,1,207,207,0,8427,8456,29,121,121,0,1,100
f7a8a7513503567ecd32ca82d97d69eae0e9d88b,0,0,0,0,0,0,0,0,0,0,0,0,0,0,86,2,0,0,0,0,0,0,0,0,0,1,100
1522670cdde7ab7656301db76bbc9bd11200b86d,1,59,0,59,0,0,0,21,108,10,1,1,0,1571,541,8,41,41,0,4783,4603,180,38,38,0,1,100
27a3a6bb71f78bd20029747981d20c21dd639f55,0,0,0,0,0,0,0,0,0,0,0,0,0,0,542,9,0,0,0,0,0,0,0,0,0,1,100
735fae7899eb8240b7a0d5514c6f68a9f6be3e4f,41,106,1094,988,0,0,0,6,104,200,2,17,4.753943996,7002,0,0,548,570,22,25997,27074,1077,294,301,7,1,93.8475458
b53770068d61950c64cec2a0d9b7f126a3dd648e,59,1558,288,1270,1,0,1,7,108,411,2,18,5.260674649,8142,5,1,845,787,58,39999,37014,2985,439,416,23,0,93.80510965
e30bcfdd1071cd1d3392afe0764554cfc86a2f50,56,280,1552,1272,0,1,1,6,104,85,2,15,5.227508529,9292,0,0,782,840,58,36625,39615,2990,412,435,23,0,99.9509082
0f7349d168a0e60fd1fd242276d80e1b02200932,38,1089,99,990,0,0,0,7,108,283,2,14,4.705371013,5892,87,3,565,543,22,26690,25608,1082,297,290,7,0,100
4a66ab97f72cd26d8a7e4f2527e8d30d14cede00,0,0,0,0,0,0,0,0,0,0,0,0,0,0,88,4,0,0,0,0,0,0,0,0,0,1,100
b1411aa63383801913cb1340a8b51c5bb46db0ba,7,300,334,34,2,0,2,5,39,536,1,1,1.346943081,1097,0,0,113,122,9,4287,4610,323,54,53,1,2,99.56000978
24327b1f2f2b88710f50d7f4ab803eacafc5649a,8,339,304,35,0,2,2,4,38,205,2,2,1.349985172,1347,89,5,164,155,9,6304,5977,327,65,66,1,0,99.56000978
30df970e2086fb1d060f643ff01ee1491225605f,0,0,0,0,0,0,0,0,0,0,0,0,0,0,90,6,0,0,0,0,0,0,0,0,0,1,100
7e81e54e16feba742ec8501d7b9497ce2c2bf68f,4,50,14,36,0,0,0,8,40,160,2,4,1.565426935,1125,0,0,180,171,9,6023,5768,255,69,65,4,0,100
87772f2a1fd84a3a561543659544ac6cdb7c4537,3,15,15,0,0,0,0,8,41,0,1,3,1.156676652,877,1,1,138,138,0,4357,4333,24,57,57,0,1,100
935e87accc85340549f44effa8a675e950747faa,10,299,371,72,2,0,2,7,39,513,1,4,1.657629412,1974,1,1,242,260,18,8361,8967,606,107,110,3,0,99.56000978
286bacdf49937d1e8576eff27dfc887824ffdbbb,176,817,10001,9184,1,102,103,3,95,47,3,54,6.819588795,40866,0,0,5673,6495,822,177904,211288,33384,2533,2999,466,2,87.61810045
a2502c3bc3bcd4caf3800bb645058abb61d2a071,168,8662,1035,7627,80,1,81,4,103,85,2,49,6.716583595,31370,1,1,6384,5581,803,205348,172956,32392,2938,2478,460,1,87.61810045
f5db06ce2809c3b66f2d797f979f8c40133c2f60,2,5,3,2,0,0,0,5,41,0,1,1,0.811278124,632,2,2,72,72,0,2790,2778,12,33,33,0,0,100
7af467723b5c4b0beedc40626a8c56bc7c3e0d21,36,1058,82,976,0,0,0,5,108,230,3,12,4.592435728,4982,2,2,422,403,19,21232,20241,991,247,241,6,0,100
d955a3a9922d0690142209a31f0a78fc250c7b61,8,336,304,32,0,2,2,4,38,205,2,2,1.333343486,1350,59,0,164,155,9,6304,6010,294,65,66,1,1,99.56000978
fa370b540cdc91cefea6ccda166525ba4e6aa15c,0,0,0,0,0,0,0,0,0,0,0,0,0,0,59,0,0,0,0,0,0,0,0,0,0,1,100
0d79febc05f02603ac8be0512ff791b53b896905,0,0,0,0,0,0,0,0,0,0,0,0,0,0,60,1,0,0,0,0,0,0,0,0,0,1,100
de17a9f6c7d19dd7444753eeeea31bf1a5a2d9df,0,0,0,0,0,0,0,0,0,0,0,0,0,0,0,0,0,0,0,0,0,0,0,0,0,0,100
5069e156a9d87d6e2ebfa14c915330b6f4c42fac,0,0,0,0,0,0,0,0,0,0,0,0,0,0,0,0,0,0,0,0,0,0,0,0,0,0,100
2d27c64c433fc3178651d318dbc409c086f9fd6d,4,40,1,39,0,0,0,8,41,30,2,4,1.601764887,1125,2,2,180,171,9,6061,5768,293,69,65,4,0,100
c1fe22abfe77a9bdc21de6d85993ae0da96a7fed,4,1,40,39,0,0,0,7,39,458,2,4,1.601764887,1164,0,0,171,180,9,5768,6061,293,65,69,4,0,100
34aa43163fcf5a79713ffb31ce74564cb5666366,0,0,0,0,0,0,0,0,0,0,0,0,0,0,60,1,0,0,0,0,0,0,0,0,0,1,100
18ca7966583902e2895949e01c8ea07457c44cb5,0,0,0,0,0,0,0,0,0,0,0,0,0,0,59,0,0,0,0,0,0,0,0,0,0,1,100
3d03b931b66d43fd5dd383c5e0ac23c55b772232,7,49,16,33,0,0,0,4,23,1037,2,5,2.291253233,992,0,0,127,122,5,4678,4575,103,77,72,5,1,97.67618085
0459bc97f6e7ea80c3212f9bb5cfdc89a1e5450d,3,15,23,8,0,0,0,4,5,0,2,2,1.568316493,460,1,1,61,61,0,2093,2109,16,41,41,0,0,97.67618085
dfc3cd9d9d96d5a0bf204b0a1389b2ba9da7367a,7,2,27,25,0,0,0,3,24,552,2,5,2.568996843,1017,0,0,122,127,5,4575,4662,87,72,77,5,0,100
fcf21238db6be31fef6b64845e5a2492e8b295c9,0,0,0,0,0,0,0,0,0,0,0,0,0,0,1,1,0,0,0,0,0,0,0,0,0,0,100
a1912eafab7f4313c7f45f27748fff28cb37d8f0,1,20,18,2,0,0,0,7,14,233,1,1,0,360,4,0,42,42,0,1716,1668,48,24,24,0,0,100
427cef54c74204a257bc97a3e8fb793854603aaf,1,23,0,23,0,0,0,7,15,0,1,1,0,362,5,1,46,42,4,1894,1716,178,25,24,1,0,100
0b4844fda8cd282e260597aa03685c2766ef7e76,10,58,280,222,0,0,0,7,103,207,3,7,2.581001284,3702,83,0,271,294,23,14616,15866,1250,150,157,7,1,100
6694e5886e8f6edf935dacba3d4f839f348689c4,0,0,0,0,0,0,0,0,0,0,0,0,0,0,2,0,0,0,0,0,0,0,0,0,0,1,100
e5bf9aab3b4a3b76c69697e595a1dac3475ee6a0,0,0,0,0,0,0,0,0,0,0,0,0,0,0,3,1,0,0,0,0,0,0,0,0,0,0,100
f4d0b82322e4f2904eb8acb81a0fa048d3a23687,1,1,0,1,0,0,0,9,24,159,1,1,0,284,4,2,42,42,0,1694,1690,4,12,12,0,1,100
6bef69cb65433e6d64ce845478229c34cd8ab04b,0,0,0,0,0,0,0,0,0,0,0,0,0,0,84,1,0,0,0,0,0,0,0,0,0,3,100
9906f85d5267d092c61d2e3d532f80feb0886648,8,236,40,196,0,0,0,6,108,381,3,6,2.292061277,2836,91,7,206,187,19,12278,11258,1020,120,114,6,0,100
5141440bbd267ca954b19b990b77781b7795bd7b,1,1,1,0,0,0,0,6,14,697,1,1,0,217,0,0,34,34,0,1067,1067,0,18,18,0,0,100
fb0f00e482d3782682d9ede77f5990bc7d05a895,5,10,9,1,0,0,0,5,13,896,2,3,2.249287069,725,0,0,76,76,0,3536,3536,0,47,47,0,0,100
61dceffb622e70dd419096f0fa0ad5979d99d710,41,101,1092,991,0,0,0,3,104,95,3,14,4.734213298,7398,0,0,594,616,22,28468,29555,1087,312,319,7,1,100
68bd67c02af316e711fba98a37d853063e83884a,39,1097,96,1001,0,0,0,5,109,230,2,14,4.697851072,6275,1,1,625,603,22,28923,27805,1118,316,309,7,0,100
b69c643936970aa993a21c42dc0c9e498316f24b,24,467,196,271,1,0,1,4,108,618,2,7,3.81798624,4812,6,2,429,393,36,23780,21903,1877,251,235,16,0,99.9509082
3e82028a5a3fae3b9e0616fa85278e4a347b63e2,24,195,466,271,0,1,1,5,110,144,2,7,3.815571284,5083,2,2,393,429,36,21903,23780,1877,235,251,16,0,99.9509082
792a88d1ff636da78199146e57c4fc0c84b3a284,3,3,14,11,0,0,0,4,108,299,1,3,1.402081403,2017,0,0,92,92,0,6589,6620,31,64,64,0,0,100
c27948df35fd6ccbbe6fd19c3c2528c810c24699,1,3,2,1,0,0,0,22,109,51,1,1,0,1630,8,0,41,41,0,4783,4783,0,38,38,0,1,100
7bccc6d3d6a123f9192a586293fc5f15c940a9e1,0,0,0,0,0,0,0,0,0,0,0,0,0,0,92,8,0,0,0,0,0,0,0,0,0,1,100
f3e973fa4df7af68317e4e239c3c783756de1e75,2,3,4,1,0,0,0,6,108,360,1,2,0.863120569,1848,0,0,75,75,0,5844,5850,6,56,56,0,0,100
fecba3e144e35ca15765c5868d762e77e5933e4a,3,5,4,1,0,0,0,5,109,177,2,3,1.435520504,2442,93,9,181,181,0,9288,9281,7,78,78,0,0,100
df12823c97f966717826d6d1595dd014ec1f3afd,0,0,0,0,0,0,0,0,0,0,0,0,0,0,94,10,0,0,0,0,0,0,0,0,0,0,100
f342328f7f70354d22b3e3c8b6d7341714f59d08,8,42,239,197,0,0,0,6,103,228,3,6,2.286187177,3033,0,0,187,206,19,11258,12278,1020,114,120,6,0,100
0b88a2b8cb61d576a992d8fcf114a378ce452f5f,11,279,42,237,0,0,0,8,109,281,3,9,2.727231758,3676,95,11,344,316,28,16649,15332,1317,177,167,10,1,100
f63b1ef535ddf88057f8ba4357bebcb1789c8854,0,0,0,0,0,0,0,0,0,0,0,0,0,0,96,12,0,0,0,0,0,0,0,0,0,1,100
b1388c6dd3a999ccfdb17390fc3033ff4451783e,1,43,18,25,0,0,0,7,15,0,1,1,0,360,97,13,46,42,4,1894,1668,226,25,24,1,0,100
98cbb34f01dd829fcdf3ea931d12c50c7f88cf98,0,0,0,0,0,0,0,0,0,0,0,0,0,0,98,14,0,0,0,0,0,0,0,0,0,1,100
aa280a680fd0eacb34fb9b6aad8b04fec4b56cb2,12,42,302,260,0,0,0,7,103,321,3,9,2.898984533,4298,8,0,358,390,32,17048,18543,1495,191,202,11,0,100
6141d741bcef5a6fe7069fabc31008cc5084b655,1,23,0,23,0,0,0,7,15,0,1,1,0,362,9,1,46,42,4,1894,1716,178,25,24,1,0,100
701d103f0673ac42a6522415910e1d0b89957792,0,0,0,0,0,0,0,0,0,0,0,0,0,0,85,2,0,0,0,0,0,0,0,0,0,1,100
78c2adbe04d2d2c7e0224719a24b1412cf13595e,12,273,88,185,0,0,0,5,110,279,3,10,2.754639417,4192,4,4,406,390,16,19231,18396,835,192,187,5,2,100
4a3ddc688a5a0d584a6858168241083db23add15,15,391,370,21,2,0,2,4,109,285,2,7,2.159388406,4912,543,0,495,492,3,20612,20420,192,222,216,6,3,99.56000978
34bc621d5e9b2833342ff5b8ea50f6c4f140f1d3,12,43,279,236,0,0,0,7,103,307,3,10,2.749107962,4030,555,0,325,353,28,15859,17176,1317,173,183,10,3,100
2d030413ab651140a3dd3655673b7bb81c1ce202,19,615,348,267,0,2,2,2,109,290,3,10,2.727760913,4817,0,0,473,436,37,21605,19998,1607,232,223,9,0,99.56000978
56de46c3e84ce56d3d722264502e806fac41119a,19,344,611,267,2,0,2,1,103,368,3,10,2.742221589,5084,556,1,436,473,37,19998,21605,1607,223,232,9,2,99.56000978
b3f0df41dee39999d4e68494fec266c35000d9c5,12,279,43,236,0,0,0,8,109,255,3,10,2.749107962,3794,544,1,353,325,28,17176,15859,1317,183,173,10,2,100
4eb2e1e9244c6f427ce000759a44b6bead2bfba3,47,437,1447,1010,0,2,2,7,104,112,2,15,4.507593448,8976,632,0,830,853,23,34848,36050,1202,396,408,12,0,99.56000978
184fd722785741701768a89c2d7341e22fddb50f,47,1443,433,1010,2,0,2,8,109,239,2,15,4.518403438,7966,633,1,853,830,23,36050,34848,1202,408,396,12,0,99.56000978
1b3e9edfc6597f19cee8b73310c30c0c92739eda,8,337,306,31,0,2,2,2,38,192,1,2,1.364920418,1140,1,1,129,120,9,4948,4666,282,55,56,1,0,99.56000978
6add48717cefd6cd5d259c6784a39b58e9b38680,8,302,333,31,2,0,2,1,40,420,1,2,1.37687787,1171,0,0,120,129,9,4666,4948,282,56,55,1,0,99.56000978
6778b567b56b77a1ac0afe223305865b8684d199,13,356,391,35,0,2,2,7,108,257,2,6,1.991997847,4557,0,0,440,444,4,18572,18806,234,190,196,6,0,99.56000978
e54f6ea58bfd2b2786afe1d0a552935b0ee32adf,0,0,0,0,0,0,0,0,0,0,0,0,0,0,1,1,0,0,0,0,0,0,0,0,0,0,100
e5fbb247311af07a820abb8bce3bff52c06b386b,14,389,354,35,2,0,2,2,109,243,2,6,2.044225724,4596,545,2,451,447,4,19144,18918,226,198,192,6,1,99.56000978
eb583bb5071ae045c28a65b6af4a0eb56e0c2a9c,0,0,0,0,0,0,0,0,0,0,0,0,0,0,546,3,0,0,0,0,0,0,0,0,0,1,100
cddd2531ca0ef24ab71b9f36787b0c6799c2d5e6,0,0,0,0,0,0,0,0,0,0,0,0,0,0,547,4,0,0,0,0,0,0,0,0,0,0,100
cb92190a9d82317471d825804400a19e40ebd94b,0,0,0,0,0,0,0,0,0,0,0,0,0,0,548,5,0,0,0,0,0,0,0,0,0,1,100
4133899737dc5af37380bfe0ae57c6ce28c7da34,0,0,0,0,0,0,0,0,0,0,0,0,0,0,549,6,0,0,0,0,0,0,0,0,0,1,100
7be83684dc7cc2fa8067397cb159439e47122dc3,16,376,397,21,0,2,2,5,110,224,2,7,2.179600587,5007,5,5,499,502,3,20766,20950,184,218,224,6,0,99.56000978
f1703767e1112cd51c48b53b65889d3b7cf14f59,16,393,372,21,2,0,2,4,109,268,2,7,2.195251644,4986,0,0,502,499,3,20950,20766,184,224,218,6,0,99.56000978
68d3a5a35ec4f86e360171fb7efdf0c7845d59d2,0,0,0,0,0,0,0,0,0,0,0,0,0,0,99,8,0,0,0,0,0,0,0,0,0,0,100
e8f872ee8246947f9939f24f0964ce30bd98c91c,4,9,8,1,0,0,0,4,7,1020,2,2,1.971335285,508,550,7,42,42,0,2469,2469,0,29,29,0,0,100
d553005fc28feefaffd504b8adf606af14ed8443,0,0,0,0,0,0,0,0,0,0,0,0,0,0,551,8,0,0,0,0,0,0,0,0,0,0,100
8bf1fa3e0160087037f8f2af405be38eb63009ce,0,0,0,0,0,0,0,0,0,0,0,0,0,0,552,9,0,0,0,0,0,0,0,0,0,1,100
c6d270c6ffbc285e61a2236291b82ad0f268217a,0,0,0,0,0,0,0,0,0,0,0,0,0,0,553,10,0,0,0,0,0,0,0,0,0,1,100
e6c502b113db1525273e3383822ed26bd561f57c,0,0,0,0,0,0,0,0,0,0,0,0,0,0,554,11,0,0,0,0,0,0,0,0,0,0,100
44c033c8b7c93e11b989757e4ec7b51f4e025de2,3,7,5,2,0,0,0,3,3,1701,1,3,1.483355755,120,555,12,5,5,0,389,384,5,4,4,0,1,93.89997757
f079882b941ff4c678a8434667818b5eddac4985,0,0,0,0,0,0,0,0,0,0,0,0,0,0,556,13,0,0,0,0,0,0,0,0,0,1,100
dc842c4df51992316853fb1183654b9a663049fe,0,0,0,0,0,0,0,0,0,0,0,0,0,0,557,14,0,0,0,0,0,0,0,0,0,0,100
aa7cac92f2981a5bb4869ad3ce4db5dd66bf51f5,0,0,0,0,0,0,0,0,0,0,0,0,0,0,558,15,0,0,0,0,0,0,0,0,0,0,100
f62e2e99bec34f6be8c815393ab42a4da3f6a391,0,0,0,0,0,0,0,0,0,0,0,0,0,0,559,16,0,0,0,0,0,0,0,0,0,0,100
76ac09bc027a625bc631f126aaf72e910e747898,0,0,0,0,0,0,0,0,0,0,0,0,0,0,560,17,0,0,0,0,0,0,0,0,0,1,100
77f0c8b5bdce493a168cd2fda51087b7648e592a,0,0,0,0,0,0,0,0,0,0,0,0,0,0,561,18,0,0,0,0,0,0,0,0,0,1,100
83bd369a7c53073a7ba588ac9c0cfc46136a7cf8,0,0,0,0,0,0,0,0,0,0,0,0,0,0,562,19,0,0,0,0,0,0,0,0,0,1,100
3bc60817dc93064e922e214ac5b22ee59936a268,0,0,0,0,0,0,0,0,0,0,0,0,0,0,563,20,0,0,0,0,0,0,0,0,0,1,100
24f9c1becd707d4018ae33c4377f4bdf9bc8fd1e,0,0,0,0,0,0,0,0,0,0,0,0,0,0,564,21,0,0,0,0,0,0,0,0,0,0,100
af781c90e994480e27b2b17d01e1a55fed853c63,0,0,0,0,0,0,0,0,0,0,0,0,0,0,565,22,0,0,0,0,0,0,0,0,0,0,100
3c6e04fbf7654e210fb3a4436f891619f1d5bba2,0,0,0,0,0,0,0,0,0,0,0,0,0,0,566,23,0,0,0,0,0,0,0,0,0,1,100
e2157678f2f5c99455cac4ddc61f21fec66f99cf,0,0,0,0,0,0,0,0,0,0,0,0,0,0,567,24,0,0,0,0,0,0,0,0,0,1,100
11823a722749ba77c4b207ad5d369df69fd2551b,1,32,25,7,0,0,0,2,2,213,1,1,0,202,0,0,28,29,1,1150,1142,8,8,7,1,0,100
8ec4c5ba0f84736596f46cda2d0da5ddf94eed1a,1,1,2,1,0,0,0,2,3,0,1,1,0,209,1,1,28,28,0,1144,1150,6,8,8,0,0,100
9c3dfc9863475841f918ddb93cc1db8535cb8aff,1,20,20,0,0,0,0,2,4,0,1,1,0,208,2,2,28,28,0,1144,1144,0,8,8,0,0,100
236a265a59fbdcb93d1f49c882a5b31e794866eb,0,0,0,0,0,0,0,0,0,0,0,0,0,0,100,9,0,0,0,0,0,0,0,0,0,1,100
7c46c7d5babe7bb003232df110de6940904bfd96,3,18,4,14,0,0,0,5,112,76,1,3,1.288649765,2007,101,10,93,92,1,6631,6589,42,64,64,0,1,100
9f75a265c9bee0fb1a46d1f5b5d40925f60b3a04,3,4,18,14,0,0,0,4,109,313,1,3,1.288649765,2021,101,10,92,93,1,6589,6631,42,64,64,0,2,100
df25048cbc0c9884cc558f6c6e4ca118a38f930d,3,18,4,14,0,0,0,5,112,76,1,3,1.288649765,2007,103,12,93,92,1,6631,6589,42,64,64,0,1,100
72e243464787f8dccd1aa32f5eb40087d6f23d02,23,89,348,259,0,0,0,4,103,335,3,16,3.45093255,5333,0,0,459,487,28,22006,23364,1358,241,252,11,0,93.89997757
8b2dd5f8f8647bcaa50a895c19f3a880e08eda1d,3,14,3,11,0,0,0,5,104,122,1,3,1.402081403,1947,1,1,92,92,0,6440,6409,31,64,64,0,0,100
b97a38352fb4c0ed20ad16d0d77d7fb52325749c,1,1,1,0,0,0,0,22,105,0,1,1,0,1578,86,3,41,41,0,4621,4621,0,38,38,0,0,100
da76088a9bb6d6f223bf03ba4bc7c0ebd98defd8,1,1,1,0,0,0,0,6,16,0,1,1,0,221,2,2,34,34,0,1072,1078,6,18,18,0,0,100
0594825303397289eee258915b05d0c0a697a717,1,5,2,3,0,0,0,6,17,0,1,1,0,221,3,3,35,34,1,1089,1072,17,18,18,0,2,100
c6cd6e782ea63784c774858b2948cedda17074d4,0,0,0,0,0,0,0,0,0,0,0,0,0,0,4,4,0,0,0,0,0,0,0,0,0,0,100
864a9cda71b3f8749ecf75e493931bc5329f8e7f,0,0,0,0,0,0,0,0,0,0,0,0,0,0,87,4,0,0,0,0,0,0,0,0,0,2,100
3466d35757ef23176e6c47b6edf7ef3654d28bb8,21,331,86,245,0,0,0,2,112,580,3,15,3.341092307,4705,104,13,435,408,27,21534,20218,1316,226,215,11,2,93.89997757
c804fbd2ee8795f303f9180bd6b725396041fa99,21,86,331,245,0,0,0,1,105,308,3,15,3.341092307,4950,88,5,408,435,27,20218,21534,1316,215,226,11,2,93.89997757
740f02ee0025cc0307a1422205f9612ce18d3652,21,331,86,245,0,0,0,2,112,580,3,15,3.341092307,4705,62,2,435,408,27,21534,20218,1316,226,215,11,1,93.89997757
b132520adb00def6d03ef020b1cb5973eb3b3519,23,454,375,79,2,2,4,4,109,364,3,12,2.518960061,4142,136,0,315,302,13,16501,16036,465,170,169,1,0,93.36332958
1b581ef1cd2c6a8c9f07f2097816c0312ae003ba,1,0,35,35,0,1,1,1,2,0,1,1,0,35,137,1,0,1,1,0,110,110,0,1,1,0,93.89261745
0315b015dc048568c708ae0a41010391dbbe9b42,23,363,652,289,2,1,3,5,105,336,3,13,2.991459595,5564,89,6,495,534,39,22245,23916,1671,255,266,11,1,93.5102587
5ac30623733a4d882e7f2dfd9c903efd91cede5d,21,331,86,245,0,0,0,2,112,580,3,15,3.341092307,4705,105,14,435,408,27,21534,20218,1316,226,215,11,1,93.89997757
fd21937526b4b20ac1670c623645ba131ed512ac,6,27,1,26,0,0,0,4,5,577,2,4,2.436621336,708,106,15,85,80,5,2976,2885,91,65,60,5,1,100
54f6b32f6bcf77032db5aa29183426bfbe3c0a90,0,0,0,0,0,0,0,0,0,0,0,0,0,0,107,16,0,0,0,0,0,0,0,0,0,1,100
78bd1f45b7276a9c0d414d22a0f58dba0d86f23b,0,0,0,0,0,0,0,0,0,0,0,0,0,0,5,3,0,0,0,0,0,0,0,0,0,1,100
02ca2e96c97212b860c49b634c93e0c12dcf3e9f,0,0,0,0,0,0,0,0,0,0,0,0,0,0,6,4,0,0,0,0,0,0,0,0,0,0,100
f091743d9ebc935c9bbbc210095884c3d819632b,4,59,3,56,0,0,0,3,25,389,1,2,1.724768309,689,1,1,86,80,6,3923,3626,297,38,36,2,1,100
05bd1e36697fe7038284833032da262afb82ac99,26,87,358,271,0,0,0,3,105,366,3,18,3.614351474,5653,0,0,488,520,32,23035,24442,1407,275,291,16,1,93.89997757
52572e3471d811eb07521cefa464c16289b91800,26,358,87,271,0,0,0,4,112,535,3,18,3.614351474,5382,568,25,520,488,32,24442,23035,1407,291,275,16,1,93.89997757
6a21b6a4e0cd6ad211134bb97bbec0e6d0907e12,0,0,0,0,0,0,0,0,0,0,0,0,0,0,569,26,0,0,0,0,0,0,0,0,0,1,100
f72beb086faed40a705cad04e4d87d46fd10fd0e,0,0,0,0,0,0,0,0,0,0,0,0,0,0,2,2,0,0,0,0,0,0,0,0,0,0,100
5631b9d4746f34127a1bc89cb4488d2b2d8ec9d7,5,301,58,243,0,0,0,2,5,1042,1,2,0.46932311,571,0,0,95,58,37,3690,2396,1294,61,42,19,0,100
acb36df704d292b514d5c8e8437dc2d1c84a93d8,17,68,394,326,0,0,0,3,24,417,2,10,1.83256659,3002,174,0,327,375,48,12384,14061,1677,175,201,26,1,100
579dc87f04cf24fc9419945d54519fce09584178,17,403,65,338,0,0,0,4,25,556,2,10,1.814917714,2676,1,1,375,327,48,14164,12384,1780,201,175,26,0,100
e71e2ddfafe8bfb082320c2c3b40f4fb2a3d4995,1,7,1,6,0,0,0,2,7,0,1,1,0,566,2,2,80,79,1,3228,3197,31,46,45,1,0,100
70cdda253e2f744a4f106400da5e4646b2230b1b,36,478,777,299,1,2,3,4,109,353,3,18,3.043208759,6422,138,2,532,569,37,25230,26691,1461,307,334,27,0,99.13097455
639f6a78cb1fc462590d9fe9c0fd7bbbd959505c,1,22,2,20,0,0,0,3,5,14,1,1,0,87,139,3,20,10,10,789,519,270,4,4,0,0,100
e4cd21a6628c376da411b5cc4076226789e75baa,0,0,0,0,0,0,0,0,0,0,0,0,0,0,140,4,0,0,0,0,0,0,0,0,0,0,100
e0f0ce57d443aa7fc295504e3355a7f11e05621e,31,463,439,24,2,1,3,5,113,532,3,16,2.991574646,5572,137,0,473,484,11,22885,23104,219,272,265,7,0,99.13097455
7a758840d525311435549111d658499a84405090,4,58,8,50,1,0,1,3,112,443,1,3,1.684038436,1786,108,16,68,55,13,5922,5564,358,48,46,2,0,99.9168572
9b2fd72e90b962175e8610cf072f1aeb8164c527,0,0,0,0,0,0,0,0,0,0,0,0,0,0,109,17,0,0,0,0,0,0,0,0,0,1,100
0915a32a939c1a1e9a5c8bc9a5f9a2c83b7999fc,0,0,0,0,0,0,0,0,0,0,0,0,0,0,110,18,0,0,0,0,0,0,0,0,0,0,100
6a446ceae184c0fe13cc993c7966ee73bb63394f,14,974,0,974,14,0,14,1,1,0,1,6,3.671311785,0,0,0,72,0,72,4808,0,4808,52,0,52,1,98.13286164
b2416e1de16227ba2e280b7d7efb41f65f5ff418,0,0,0,0,0,0,0,0,0,0,0,0,0,0,1,1,0,0,0,0,0,0,0,0,0,1,100
c147a4eb49faa2a7efc05e12d240aa58a9ccee2b,0,0,0,0,0,0,0,0,0,0,0,0,0,0,2,2,0,0,0,0,0,0,0,0,0,1,100
2002dbd7cf54c9615c7c826496275d35b7471c5b,8,51,52,1,0,0,0,1,2,0,1,5,2.41320552,671,3,3,53,52,1,3546,3517,29,35,37,2,1,100
0c00544ba72339c18d60dffd5e27e5f982ddb649,2,6,6,0,0,0,0,1,3,0,1,2,1,178,4,4,19,19,0,986,986,0,9,9,0,1,100
acaab9c3d6c13952a722480bc64393b5b2dc61bc,10,96,24,72,0,0,0,1,4,0,1,6,3.088374678,758,5,5,61,61,0,3993,3767,226,42,42,0,1,100
85eadd790198a506a020fb4d1fd3247741b7db64,19,316,1100,784,0,14,14,2,7,233,1,8,3.664265422,1616,3,3,96,131,35,3824,7459,3635,62,92,30,0,98.13286164
eabd1e698d7c1bfa9ff53a9c8db047f632fccc12,5,55,316,261,0,0,0,1,4,134,1,2,0.457180342,832,110,18,58,96,38,2396,3824,1428,42,62,20,0,100
77986c62870d72cf712fc835e1f19c6844a89ed8,14,1040,0,1040,14,0,14,1,4,0,1,6,3.677762328,0,6,6,73,0,73,5018,0,5018,50,0,50,1,98.13286164
2ad6dd61d3d781c3b0d6b8235b2e5a058e8c0acd,0,0,0,0,0,0,0,0,0,0,0,0,0,0,7,7,0,0,0,0,0,0,0,0,0,1,100
aab2c17bb5541ae75493b27b77f99b4e14dc2c0a,0,0,0,0,0,0,0,0,0,0,0,0,0,0,8,8,0,0,0,0,0,0,0,0,0,1,100
8842afdd2d556ffe2e5e7c226a310f2a9312306f,14,0,1040,1040,0,14,14,0,0,0,1,6,3.677762328,1040,111,18,0,73,73,0,5018,5018,0,50,50,0,98.13286164
c3a93854fe1e4611ecfb4ebce312c2fb0e06027d,0,0,0,0,0,0,0,0,0,0,0,0,0,0,113,14,0,0,0,0,0,0,0,0,0,0,100
36366c801dc74be7111bcb2e7f5d78e6fe3570f4,0,0,0,0,0,0,0,0,0,0,0,0,0,0,0,0,0,0,0,0,0,0,0,0,0,0,100
f5ce1f865aaf8fbebd364799dcc9685a96dd7f16,1,6,0,6,0,0,0,23,113,38,1,1,0,1638,9,0,41,41,0,4819,4801,18,38,38,0,1,100
d9d2bb7321165c26c256a1d3defdd8507191a6b4,1,2,2,0,0,0,0,23,114,0,1,1,0,1644,10,1,41,41,0,4819,4819,0,38,38,0,0,100
eb6d7383861220eaeb685206d3946899c20506ac,0,0,0,0,0,0,0,0,0,0,0,0,0,0,11,2,0,0,0,0,0,0,0,0,0,0,100
db503a4576499f4fd89ea9566b14fdc7ade0b5a4,2,1,27,26,0,0,0,7,113,147,1,1,0.863120569,2013,0,0,101,104,3,6179,6256,77,51,52,1,1,100
63fe18c6c169aed9d4ee78de242c8c4fe93e20d6,4,27,8,19,0,0,0,6,112,290,2,3,1.585048663,2696,175,1,213,210,3,9715,9651,64,89,88,1,1,100
8be4c3c3f85adb109685b898fc343660798a02e1,0,0,0,0,0,0,0,0,0,0,0,0,0,0,176,2,0,0,0,0,0,0,0,0,0,1,100
17356bc345bb9696f11dc861bf9898a9ad32c551,0,0,0,0,0,0,0,0,0,0,0,0,0,0,177,3,0,0,0,0,0,0,0,0,0,0,100
61202cce113af316f5c97699bf061af3aa1deecf,0,0,0,0,0,0,0,0,0,0,0,0,0,0,114,14,0,0,0,0,0,0,0,0,0,0,100
14fdab8b188080e5f1095ed422c807493ad6fd01,0,0,0,0,0,0,0,0,0,0,0,0,0,0,115,15,0,0,0,0,0,0,0,0,0,1,100
882ef17837e35377bca20e465808e91d1a0a8caa,31,96,422,326,0,1,1,3,105,326,3,21,3.969595327,6559,59,0,611,656,45,27252,29040,1788,320,338,18,1,93.85925594
1dd0b52a6a3530fc3967ef07a482f9105e34cb56,0,0,0,0,0,0,0,0,0,0,0,0,0,0,90,4,0,0,0,0,0,0,0,0,0,1,100
937346a3373dfaee2225ae32d53b68391bd09cf5,32,536,118,418,1,0,1,4,112,514,3,22,4.009023089,6563,1,0,686,631,55,31848,29451,2397,353,333,20,1,93.85925594
2a1a417f922cbce6239b5c85eb75363b92b9a2d0,3,24,116,92,0,0,0,3,4,599,1,3,0.944948271,824,63,0,79,89,10,4390,4991,601,32,34,2,1,100
e7d890711fd72b3ff2eceddb5a090d24c6a89c98,5,16,16,0,0,0,0,7,114,22,2,4,1.930843768,2828,1,1,225,224,1,10337,10331,6,95,95,0,0,100
6de597a6d004e56d1889df9b6a913c7391aff126,5,129,37,92,0,0,0,6,112,242,2,4,1.490620096,3045,178,4,243,234,9,12523,11928,595,104,102,2,1,100
9fd358eb33b0f3f0d61a8a72890354eb11c5fa1c,3,47,15,32,0,0,0,2,5,168,1,3,1.321873982,857,2,1,109,101,8,5003,4848,155,54,51,3,1,95.36250816
4555c56f9a05476f0e96fb97aa1da9adbc90037a,96,563,2289,1726,0,4,4,4,102,150,3,39,5.594119101,16257,0,0,1732,1811,79,70234,73585,3351,832,865,33,1,93.05687204
e7ef20ee40beddd028b692ffb4a9c646360f7b24,112,2705,729,1976,5,0,5,5,112,366,3,40,5.893096411,16229,7,0,2013,1906,107,84200,79096,5104,965,919,46,0,93.36034211
376fa50d2e8f5d12e9e7b91a6895e6b6face23a3,21,182,464,282,0,1,1,4,25,222,1,4,3.714897061,3089,116,8,302,338,36,15322,17222,1900,171,187,16,0,99.95847176
aae4ba63ef8ab09cbd56d000dbced61e630e3a25,0,0,0,0,0,0,0,0,0,0,0,0,0,0,117,9,0,0,0,0,0,0,0,0,0,1,100
1ab2505e085ed672edb19db3117d9c0f6e6627b7,32,118,536,418,0,1,1,3,105,316,3,22,4.009023089,6981,60,1,631,686,55,29451,31848,2397,333,353,20,1,93.85925594
f2850668618b2160bc614112bf478aeaff54a9d6,0,0,0,0,0,0,0,0,0,0,0,0,0,0,91,1,0,0,0,0,0,0,0,0,0,1,100
8505c3ef2d5e32c1716f49f6928851363c25df91,35,754,145,609,1,0,1,4,112,539,3,21,3.395256176,6208,4,4,657,571,86,30081,26792,3289,370,331,39,0,93.85925594
df63f75f92fe1cdc9368aedc06be1ea91034fd6c,3,120,29,91,0,0,0,2,4,334,1,3,1.070106435,1039,5,5,139,129,10,6285,5671,614,52,50,2,0,100
394d62ae39532dea42474578747a59a41e1e2d38,10,92,467,375,0,0,0,8,114,67,2,6,1.666640658,3990,0,0,292,342,50,14319,16433,2114,144,167,23,0,96.13236815
55f8b28f293a51d144e184396bed00b864b459ab,30,100,425,325,0,1,1,3,105,380,3,19,3.904400961,5962,138,0,513,559,46,24396,26185,1789,289,307,18,0,92.61655142
b65488719dfe277d72f816f0f5a7607efb63f73c,0,0,0,0,0,0,0,0,0,0,0,0,0,0,0,0,0,0,0,0,0,0,0,0,0,0,100
ddb9e4c6d3588230edbe7afde186e078eac6ccaa,0,0,0,0,0,0,0,0,0,0,0,0,0,0,1,1,0,0,0,0,0,0,0,0,0,0,100
0fe6accfdfc8cbedfb5529fdba37193edcd69a26,4,73,2,71,2,0,2,1,4,589,1,2,1.654576989,142,139,1,18,14,4,961,745,216,11,8,3,0,99.85419198
e3762533e0a11bcf78e18793974cfa107e028904,1,0,35,35,0,1,1,1,2,0,1,1,0,35,140,2,0,1,1,0,110,110,0,1,1,0,93.94409938
10eb798ee60eb24b2d964e7e4eca4a2a1bfc17ce,0,0,0,0,0,0,0,0,0,0,0,0,0,0,141,3,0,0,0,0,0,0,0,0,0,0,100
17c74ce246e3f1f898dcbafa9e8605067c647c2e,1,22,2,20,0,0,0,3,5,0,1,1,0,87,142,4,20,10,10,789,519,270,4,4,0,0,100
c5203ece9a884453daa1b47ba0037bb2981256df,0,0,0,0,0,0,0,0,0,0,0,0,0,0,143,5,0,0,0,0,0,0,0,0,0,0,100
edd69d65d1f3c444e6e90f1f7effd65cb785250b,0,0,0,0,0,0,0,0,0,0,0,0,0,0,92,2,0,0,0,0,0,0,0,0,0,1,100
ac0ae4aad496656e3c4e550c5dca1884e4e950c1,0,0,0,0,0,0,0,0,0,0,0,0,0,0,93,3,0,0,0,0,0,0,0,0,0,4,100
3b2c7fc41603640dd8ae47c225b19b7a7b946441,29,478,116,362,0,0,0,4,112,510,3,21,3.788758138,6421,118,10,659,617,42,30727,28706,2021,343,325,18,0,99.56745623
287718c8bc0f8b51ca89de4f62fcb6710d525992,8,240,179,61,1,1,2,2,3,104,3,7,2.046903302,1441,0,0,169,177,8,8031,8022,9,73,68,5,0,99.72978591
62fa05b97cb7e1c0dc3eca8e2ce05fd78a8b88c8,0,0,0,0,0,0,0,0,0,0,0,0,0,0,1,1,0,0,0,0,0,0,0,0,0,0,100
2360fe1ed6b5407658b3942ba15f1feff029ff09,6,66,219,153,1,1,2,3,114,294,2,4,1.366858388,2357,1,1,132,133,1,7378,7990,612,62,69,7,0,99.72978591
ccf49d0e195820eb3ee3696a762e35077a18d472,6,130,38,92,0,0,0,6,112,420,2,5,1.566045937,3158,570,0,254,245,9,13139,12536,603,110,108,2,1,100
7f181188b68962a7c32679c63ac6370d3640763c,0,0,0,0,0,0,0,0,0,0,0,0,0,0,571,1,0,0,0,0,0,0,0,0,0,1,100
938f03d8357a87b121389222805e843610702c56,0,0,0,0,0,0,0,0,0,0,0,0,0,0,572,2,0,0,0,0,0,0,0,0,0,1,100
2a7bbfa745b7e0c688dea6f87d098dccbf9713e2,0,0,0,0,0,0,0,0,0,0,0,0,0,0,573,3,0,0,0,0,0,0,0,0,0,0,100
524eee6f4d454d40fbc2fcee69499ee07b14208c,2,15,4,11,0,0,0,4,8,447,1,2,0.899743759,1074,574,4,217,214,3,7302,7220,82,80,79,1,1,100
827ddbd8c900d6e8341b487303f72f55b483782f,0,0,0,0,0,0,0,0,0,0,0,0,0,0,575,5,0,0,0,0,0,0,0,0,0,1,100
a13c0f2122362dd96c2e524a23814cc58e6cadbc,14,1040,0,1040,14,0,14,1,4,0,1,6,3.677762328,0,120,9,73,0,73,5018,0,5018,50,0,50,1,98.13286164
124e8468a797769eb58e5f49ed2a93d34b19cf90,0,0,0,0,0,0,0,0,0,0,0,0,0,0,121,10,0,0,0,0,0,0,0,0,0,1,100
8203ec63997a902ef4d04a503f6681ae2e3dadd5,2,8,9,1,0,0,0,8,114,2,1,1,0.522559375,2007,122,11,105,104,1,6257,6238,19,52,52,0,1,100
ac14de3ea7cce09719d3ccdf3c4f6b79c8063e54,2,9,8,1,0,0,0,6,112,106,1,1,0.522559375,2006,122,11,104,105,1,6238,6257,19,52,52,0,1,100
544e55cb8ab8878c4af500aab49bd35d4b69cd3e,2,8,9,1,0,0,0,8,114,2,1,1,0.522559375,2007,124,13,105,104,1,6257,6238,19,52,52,0,1,100
f84bd01cd4507aec89e19217082df707766a595d,45,120,1533,1413,0,14,14,3,106,201,3,29,4.71096271,8907,0,0,832,950,118,35945,43066,7121,404,473,69,1,98.03080523
94b4458bc683db2ef431f824a7db628be4fc983b,0,0,0,0,0,0,0,0,0,0,0,0,0,0,94,4,0,0,0,0,0,0,0,0,0,1,100
3ba9aba3983ac14fe6b25e74e05aa24cb1e9e44e,46,1534,121,1413,14,0,14,4,114,334,3,29,4.718725218,7791,0,0,993,875,118,44795,37670,7125,485,416,69,0,98.03080523
80c82e30dbd58b030cb72ed9ab13738eaf6dc106,1,1,1,0,0,0,0,11,27,8,1,1,0,297,1,1,43,43,0,1725,1729,4,12,12,0,0,100
cdabbb3db273895a79939f40894b999167532125,25,576,1149,573,1,14,15,3,112,116,2,13,3.870234071,4815,6,2,441,464,23,19240,21589,2349,214,230,16,0,98.08829326
4d8c51b4503110f03a27b401f096ff2477bbb7cf,0,0,0,0,0,0,0,0,0,0,0,0,0,0,7,3,0,0,0,0,0,0,0,0,0,0,100
a924e9efb461cd86cee7ff59d867c8cf2118f1e0,16,362,748,386,3,2,5,2,113,91,2,10,2.95491329,4014,0,0,261,319,58,14780,17381,2601,150,177,27,0,98.91869412
26b02706201e3dc92b1dff8398795ae78d6753b6,3,1283,8,1275,0,0,0,5,9,453,1,1,0.797817995,23896,1,1,5496,5215,281,149731,142086,7645,2256,2146,110,0,100
f8c4c5bf428c812ffa51eaabed0c8c1d04793cb4,0,0,0,0,0,0,0,0,0,0,0,0,0,0,2,2,0,0,0,0,0,0,0,0,0,0,100
d1e5ec98732e77409e6303b1ec3708a44e6a7bb9,0,0,0,0,0,0,0,0,0,0,0,0,0,0,3,3,0,0,0,0,0,0,0,0,0,0,100
5914944f6ac7ad637a8727ab04fed0c1a5e2be1e,0,0,0,0,0,0,0,0,0,0,0,0,0,0,4,4,0,0,0,0,0,0,0,0,0,0,100
306ec57d9cebaaa8f5b9caa0c6fcfb256702bc77,14,773,549,224,0,0,0,5,10,315,1,1,3.423369243,32605,5,5,7081,7022,59,196482,194734,1748,2806,2797,9,0,100
bfa3095ef871e0fdd76edef5d9ab1daf098b88b8,44,1669,2202,533,15,3,18,4,114,138,2,17,4.319324117,37783,2,2,7358,7616,258,215570,219975,4405,2950,3026,76,0,97.93996469
7940d0c57c07c6b168617a0daaf182895cec8028,20,2157,427,1730,3,0,3,1,116,238,2,4,3.017317209,33316,6,6,7185,6827,358,204294,193772,10522,2869,2738,131,0,96.21166566
84a282c48ac54ca2573464e4935cd652dd1f84a3,21,435,2159,1724,0,3,3,0,114,124,2,4,3.042150008,35241,3,3,6853,7209,356,194803,205285,10482,2748,2879,131,0,96.21166566
c8e337d13521e6ca5f83639b9a68120618750332,4,211,16,195,1,0,1,3,25,137,2,2,0.53502688,549,2,2,83,71,12,3842,2913,929,32,23,9,0,99.83215218
35990fa28aa660b389afb00ca3ecfe38fdf519db,19,2156,627,1529,3,1,4,1,116,230,2,4,3.150895259,33176,7,7,7141,6797,344,202450,192897,9553,2856,2734,122,0,96.07135699
73a165639ada07b470f0a0cf39d1c27f15f0d98e,18,419,2156,1737,0,3,3,0,114,29,1,3,2.991080466,34705,125,10,6782,7141,359,191890,202450,10560,2725,2856,131,0,96.21166566
6dba1d694ca861a6be90dc650fb2ae6600bcb891,0,0,0,0,0,0,0,0,0,0,0,0,0,0,125,10,0,0,0,0,0,0,0,0,0,1,100
c54cea116c33853c265d5f3c4eae2129e995b40d,0,0,0,0,0,0,0,0,0,0,0,0,0,0,126,11,0,0,0,0,0,0,0,0,0,1,100
256e12ad9d42dd7b4c815c5918e846f90b74bbe7,0,0,0,0,0,0,0,0,0,0,0,0,0,0,128,13,0,0,0,0,0,0,0,0,0,1,100
b0baa638c16f2806a850455d80dc8bbf2c9b9e29,0,0,0,0,0,0,0,0,0,0,0,0,0,0,0,0,0,0,0,0,0,0,0,0,0,0,100
d1afefde51e34dc993591ad79d3fe217bef86f87,12,1745,215,1530,6,0,6,12,132,79,2,6,2.803753669,5576,200,0,1228,932,296,37670,28899,8771,395,300,95,0,99.70238095
26dc0390dd7d14c1f8cf4f834202ec778e5d82c0,14,216,1746,1530,0,6,6,12,114,58,2,8,2.819063508,7327,1,1,957,1253,296,30099,38870,8771,315,410,95,0,99.70238095
1f93a3f0f8194715c35869766dec5fc623066d3e,13,158,29,129,1,0,1,2,7,86,1,8,3.057948616,1023,127,12,82,81,1,5467,5112,355,53,52,1,1,99.96275605
d1a6f4a753661f7e825eeec0c51782462fca4d5f,11,27,156,129,0,1,1,1,4,4,1,6,2.950492883,931,0,0,56,57,1,3912,4267,355,37,38,1,0,99.96275605
230438988f6b7a42eae3b146549c22db0cfe2add,11,156,27,129,1,0,1,2,5,46,1,6,2.950492883,802,128,13,57,56,1,4267,3912,355,38,37,1,1,98.53572823
bfd34a5f46ee36e9237c0d7ea7ae4bed9dc567ee,23,43,1313,1270,0,15,15,3,112,13,2,13,4.110766179,5503,0,0,458,546,88,19737,25833,6096,187,241,54,1,99.29867987
3e20823c199c9babf3017cf1e8a8ff0753c7f24f,33,2943,258,2685,20,0,20,4,133,132,2,18,4.24197362,8171,201,1,1734,1349,385,58434,43835,14599,597,449,148,1,97.8243826
3f66ffd73086681c43a7f16342cab5cd944f25f4,0,0,0,0,0,0,0,0,0,0,0,0,0,0,202,2,0,0,0,0,0,0,0,0,0,0,100
16293e46f9b32bb495067217a721fe720a488975,1,20,12,8,0,0,0,4,14,0,1,1,0,113,203,3,18,17,1,763,711,52,7,7,0,0,100
95fb6809fad6a5de8af67fec2f6af0556bd18ddb,0,0,0,0,0,0,0,0,0,0,0,0,0,0,204,4,0,0,0,0,0,0,0,0,0,0,100
0395fd6878f574724686328c1039454ce6acd23d,2,16,14,2,0,0,0,4,134,0,1,2,0.721928095,1796,205,5,58,59,1,5643,5656,13,45,45,0,1,100
21ba9c1c9f73c7a84ac8d221b6ca6a7ca7639d14,0,0,0,0,0,0,0,0,0,0,0,0,0,0,206,6,0,0,0,0,0,0,0,0,0,0,100
ef3cee6d5d9d673246dd1c7d2caa44240546e228,0,0,0,0,0,0,0,0,0,0,0,0,0,0,207,7,0,0,0,0,0,0,0,0,0,0,100
6ea41129b457924de9b6c80efe6bf58413f94e33,12,212,1766,1554,0,6,6,12,114,33,2,6,2.823512768,7130,142,0,932,1230,298,28899,37796,8897,300,395,95,1,99.70238095
55ec459e35a3f404cee1c3853aca0a3635d59bdf,0,0,0,0,0,0,0,0,0,0,0,0,0,0,143,1,0,0,0,0,0,0,0,0,0,1,100
93dbcafaa2e5e9fd4cdc9445d1104fb61ae286f2,12,1769,215,1554,6,0,6,12,134,77,2,6,2.830421175,5576,208,8,1230,932,298,37796,28899,8897,395,300,95,0,99.70238095
e03bf633ef79ba4ee01436dd260b72263c3b1a7e,12,212,1766,1554,0,6,6,12,114,33,2,6,2.823512768,7130,0,0,932,1230,298,28899,37796,8897,300,395,95,1,99.70238095
26ea627fb39fb84f31de773e650318a81eba8bd4,2,11,4,7,0,0,0,9,115,31,1,1,0.566509507,2006,66,1,106,105,1,6317,6257,60,52,52,0,1,100
a3b29e005f11d184b8cfe6a53f75f667bf2bec68,2,4,11,7,0,0,0,8,114,2,1,1,0.566509507,2013,1,1,105,106,1,6257,6317,60,52,52,0,0,100
98818df9108919df443f5cfd24c01d4cafb3a02d,12,156,45,111,1,0,1,2,6,34,1,6,3.118316198,883,129,14,60,59,1,4642,4449,193,41,40,1,1,98.53572823
61f4caf5b0d3f1a7f6ee31e28eb32cb836c31ee7,14,47,158,111,0,1,1,3,8,30,1,8,3.215676031,1215,129,14,84,85,1,5649,5842,193,55,56,1,0,98.53572823
28d7e69d50ae25a0da48e49afb9d110fae9ffc9e,45,120,1533,1413,0,14,14,3,106,201,3,29,4.71096271,8907,0,0,832,950,118,35945,43066,7121,404,473,69,0,98.03080523
9e809035cc23f0f51aa40356ad4586ea1e168fd0,45,1533,120,1413,14,0,14,4,114,338,3,29,4.71096271,7494,130,15,950,832,118,43066,35945,7121,473,404,69,0,98.03080523
356e7474c9ede3c45232b39e895d554349a55328,2,26,65,39,0,0,0,3,3,1834,1,1,0.562539375,285,0,0,34,45,11,959,1252,293,20,19,1,0,99.83274484
9e4c3df17ffbc737210e606d3d8a9cdae8f86634,10,114,76,38,0,0,0,4,6,1149,1,3,2.694573464,1755,0,0,243,232,11,8618,8265,353,133,134,1,0,94.91663278
b84981ec98af8aac0f361fe886f903380171e619,9,56,49,7,0,0,0,3,117,394,1,3,2.897148819,3146,51,0,239,239,0,12125,12167,42,152,152,0,0,95.03980404
0ce410684c296209a4913ada36a428e009bc4ce4,0,0,0,0,0,0,0,0,0,0,0,0,0,0,52,1,0,0,0,0,0,0,0,0,0,1,100
237afcfbb1e17015e2271e71111b456a6d014f10,0,0,0,0,0,0,0,0,0,0,0,0,0,0,144,2,0,0,0,0,0,0,0,0,0,1,100
d7155d7be58acc4bf77c4f4bee3188e411fc0f99,0,0,0,0,0,0,0,0,0,0,0,0,0,0,145,3,0,0,0,0,0,0,0,0,0,1,100
f5fe47be95fdf5e4d766e5843c3776e97f987e3e,21,464,182,282,1,0,1,5,29,607,1,4,3.704998446,2807,8,1,338,302,36,17230,15322,1908,187,171,16,0,99.96271439
1c590e1667d1f3d6ff89c4368441dfe322a640e0,63,301,2002,1701,0,15,15,3,106,189,3,30,5.234752211,11336,144,6,1072,1226,154,47005,56052,9047,526,611,85,1,97.99259404
02d9b836bf63b92acff23664f8d8711cf65d282e,0,0,0,0,0,0,0,0,0,0,0,0,0,0,145,7,0,0,0,0,0,0,0,0,0,1,100
b737c2cceb9611ea10c99450c09fb1a4ad28ab02,45,1539,120,1419,14,0,14,4,117,338,3,29,4.709802093,7494,0,0,950,832,118,43084,35945,7139,473,404,69,1,98.03080523
60e6ed73ebf54811f98ea2cd393d784804bf0b96,1,6,0,6,0,0,0,25,118,0,1,1,0,1644,1,1,41,41,0,4837,4819,18,38,38,0,1,100
c44e02b3818c572924d96ae1dc26bb6ab6df66c7,27,599,1163,564,1,14,15,3,112,40,2,15,3.944957857,5048,8,4,468,489,21,20458,22825,2367,232,245,13,0,98.08829326
9973e47016beafed6ea23cc57619a69811c13fd8,28,1170,610,560,14,1,15,4,117,121,2,16,3.941019641,4879,576,6,551,531,20,24807,22470,2337,266,253,13,1,98.08829326
5966ff3c5c2709d51cbbf3274a0a9d0be1d8c707,0,0,0,0,0,0,0,0,0,0,0,0,0,0,577,7,0,0,0,0,0,0,0,0,0,1,100
a784ae7cc70866090db1e8c1e7aa1e5986148af1,45,120,1539,1419,0,14,14,3,106,194,3,29,4.709802093,8915,557,0,831,949,118,35933,43072,7139,404,473,69,1,98.03080523
2b0ec2465e5b56ee6e0bcca1b47c2f5ced2e4448,0,0,0,0,0,0,0,0,0,0,0,0,0,0,558,1,0,0,0,0,0,0,0,0,0,1,100
497d0af0803c2e20dcb06dc997c0b6b801e15333,45,1550,124,1426,14,0,14,4,119,340,3,29,4.720181765,7496,132,14,950,831,119,43132,35933,7199,473,404,69,1,98.03080523
80c6119ba0a646adcf791bcf9f248eeb7e482fc4,0,0,0,0,0,0,0,0,0,0,0,0,0,0,133,15,0,0,0,0,0,0,0,0,0,1,100
b3b3174f36f5421785a5769e2a9744678fdc984f,3,47,15,32,0,0,0,2,5,168,1,3,1.321873982,857,179,0,109,101,8,5003,4848,155,54,51,3,1,94.97754185
b8d5635e850ee376426cca65b39f33fa9e8ff392,0,0,0,0,0,0,0,0,0,0,0,0,0,0,180,1,0,0,0,0,0,0,0,0,0,1,100
430375c01ebfbc0342e84c5068872d13292b8edf,6,583,85,498,1,0,1,1,10,29,1,3,1.496405524,571,146,4,114,58,56,5192,2396,2796,80,42,38,1,99.8421646
a3fa9b195d1cb3a750fa1506efe017ba393ccff3,0,0,0,0,0,0,0,0,0,0,0,0,0,0,147,5,0,0,0,0,0,0,0,0,0,1,100
aa308e11685b8b7945f2d4963e9f63dfd322087b,0,0,0,0,0,0,0,0,0,0,0,0,0,0,148,6,0,0,0,0,0,0,0,0,0,1,100
7ca9b1eb04d506770b5f9690301c5c91a5a5a7ae,12,121,654,533,0,1,1,12,119,99,2,8,2.096731594,4374,2,2,327,391,64,15549,18530,2981,166,207,41,1,94.87650541
e7088c7348e954938ddc3c1187de5e30ba495a5d,1,3,3,0,0,0,0,25,120,0,1,1,0,1650,3,3,41,41,0,4837,4837,0,38,38,0,1,100
f29de472a21a9f5936cb13d26cc5a36669c48164,15,695,115,580,2,0,2,12,119,114,2,10,2.387677089,4226,0,0,430,359,71,20642,17490,3152,227,180,47,1,94.66286413
de0e146423811b6d4d8b33353d6252e6c2f10da3,3,2,49,47,0,1,1,0,8,0,1,2,0.966610846,432,149,7,32,39,7,1941,2112,171,14,20,6,0,99.75258659
0f283f662e98a2163d20c4fd8bf719d1885edfce,14,135,712,577,0,1,1,3,114,215,2,9,2.393329508,4659,1,1,362,436,74,16527,19782,3255,185,226,41,0,94.75396503
962d57be14d81c0f9b485182f6dd73bcd84dd50d,3,64,20,44,0,0,0,2,120,470,1,2,1.148834854,1891,4,4,86,76,10,6089,5815,274,57,57,0,1,99.83274484
98f6cd26c5e63af03c411952b2c790564a2e7149,0,0,0,0,0,0,0,0,0,0,0,0,0,0,5,5,0,0,0,0,0,0,0,0,0,1,100
e9db8e2e60f61548caba4871656c7dbf758bdfaf,0,0,0,0,0,0,0,0,0,0,0,0,0,0,6,6,0,0,0,0,0,0,0,0,0,1,100
abdd8a9855ca0a1e970cee7570f630a9901b63ec,0,0,0,0,0,0,0,0,0,0,0,0,0,0,7,7,0,0,0,0,0,0,0,0,0,1,100
58a4a07eb3148979f787f31ed90cc9e2e91df564,0,0,0,0,0,0,0,0,0,0,0,0,0,0,8,8,0,0,0,0,0,0,0,0,0,1,100
0fa672f43672a01c842c7f542731b08e1e523feb,4,232,14,218,1,0,1,24,114,173,3,4,0.416163848,1871,3,3,81,66,15,7008,6037,971,62,53,9,0,99.83215218
e869d722b38b6f949e32f3cfdcaf295a05267731,4,14,232,218,0,1,1,25,120,110,3,4,0.416163848,2089,9,9,66,81,15,6037,7008,971,53,62,9,1,99.83215218
87fc2982e50f42e9e8261fb94228cb7ff4113f53,15,695,115,580,2,0,2,12,119,114,2,10,2.387677089,4226,181,2,430,359,71,20642,17490,3152,227,180,47,1,94.66286413
89f480941f0811c4d2f6be2ddafa509386283dd7,15,123,703,580,0,2,2,12,120,78,2,10,2.361280972,4806,10,10,359,430,71,17490,20642,3152,180,227,47,1,94.66286413
f5628534fce6b8791d373d012bb533fe32dba3ba,16,163,59,104,2,0,2,24,114,58,2,9,3.426357197,2754,130,11,130,125,5,10668,10486,182,98,93,5,1,98.41889518
40472e001222900a4c7da395342ca7eaf88aa6df,1,17,0,17,0,0,0,1,2,0,1,1,0,25,131,12,4,4,0,103,103,0,4,4,0,1,100
4262a194a41ab871bac8d9380d9506913601d0fa,33,764,292,472,2,2,4,12,119,125,2,19,3.432106087,5987,4,4,585,516,69,29204,26156,3048,305,263,42,0,94.8608137
f8f162c95ac8deaa26a6fe97e39bfd234c542136,0,0,0,0,0,0,0,0,0,0,0,0,0,0,5,5,0,0,0,0,0,0,0,0,0,0,100
2295ac2da711eb81e9c4bb34c118926d62a3b2ec,4,233,16,217,1,0,1,3,25,145,2,2,0.498368779,549,134,14,83,71,12,3842,2913,929,32,23,9,1,99.26907264
285d3288c4bdaf3793621fdac135f84234d979e6,0,0,0,0,0,0,0,0,0,0,0,0,0,0,135,15,0,0,0,0,0,0,0,0,0,1,100
4686a47cabb283037d165438a1f4c886a9e1f47a,36,159,2122,1963,0,17,17,3,112,44,3,22,4.303572884,7914,1,0,659,832,173,27751,37687,9936,302,411,109,0,93.96532807
6f37493e13a2658c81769f1cd30c3eed8bbe3906,36,2114,151,1963,17,0,17,4,119,130,3,22,4.316317434,5951,578,8,832,659,173,37687,27751,9936,411,302,109,0,93.96532807
e2b08ebc3545e5ca50340cb81a41f90c9fc81511,3,16,3,13,0,0,0,4,29,711,1,1,1.432983121,536,6,6,71,68,3,2913,2835,78,23,23,0,0,100
f6e2aa5a085341d017eefbc43d4c29bf1413e80f,4,9,16,7,0,0,0,25,123,139,2,2,1.884107451,2193,149,7,109,112,3,7672,7732,60,61,61,0,1,100
1b401e4cd89d8b04edf3bc9bf4ec5af61a2e533d,0,0,0,0,0,0,0,0,0,0,0,0,0,0,150,8,0,0,0,0,0,0,0,0,0,1,100
3b1b3bfa595851afd468594079caa7c772dafd48,0,0,0,0,0,0,0,0,0,0,0,0,0,0,151,9,0,0,0,0,0,0,0,0,0,1,100
d76f0b2770c0892eb21cdb0b34bde6d51e2b7e92,39,169,2186,2017,0,18,18,3,114,60,3,24,4.416701625,8118,138,0,673,859,186,28514,38826,10312,310,421,111,0,93.87351779
e6ba743eea6ca86b04cb4aa1be00818817104f97,39,2178,153,2025,18,0,18,4,126,162,3,24,4.421100786,6101,136,15,859,673,186,38844,28514,10330,421,310,111,1,93.87351779
9c941884386870b29c916e3ec0d511d2ec01a005,0,0,0,0,0,0,0,0,0,0,0,0,0,0,137,16,0,0,0,0,0,0,0,0,0,1,100
044ed00c38a26c5a18b806439aeade5fc2e64035,3,16,3,13,0,0,0,4,29,711,1,1,1.432983121,536,7,7,71,68,3,2913,2835,78,23,23,0,0,100
51fdc1a367dd9b8657c5245726e4edc66925cf6f,15,1772,231,1541,6,0,6,12,147,95,2,7,2.894529925,6145,209,9,1298,1003,295,40685,31866,8819,418,323,95,0,99.62911451
ef14347f437a6c98f019fc49e8e1a095af0c14b4,47,371,3902,3531,0,23,23,3,112,41,3,27,4.608347097,13420,1,1,1550,2021,471,51849,70718,18869,564,768,204,0,93.63377817
642ab9d009f0b195ce0a60ef8363f3692c2e99b5,36,2128,151,1977,17,0,17,4,126,130,3,22,4.333450341,5951,0,0,832,659,173,37723,27751,9972,411,302,109,0,93.96532807
e0bee05a26d3c306a44998b9a409a4d44e5dcde7,0,0,0,0,0,0,0,0,0,0,0,0,0,0,1,1,0,0,0,0,0,0,0,0,0,0,100
3400c7db4b70b6a61750f3d4ad1f948c49e9a34d,4,216,27,189,3,0,3,1,4,21,1,2,1.986943613,81,2,2,30,8,22,1192,426,766,23,4,19,0,99.81425586
3094baf200beb513d98cea3a3ce94605e6760fe2,4,145,89,56,1,0,1,2,5,60,1,1,1.848132631,214,3,3,12,5,7,1252,1220,32,12,5,7,0,92.5566343
599999246f4ce251d44c50a64423ccf8ea464b34,5,327,0,327,5,0,5,1,1,0,1,3,1.887190704,0,4,4,23,0,23,1665,0,1665,21,0,21,0,99.73190349
7996697af5a1e8aa4bc63e80e04829b173d08d2d,1,1,1,0,0,0,0,2,4,0,1,1,0,59,5,5,3,3,0,212,211,1,3,3,0,0,100
d3b9a337758329520ccef6cd73e096a4f1d59842,13,115,687,572,0,9,9,0,4,0,1,3,3.471133986,867,138,12,13,65,52,1646,4110,2464,9,56,47,1,92.36318408
cc276087bb542b92c849f099b5b636e3afddd915,0,0,0,0,0,0,0,0,0,0,0,0,0,0,139,13,0,0,0,0,0,0,0,0,0,1,100
6491c4dd961b284fa6026f3f4df7accc1c374be2,3,16,3,13,0,0,0,4,29,711,1,1,1.432983121,536,8,8,71,68,3,2913,2835,78,23,23,0,0,100
7b527548574719f2af7abd835cc30f097d320247,16,759,132,627,9,0,9,3,25,48,1,4,3.642223096,844,6,6,133,84,49,6945,4559,2386,79,32,47,0,92.36318408
a2db49f1b476c5cbd0253a6cba4a29c0e3c5584e,2,4,3,1,0,0,0,1,3,0,1,2,0.985228136,157,7,7,10,10,0,705,696,9,10,10,0,0,91.7329477
4be31c5d1f5d7a782330772c5211f441bbc24922,4,4,1,3,0,0,0,1,3,0,1,3,1.921928095,352,8,8,23,23,0,1664,1633,31,21,21,0,0,99.95610184
69c78ca18c62fd9142b8052c20952ed72fc42216,0,0,0,0,0,0,0,0,0,0,0,0,0,0,9,9,0,0,0,0,0,0,0,0,0,0,100
f73eed319a63fec6b07ecc5a9ec2d5477007cd1a,29,232,1700,1468,0,12,12,12,120,39,3,14,4.021740902,5989,11,11,372,510,138,19136,25835,6699,189,292,103,3,93.50544574
2169a616f7b117edf7ef654d59ecd3fa3b8dc1cc,16,933,109,824,3,0,3,12,126,110,3,11,2.63003034,4226,0,0,445,359,86,21685,17490,4195,236,180,56,1,94.22479818
8618eb336e4e84aa3aaf03f3418c9ec40be0ea1f,13,780,116,664,9,0,9,1,5,17,1,3,3.561375095,295,10,10,65,13,52,4168,1646,2522,56,9,47,0,97.89925457
47a7ba12a8ca39891484d2387cce8f4bf8ecc79c,41,247,1735,1488,0,12,12,4,120,263,3,24,4.143946856,9853,11,11,867,1005,138,38233,44932,6699,463,566,103,1,93.50544574
0c409dfc70e5db87e238658788b6a7eebd9cad60,221,1084,11453,10369,1,115,116,3,96,82,3,73,7.048611864,50086,0,0,6728,7654,926,217187,257295,40108,3046,3580,534,0,88.49799874
1764b867b80b0e228e2f2b867d761c1e91155673,229,13596,1488,12108,118,1,119,5,116,161,3,68,6.991745559,46532,8,1,9775,8486,1289,312691,262059,50632,4178,3513,665,0,87.51714678
788db9d9e9dd3913e82732ca631223e0b2d39927,0,0,0,0,0,0,0,0,0,0,0,0,0,0,9,2,0,0,0,0,0,0,0,0,0,0,100
6b3cb7595e04e175305380ba665428f5b9c245b3,45,3097,2458,639,9,3,12,12,147,70,3,19,4.279478638,40174,579,3,8093,8072,21,234923,232373,2550,3218,3198,20,1,94.72271914
d4db410548aab93eec6ba745c10c64d1b0850b9a,0,0,0,0,0,0,0,0,0,0,0,0,0,0,580,4,0,0,0,0,0,0,0,0,0,1,100
d0d213b358bb33f59b59920fafafe22cc72b64c0,0,0,0,0,0,0,0,0,0,0,0,0,0,0,53,2,0,0,0,0,0,0,0,0,0,0,100
460202eed6657b6cf110b2a1cbc7aa92e0764535,0,0,0,0,0,0,0,0,0,0,0,0,0,0,54,3,0,0,0,0,0,0,0,0,0,1,100
8d759b197288f854e6bd4a6a09c607cf66df88c4,2,20,52,32,0,0,0,3,4,919,1,1,0.650022422,285,55,4,35,45,10,1014,1252,238,19,19,0,0,99.9306679
ce6c1c389aef838dcb5f145d4af05815d62ee016,0,0,0,0,0,0,0,0,0,0,0,0,0,0,56,5,0,0,0,0,0,0,0,0,0,1,100
7c38ff624833055a940d3189fa89171cd37ed169,0,0,0,0,0,0,0,0,0,0,0,0,0,0,140,14,0,0,0,0,0,0,0,0,0,1,100
199bb3be477ed6a373f70a70b68d5f2a3dff0844,0,0,0,0,0,0,0,0,0,0,0,0,0,0,141,15,0,0,0,0,0,0,0,0,0,1,100
29d1ba55fc76c5a12d86c59c8a5bb88ad73927d8,69,495,4264,3769,0,23,23,3,106,159,3,39,4.947507422,16590,0,0,1880,2373,493,66085,86108,20023,764,984,220,0,93.49381913
fc47fd27ce2a18a329c6c6ea4ce37ec730df372c,0,0,0,0,0,0,0,0,0,0,0,0,0,0,1,1,0,0,0,0,0,0,0,0,0,0,100
844d46c832e83ea30e0fde3169965b116ce962b1,0,0,0,0,0,0,0,0,0,0,0,0,0,0,95,0,0,0,0,0,0,0,0,0,0,1,100
949da3853cfe3613ebb0fd4c4b4f6864b483f884,69,4259,490,3769,23,0,23,4,147,267,3,39,4.952631684,12821,142,16,2373,1880,493,86108,66085,20023,984,764,220,1,93.49381913
d66a1b7b10d33de864f942a600f4d42bf0a43452,3,16,3,13,0,0,0,4,29,711,1,1,1.432983121,536,143,17,71,68,3,2913,2835,78,23,23,0,1,100
528958c27f71da4538f9bca115e3b8eda55445de,0,0,0,0,0,0,0,0,0,0,0,0,0,0,144,18,0,0,0,0,0,0,0,0,0,1,100
f2e3ea0eb411547802cc87a95a9b4a8f56cd9d10,1,19,8,11,0,0,0,13,53,39,1,1,0,664,5,0,137,137,0,4182,4152,30,50,50,0,1,100
4ab6e0c02aaddbd1ad0b1334a5c458f940271827,28,1482,19,1463,27,0,27,12,52,7,2,11,4.45760842,675,1,0,315,137,178,11279,4182,7097,190,50,140,1,90.92052841
8552f43c4704a83488c235a0a8c1cb6da883304d,27,615,221,394,0,1,1,1,2,0,1,10,4.391251123,1474,2,1,184,178,6,7160,7127,33,143,140,3,1,96.57130837
4337ebe6e2398073e9a238e88bd51ca7b76b3437,27,82,1913,1831,0,26,26,7,18,4,2,11,4.493093779,2092,0,0,37,219,182,1128,8249,7121,20,161,141,0,91.48689399
f9a4b0100de2e2417296c094caf7c077e5755a0d,52,3200,3220,20,4,9,13,12,116,155,3,20,4.422565055,41876,10,2,8347,8236,111,241254,239978,1276,3304,3280,24,0,94.56740443
e5265d8519158b41b8ee2490ecdd2eaf41d50c68,0,0,0,0,0,0,0,0,0,0,0,0,0,0,11,3,0,0,0,0,0,0,0,0,0,0,100
a062a40845a808566c8d727a654654a47e8d3eb3,53,3178,3152,26,9,4,13,12,147,139,3,22,4.40898566,42073,0,0,8242,8350,108,241540,242591,1051,3288,3310,22,0,94.56740443
5a1abd3bc6b1b7d6ba7532ad7b0758f143cefde3,3,6,51,45,0,0,0,4,15,491,1,3,1.414948964,553,210,1,52,56,4,2775,3027,252,27,31,4,1,100
612b3df8f3a0213e0b2f28834afc1b5f6ff399b1,1,6,4,2,0,0,0,1,1,0,1,1,0,67,210,1,13,14,1,337,349,12,3,3,0,1,100
c5d77ace8fa0cb2a11a0672941f2e9fa655aef4c,2,47,2,45,0,0,0,5,17,0,1,2,0.931304369,441,1,1,44,38,6,2709,2426,283,28,24,4,0,100
76748f863877d77b4f10f07323f06d230320a6a3,28,1870,47,1823,26,0,26,1,15,14,1,12,4.515622092,486,182,3,222,44,178,9586,2709,6877,167,28,139,1,91.48689399
eb6107b9351498378ce077e9ab4e43e0e6fbef49,0,0,0,0,0,0,0,0,0,0,0,0,0,0,183,4,0,0,0,0,0,0,0,0,0,1,100
95985c58149369da63718cd05ecf62a5c19f4302,13,780,116,664,9,0,9,1,5,17,1,3,3.561375095,295,145,13,65,13,52,4168,1646,2522,56,9,47,1,99.23910537
59ed4d23c19b0a4be42e56d415c8f0850a2b3ef2,13,115,779,664,0,9,9,0,4,0,1,3,3.558786474,959,145,13,13,65,52,1646,4168,2522,9,56,47,1,99.23910537
4faee0e29d3698b9623209c248c4ab1ddd992518,13,780,116,664,9,0,9,1,5,17,1,3,3.561375095,295,147,15,65,13,52,4168,1646,2522,56,9,47,1,99.23910537
2819989001fe0352aa65201192358cdc69fc9356,13,179,37,142,2,0,2,2,8,23,1,6,3.129616679,848,153,18,67,62,5,4304,3981,323,48,43,5,1,92.6067559
07e0ff2e206a0e0ca96da9137ebbd3fc7a5e9c8b,0,0,0,0,0,0,0,0,0,0,0,0,0,0,154,19,0,0,0,0,0,0,0,0,0,1,100
f8118e0854e49d70e75707e96ddb6524dff2a930,2,86,6,80,1,0,1,1,6,41,1,2,0.886540893,822,0,0,185,179,6,6387,5815,572,68,66,2,1,99.92061917
6a54fdb2e617723ca36a82258ba562fd7fadb29f,68,488,4014,3526,2,35,37,0,126,45,2,25,5.160961216,12376,11,11,1351,1831,480,46114,62539,16425,508,746,238,1,91.50117446
ae0f814d589f718c4f989adffccea9b24bbfd3cf,56,3848,304,3544,34,0,34,12,147,82,2,23,4.902185229,7261,12,12,1587,1107,480,53082,36846,16236,630,387,243,0,92.0051304
677d3c5d601ccd954982d8753fa0a67a21ca3694,7,11,9,2,0,0,0,3,8,14,1,3,2.68418372,572,13,13,41,41,0,2107,2076,31,29,29,0,0,100
499f891153c575b46f6b69a233f8e9e99e2183e4,2,21,4,17,1,0,1,1,9,0,1,2,0.970950594,53,14,14,3,2,1,262,149,113,3,2,1,0,97.17514124
189ba57eb11854c1cd3db7b54ad8dd341c534b58,0,0,0,0,0,0,0,0,0,0,0,0,0,0,15,15,0,0,0,0,0,0,0,0,0,0,100
539ea98a1d12d516b04b9aabf7af807cede3b632,21,89,206,117,0,3,3,2,8,17,1,6,3.600731831,1599,184,2,117,124,7,6635,7162,527,90,98,8,1,96.75272287
bf5c35ba49e5653b661a28a8273e0248d50c7fdf,0,0,0,0,0,0,0,0,0,0,0,0,0,0,185,3,0,0,0,0,0,0,0,0,0,1,100
1469c647799c2d9d644c40e078fc0d533f568699,20,219,90,129,2,0,2,3,10,6,1,6,3.457434111,1482,16,16,124,117,7,7145,6635,510,98,90,8,0,96.79176755
4f53fc4c7171c832b53ce9c6606d0cc7da208037,1,17,0,17,0,0,0,1,2,2,1,1,0,15,17,17,1,1,0,91,91,0,1,1,0,0,100
fff82fd8d4e72993af61c2ca6725dcd4a9af2d1f,1,4,5,1,0,0,0,2,6,3,1,1,0,83,18,18,4,4,0,262,265,3,4,4,0,0,100
25aecf17002b04c43ac258f3ef027f67a3de60df,0,0,0,0,0,0,0,0,0,0,0,0,0,0,155,14,0,0,0,0,0,0,0,0,0,1,100
436878128310afda4519e625c5db0339b889b811,0,0,0,0,0,0,0,0,0,0,0,0,0,0,156,15,0,0,0,0,0,0,0,0,0,1,100
3b8db7adc64750a33694fad8ae7080dc83623d17,24,347,124,223,1,0,1,4,53,741,2,14,3.201488468,6234,1,1,837,816,21,32593,31759,834,454,440,14,0,99.64984552
11886c0c4c3aa2547b1ef571712bed83229dc4e4,25,146,362,216,0,1,1,3,52,546,2,15,3.344723237,6973,57,4,879,900,21,34050,34856,806,467,481,14,0,99.64984552
3783f4e6669d185d5a0fd42468347238350c2774,1,3,3,0,0,0,0,11,42,0,1,1,0,523,58,5,63,63,0,2291,2291,0,27,27,0,0,100
e3bfe5a7d2f722825315a52e4542695cecf0f78f,1,15,22,7,0,0,0,11,40,4,1,1,0,523,157,16,63,63,0,2263,2291,28,27,27,0,1,100
e272cfe53febdcae4b63cda9e6f78843e61aa447,0,0,0,0,0,0,0,0,0,0,0,0,0,0,158,17,0,0,0,0,0,0,0,0,0,1,100
fbc499af3e807d88525d9334c2bec4c96bdaea56,0,0,0,0,0,0,0,0,0,0,0,0,0,0,159,18,0,0,0,0,0,0,0,0,0,1,100
33b593aaa35f788889c01f30c69d359f58d0d871,0,0,0,0,0,0,0,0,0,0,0,0,0,0,159,18,0,0,0,0,0,0,0,0,0,1,100
934a23bfe11927c63c53059fe156ccca5467d443,0,0,0,0,0,0,0,0,0,0,0,0,0,0,161,20,0,0,0,0,0,0,0,0,0,1,100
9c37d04fd2c646d9cc0705e6ad944d8ff16c98cd,111,498,7099,6601,0,62,62,3,106,96,3,50,5.957996229,19958,0,0,1948,2692,744,68920,99533,30613,787,1210,423,1,89.86901351
d4aa742dcfd1d2ccb73468b519894523f1de7a5e,0,0,0,0,0,0,0,0,0,0,0,0,0,0,96,1,0,0,0,0,0,0,0,0,0,1,100
8882acbe956086bac7893e9954f3638220b39083,111,7094,493,6601,62,0,62,4,147,181,3,50,5.961645449,13357,162,21,2692,1948,744,99533,68920,30613,1210,787,423,1,89.86901351
203a2d4dceb320300ef43258bc0f9788db6ade46,13,15,15,0,0,0,0,4,11,725,2,11,3.640223929,4026,163,22,510,510,0,19936,19918,18,283,283,0,1,100
1cfbedfba1f9410043346672c0445beb55638493,0,0,0,0,0,0,0,0,0,0,0,0,0,0,164,23,0,0,0,0,0,0,0,0,0,1,100
394cbcf7be5be90f33561ca59c4932d4f4db3bf6,1,19,8,11,0,0,0,13,53,39,1,1,0,664,165,24,137,137,0,4182,4152,30,50,50,0,1,100
c559f421a57d4494d6b46e848c84b8b844281b7f,0,0,0,0,0,0,0,0,0,0,0,0,0,0,166,25,0,0,0,0,0,0,0,0,0,1,100
94b6eab75e9fd02f423afc4ca70634fe72d34b65,122,513,7114,6601,0,62,62,3,106,153,3,56,5.98421816,23609,5,0,2412,3155,743,87136,117748,30612,1042,1464,422,1,89.86901351
59bbcd3aaab1ec5e76994cc97b26b982e377d26b,0,0,0,0,0,0,0,0,0,0,0,0,0,0,97,2,0,0,0,0,0,0,0,0,0,1,100
4f4c7b4fb8992f879cbbe76cb328c4e13b89b07e,592,8590,41100,32510,34,241,275,1,22,77,3,218,7.996840119,155226,0,0,21380,25566,4186,703730,888162,184432,8807,10832,2025,1,83.1661824
33c57e86e597cb3834ad860f7c9020ac39f26637,0,0,0,0,0,0,0,0,0,0,0,0,0,0,1,1,0,0,0,0,0,0,0,0,0,1,100
15e5d846f5598dc2e293b6abc1f7623b98e98286,1,3,3,0,0,0,0,3,4,53,1,1,0,426,2,0,60,60,0,2725,2729,4,21,21,0,1,100
e2048a6030f389fd002a339aad3d799caacdea71,0,0,0,0,0,0,0,0,0,0,0,0,0,0,3,1,0,0,0,0,0,0,0,0,0,1,100
8dab69611664a4d816688af74d21633bab324483,0,0,0,0,0,0,0,0,0,0,0,0,0,0,0,0,0,0,0,0,0,0,0,0,0,1,100
525977811761d281e11d450260b4b94513ee5061,0,0,0,0,0,0,0,0,0,0,0,0,0,0,594,0,0,0,0,0,0,0,0,0,0,1,100
93ca92cf4a48b14e4e447b57820bffd9fc7d010d,0,0,0,0,0,0,0,0,0,0,0,0,0,0,595,1,0,0,0,0,0,0,0,0,0,1,100
bb138f22220b625c793e7043cab4d0bb8c5e510d,0,0,0,0,0,0,0,0,0,0,0,0,0,0,596,2,0,0,0,0,0,0,0,0,0,1,100
c5e19900da789a491d5d99187249964d13f10f34,2,29,9,20,0,0,0,2,23,701,1,2,0.981940787,3203,0,0,133,131,2,10589,10450,139,68,67,1,0,100
f7efef551b425221ded44d800c8a12c8091ae361,0,0,0,0,0,0,0,0,0,0,0,0,0,0,597,3,0,0,0,0,0,0,0,0,0,1,100
739705c027950d16a9462f42043daa30dcbc5020,0,0,0,0,0,0,0,0,0,0,0,0,0,0,598,4,0,0,0,0,0,0,0,0,0,1,100
62f650d2faf05aa7478e0ac9407592eb85246e1a,0,0,0,0,0,0,0,0,0,0,0,0,0,0,2,0,0,0,0,0,0,0,0,0,0,0,100
8996aa0fe15db4bef73108985a7898bd0f4afa32,0,0,0,0,0,0,0,0,0,0,0,0,0,0,599,5,0,0,0,0,0,0,0,0,0,0,100
0ceb3f3eed75c995bba2dd3b52e197f78792363f,0,0,0,0,0,0,0,0,0,0,0,0,0,0,2,2,0,0,0,0,0,0,0,0,0,1,100
047166deb3cee81d078cf2de46109ea5635eba35,0,0,0,0,0,0,0,0,0,0,0,0,0,0,600,6,0,0,0,0,0,0,0,0,0,1,100
f3ccc05f765de9fbf9df67c3218db4d17fa76982,6,247,34,213,0,0,0,1,22,518,1,5,1.150635593,7536,909,0,960,888,72,35659,34367,1292,369,359,10,1,99.93291592
adb14ccbeb6f446eff9b4d71323ab8451b4b45d5,8,59,251,192,0,0,0,2,23,491,1,7,1.565788358,8095,857,0,947,1014,67,36557,37696,1139,383,393,10,1,99.93291592
8af1343cd4f912f2d68a708e1e8d23698aa7d68a,0,0,0,0,0,0,0,0,0,0,0,0,0,0,858,1,0,0,0,0,0,0,0,0,0,1,100
c467112b0e74ed2036101b117adad799bde92b89,0,0,0,0,0,0,0,0,0,0,0,0,0,0,0,0,0,0,0,0,0,0,0,0,0,0,100
9ac52bde9b4cc7148f9d1d72bc80ce05e061f5e9,0,0,0,0,0,0,0,0,0,0,0,0,0,0,601,7,0,0,0,0,0,0,0,0,0,0,100
d0e376f88c5432d30919da96244d48213e518247,0,0,0,0,0,0,0,0,0,0,0,0,0,0,4,0,0,0,0,0,0,0,0,0,0,1,100
fc0c883d747562259ab3a970c741d1e80013bc48,0,0,0,0,0,0,0,0,0,0,0,0,0,0,5,1,0,0,0,0,0,0,0,0,0,1,100
d2850ad5037085b25a503743d4ea7b3bc84150cc,0,0,0,0,0,0,0,0,0,0,0,0,0,0,94,0,0,0,0,0,0,0,0,0,0,1,100
20a86788b0000ef060f3e7a2101563343c7f55de,0,0,0,0,0,0,0,0,0,0,0,0,0,0,602,0,0,0,0,0,0,0,0,0,0,1,100
f8d7cb6e91a8ce02c34c791bff6c8cc58953d2cb,0,0,0,0,0,0,0,0,0,0,0,0,0,0,603,1,0,0,0,0,0,0,0,0,0,1,100
d0eceb94e0a3bdaa9a383a6a7f5a366dace954c9,2,7,1,6,0,0,0,2,3,1370,1,2,0.811278124,631,6,0,64,63,1,2357,2328,29,47,46,1,1,100
a7bdfe46ef4ccd3e9cfd739516aecc98690fad3f,0,0,0,0,0,0,0,0,0,0,0,0,0,0,7,1,0,0,0,0,0,0,0,0,0,1,100
f9d6d728e4f9a84946ec350c39417bc0a3508c62,4,238,5,233,0,0,0,7,14,631,1,4,0.516015389,4313,8,2,829,755,74,25209,23778,1431,302,291,11,1,99.93291592
ccd22b2ab4f0bc3885c4d575b7711cb5d71830a9,0,0,0,0,0,0,0,0,0,0,0,0,0,0,9,3,0,0,0,0,0,0,0,0,0,1,100
3ea356d052609f7017e12b47fe77aa2d7d34c48b,1,12,0,12,0,0,0,3,4,1041,1,1,0,50,10,4,2,1,1,187,146,41,2,1,1,1,100
50a88f27dd58cc630d3f704b5dd31773049848e6,0,0,0,0,0,0,0,0,0,0,0,0,0,0,11,5,0,0,0,0,0,0,0,0,0,1,100
601d8b862d458d9f77b9e6dc8970d88df3fe76d9,0,0,0,0,0,0,0,0,0,0,0,0,0,0,3,0,0,0,0,0,0,0,0,0,0,1,100
750516e0b913519cba49b70a638c4dde45ac950c,0,0,0,0,0,0,0,0,0,0,0,0,0,0,604,0,0,0,0,0,0,0,0,0,0,1,100
da64a25efc89c1a8d7d95bb55c6b4032d860fd44,0,0,0,0,0,0,0,0,0,0,0,0,0,0,12,0,0,0,0,0,0,0,0,0,0,1,100
10011a656668f6334f934be8c9674444be606012,0,0,0,0,0,0,0,0,0,0,0,0,0,0,13,1,0,0,0,0,0,0,0,0,0,1,100
b9b0ffb574418f0f60ca5b6fe53ba710f1d0e8ef,0,0,0,0,0,0,0,0,0,0,0,0,0,0,910,0,0,0,0,0,0,0,0,0,0,1,100
6608d5484b7dd7d5992e5af5d3b2aa3c7eaa5666,0,0,0,0,0,0,0,0,0,0,0,0,0,0,605,0,0,0,0,0,0,0,0,0,0,1,100
51e451e107a694dea00aed2996eac97b5808781a,1,2,2,0,0,0,0,11,24,322,1,1,0,2459,14,0,48,48,0,4835,4835,0,43,43,0,1,100
f4be45359a97dddb00f0dd8880fa9b0f6236305f,0,0,0,0,0,0,0,0,0,0,0,0,0,0,15,1,0,0,0,0,0,0,0,0,0,1,100
44b80fbfcf8a52b6e7cb3840a52ff07f8a2364e4,23,661,262,399,0,0,0,2,6,1162,2,15,3.491648917,10279,16,2,1657,1545,112,73755,71573,2182,545,525,20,0,100
a5e1c154b5b2ae74fd78bf10d4c130afb1ad4513,0,0,0,0,0,0,0,0,0,0,0,0,0,0,859,0,0,0,0,0,0,0,0,0,0,0,100
8373121457c968f302f8dd381b50626886d379bd,0,0,0,0,0,0,0,0,0,0,0,0,0,0,860,1,0,0,0,0,0,0,0,0,0,0,100
ff08d7c8d68127b4ade54f86c9dc2e1f5a63b857,0,0,0,0,0,0,0,0,0,0,0,0,0,0,17,3,0,0,0,0,0,0,0,0,0,1,100
f8bf79ddad3977ba220200f0d60ab710fbe73896,0,0,0,0,0,0,0,0,0,0,0,0,0,0,14,0,0,0,0,0,0,0,0,0,0,1,100
304cb7ba439cb2ed1920f6b34885b48ca4072425,0,0,0,0,0,0,0,0,0,0,0,0,0,0,606,0,0,0,0,0,0,0,0,0,0,0,100
707b5f3237a4c6dc45fb75bd809c738520fb3d95,0,0,0,0,0,0,0,0,0,0,0,0,0,0,607,1,0,0,0,0,0,0,0,0,0,0,100
d21f4c0297d8d791d7bcc18d34faca057d46b054,0,0,0,0,0,0,0,0,0,0,0,0,0,0,0,0,0,0,0,0,0,0,0,0,0,1,100
e3c9971f7b1a5a1a37ebf6f052fac98097622fde,0,0,0,0,0,0,0,0,0,0,0,0,0,0,608,2,0,0,0,0,0,0,0,0,0,1,100
457bdf4457df241ebf5bb5a0cdfdd0d3ba85491d,2,19,3,16,0,0,0,3,3,451,1,2,1,891,911,0,129,123,6,5034,4926,108,38,38,0,1,100
8b724f3f1b8f999a7719c823874c5732c14eb292,2,3,19,16,0,0,0,2,2,400,1,2,1,907,15,1,123,129,6,4926,5034,108,38,38,0,0,100
a14a01df4ade881ad5869b16466972c464f3a634,1,11,1,10,0,0,0,3,3,56,1,1,0,724,0,0,127,125,2,4716,4669,47,52,52,0,1,100
92b41722faca2de0f94ca9491295975607bdcd3f,0,0,0,0,0,0,0,0,0,0,0,0,0,0,609,3,0,0,0,0,0,0,0,0,0,1,100
51c84ba306978605df1a13e0439c330eace5c299,0,0,0,0,0,0,0,0,0,0,0,0,0,0,610,4,0,0,0,0,0,0,0,0,0,0,100
f7696c022425ba6d53d22ea3bd76c67525417eb7,2,19,3,16,0,0,0,3,3,451,1,2,1,891,611,2,129,123,6,5034,4926,108,38,38,0,1,100
aff2f2bf41a0bb0f10b09305af9f2e9ef63fffa5,0,0,0,0,0,0,0,0,0,0,0,0,0,0,612,3,0,0,0,0,0,0,0,0,0,0,100
909a7a40b76fe0d748834f662ab824f911c7b360,0,0,0,0,0,0,0,0,0,0,0,0,0,0,613,4,0,0,0,0,0,0,0,0,0,0,100
e1a04a6c18e6d38202e6e969d81bba028ec3afa6,0,0,0,0,0,0,0,0,0,0,0,0,0,0,1,1,0,0,0,0,0,0,0,0,0,1,100
be88b4af0ff9a3d6abb776272bea6ba76bf2adb0,0,0,0,0,0,0,0,0,0,0,0,0,0,0,614,5,0,0,0,0,0,0,0,0,0,1,100
49cc2db8c5879c3eeda5aae96c76f6773039e043,1,0,6,6,0,0,0,3,3,1615,1,1,0,263,0,0,37,38,1,1488,1515,27,14,14,0,1,100
52da5b5d94527924d6fa6d7635fbf8772c7c408d,0,0,0,0,0,0,0,0,0,0,0,0,0,0,615,4,0,0,0,0,0,0,0,0,0,1,100
73f9eb36185cf9f1f3812003346f654d58152ab3,0,0,0,0,0,0,0,0,0,0,0,0,0,0,616,5,0,0,0,0,0,0,0,0,0,1,100
217b9ca70d3968e8ca8a40ccd21ad4b8cc740fe8,0,0,0,0,0,0,0,0,0,0,0,0,0,0,617,6,0,0,0,0,0,0,0,0,0,1,100
cf0b00fbdbb04cb37d5d3bc361577b696dba66d9,3,21,7,14,0,0,0,1,25,522,1,3,1.413799565,3339,618,3,208,206,2,9938,9873,65,132,131,1,1,100
885c7068b01e3fd45272986851f7e2aadbb428bb,0,0,0,0,0,0,0,0,0,0,0,0,0,0,619,4,0,0,0,0,0,0,0,0,0,1,100
a445446e46e2228fabb83368cc25cf5422a2c400,0,0,0,0,0,0,0,0,0,0,0,0,0,0,861,0,0,0,0,0,0,0,0,0,0,0,100
d15b6726f3dca49593c8ed508cec17d561bcbba6,0,0,0,0,0,0,0,0,0,0,0,0,0,0,862,1,0,0,0,0,0,0,0,0,0,0,100
1121aac8e19051ab847c0583b3e7526bc9176ce2,0,0,0,0,0,0,0,0,0,0,0,0,0,0,3,0,0,0,0,0,0,0,0,0,0,1,100
2e62ba145bd9885f65c7bf7e8a550a1edf018c3e,0,0,0,0,0,0,0,0,0,0,0,0,0,0,18,0,0,0,0,0,0,0,0,0,0,1,100
6e2e7e2973b426340c443b680603d0a713563b1e,1,59,48,11,0,0,0,2,5,1888,1,1,0,384,912,0,52,51,1,2142,2065,77,17,17,0,1,100
ef0132243bfa90c7005588514a9616af18fc4720,0,0,0,0,0,0,0,0,0,0,0,0,0,0,620,0,0,0,0,0,0,0,0,0,0,1,100
bc6fb46eede327ddc61b72ccd9f3545769728b54,0,0,0,0,0,0,0,0,0,0,0,0,0,0,19,0,0,0,0,0,0,0,0,0,0,1,100
426246fd039c0c9f91d9d638ccd968299b00f3e9,0,0,0,0,0,0,0,0,0,0,0,0,0,0,20,1,0,0,0,0,0,0,0,0,0,1,100
c08135c40a6f10ab5c0151a20e52f3ebf1cbc290,0,0,0,0,0,0,0,0,0,0,0,0,0,0,21,1,0,0,0,0,0,0,0,0,0,0,100
a21dcf6c16f794e1ac1287b9fcd3b4e8a9418824,2,2,1,1,0,0,0,3,6,452,1,1,0.918295834,747,3,0,116,116,0,4745,4738,7,36,36,0,1,100
f942cf4f1a73b447d8687f83410199c5575ed174,0,0,0,0,0,0,0,0,0,0,0,0,0,0,621,0,0,0,0,0,0,0,0,0,0,1,100
5a3cefbace63a593b31e0193656b46143e113f78,1,31,3,28,0,0,0,3,4,2026,1,1,0,149,622,1,22,18,4,858,737,121,8,7,1,1,100
9636d0cdeb13683d43de90d9ba5904a494887c44,0,0,0,0,0,0,0,0,0,0,0,0,0,0,22,0,0,0,0,0,0,0,0,0,0,1,100
9222b9b41e157ca4467a7e0dc22e2ad5adc27298,2,22,21,1,0,0,0,2,3,2030,1,2,0.99648599,129,23,1,9,10,1,476,488,12,6,6,0,1,100
b8ec387066df47bfac4a1bb0364e592f41801aa0,0,0,0,0,0,0,0,0,0,0,0,0,0,0,16,0,0,0,0,0,0,0,0,0,0,1,100
b80c2a86f4993959bd4bfafa19126610f031b23d,1,12,1,11,0,0,0,3,3,459,1,1,0,796,1,0,118,117,1,4409,4385,24,35,35,0,1,100
366c3dcd305292e5122f8625177d6b9489c683f5,0,0,0,0,0,0,0,0,0,0,0,0,0,0,623,2,0,0,0,0,0,0,0,0,0,1,100
680746b7f0942a03750c948d84d6e32f453b75ef,0,0,0,0,0,0,0,0,0,0,0,0,0,0,24,2,0,0,0,0,0,0,0,0,0,0,100
7b8a77da4195e2d30d1aa993c833dc3f9b029c5c,0,0,0,0,0,0,0,0,0,0,0,0,0,0,25,3,0,0,0,0,0,0,0,0,0,0,100
e0e23321fc3819a02046726400af64390730cf0a,0,0,0,0,0,0,0,0,0,0,0,0,0,0,4,0,0,0,0,0,0,0,0,0,0,1,100
1c20918cba4975fc0c04833cd5d07f8e04b4a7a8,1,0,0,0,0,0,0,1,1,0,1,1,0,89,5,1,7,7,0,387,387,0,5,5,0,1,99.95528728
8850d916367e56b82fda5d51928df8555a26f498,2,3,3,0,0,0,0,2,2,1102,1,2,0.918295834,384,6,2,40,40,0,2448,2448,0,31,31,0,1,100
bce45993f8622e4d3e9ccba96cc78e4ef76e48ae,0,0,0,0,0,0,0,0,0,0,0,0,0,0,863,0,0,0,0,0,0,0,0,0,0,0,100
ec6eef73f45fe5bdcc9630778777b37ea514c202,0,0,0,0,0,0,0,0,0,0,0,0,0,0,864,1,0,0,0,0,0,0,0,0,0,0,100
70e111204227b351132a2924d72800a598147017,1,7,0,7,0,0,0,13,26,431,1,1,0,2461,0,0,48,48,0,4845,4835,10,43,43,0,1,100
f57a498486e852520e2cda80dd694542a37c2479,1,0,7,7,0,0,0,12,25,133,1,1,0,2468,624,0,48,48,0,4835,4845,10,43,43,0,1,100
8f877a07cdaaa26ec32f939e91e632457ca9c07c,0,0,0,0,0,0,0,0,0,0,0,0,0,0,865,2,0,0,0,0,0,0,0,0,0,0,100
5fa505bf9291ba57de7d6f5e7062c5594e196555,0,0,0,0,0,0,0,0,0,0,0,0,0,0,866,3,0,0,0,0,0,0,0,0,0,0,100
fe9819275e566a164d90cca6c46e7f06d4b7706c,0,0,0,0,0,0,0,0,0,0,0,0,0,0,867,4,0,0,0,0,0,0,0,0,0,0,100
aa32bb742e163e9a6468a60510dc952ccdfb43ed,0,0,0,0,0,0,0,0,0,0,0,0,0,0,868,5,0,0,0,0,0,0,0,0,0,0,100
08a0d41d80ac09f9df651a2f57231f2f46703281,1,7,6,1,0,0,0,4,5,1385,1,1,0,136,0,0,21,20,1,888,859,29,9,9,0,1,100
2a01ac78203582774e45f46a874c7f1a8893e4b4,0,0,0,0,0,0,0,0,0,0,0,0,0,0,625,1,0,0,0,0,0,0,0,0,0,1,100
67dc3611a228d44ef13c511bb447f9cdfaeb82c4,1,7,0,7,0,0,0,13,26,431,1,1,0,2461,626,2,48,48,0,4845,4835,10,43,43,0,1,100
f887e534e72fba8731493dd69cc97553f994a1fe,2,6,14,8,0,0,0,3,25,69,1,2,0.934068055,2605,869,6,68,69,1,5694,5733,39,52,52,0,0,100
773cded3bdabc82e977c73e4137bfac4fca2192d,0,0,0,0,0,0,0,0,0,0,0,0,0,0,870,7,0,0,0,0,0,0,0,0,0,0,100
174f4862f175b57a1888e239800a6fdd43159089,2,14,6,8,0,0,0,4,26,907,1,2,0.934068055,2597,871,8,69,68,1,5733,5694,39,52,52,0,0,100
4841475a7e642e8148d67b320941a6bdd8e4a230,0,0,0,0,0,0,0,0,0,0,0,0,0,0,627,3,0,0,0,0,0,0,0,0,0,1,100
5b507eaf03d9e5304e1025233b86766b27eadd78,0,0,0,0,0,0,0,0,0,0,0,0,0,0,628,4,0,0,0,0,0,0,0,0,0,1,100
4df41444ba3a507cb757d59795262f83c74bbca7,0,0,0,0,0,0,0,0,0,0,0,0,0,0,0,0,0,0,0,0,0,0,0,0,0,1,100
9c8930036c4829bcf47947cb03a276d32c1a317a,0,0,0,0,0,0,0,0,0,0,0,0,0,0,629,5,0,0,0,0,0,0,0,0,0,1,100
e16fa19f21ec0288f915fbd7f0730821cdb318a4,91,8694,1517,7177,69,10,79,1,8,339,1,18,5.861196496,2649,7,0,793,305,488,50085,12383,37702,500,193,307,1,92.26389162
1312d69a0ffb01335d1b8842b8c2ba7b8268e3e6,1,54,0,54,1,0,1,1,1,0,1,1,0,0,8,1,0,0,0,93,0,93,0,0,0,1,93.3278343
4492b3e282574c18074baa374bfbab042835d27d,5,56,22,34,0,0,0,4,5,1906,2,4,2.184635457,803,19,0,101,94,7,4573,4385,188,47,46,1,1,100
6d92df30d9d47ac5996009146683afa9ee83122e,1,16,0,16,0,0,0,3,3,1669,1,1,0,117,9,2,20,16,4,497,423,74,13,11,2,1,100
29fc006d379c055fc69c65be47de8e4229987d6a,2,140,76,64,0,0,0,2,3,1404,1,2,0.593379836,671,10,3,60,46,14,5441,5085,356,36,26,10,1,100
72fb41705dbb5a4709aabf1ed4ac53f0eca6284a,0,0,0,0,0,0,0,0,0,0,0,0,0,0,11,4,0,0,0,0,0,0,0,0,0,1,100
4348548aafabf9dbddc3c34740f6c8c0768a0c88,0,0,0,0,0,0,0,0,0,0,0,0,0,0,630,6,0,0,0,0,0,0,0,0,0,1,100
7993db01580ce62d44866dc00e0a7266984638d0,0,0,0,0,0,0,0,0,0,0,0,0,0,0,872,7,0,0,0,0,0,0,0,0,0,0,100
3bb3495b54ce122116c4bfd7be587d9874cbf671,0,0,0,0,0,0,0,0,0,0,0,0,0,0,873,8,0,0,0,0,0,0,0,0,0,0,100
c2b2f40366e46d8f4340937c1e90e5013ce41720,1,23,10,13,0,0,0,5,8,2058,1,1,0,457,631,6,31,28,3,3013,2963,50,19,17,2,1,100
f1b273017b01be16e0ce83c86291147b3c21cafd,0,0,0,0,0,0,0,0,0,0,0,0,0,0,632,2,0,0,0,0,0,0,0,0,0,1,100
05120d33f0c6b9c89329d31269802af810f24ad2,0,0,0,0,0,0,0,0,0,0,0,0,0,0,633,3,0,0,0,0,0,0,0,0,0,1,100
1245fce7ad67894f3f0294d16438deb1ca691b07,4,16,2,14,0,0,0,2,5,2003,1,2,1.99107606,439,17,0,50,50,0,2087,2079,8,26,26,0,1,100
fd2089d4938a69b55d1d31a23ed676488df35ef1,0,0,0,0,0,0,0,0,0,0,0,0,0,0,634,3,0,0,0,0,0,0,0,0,0,1,100
7f75cdf8be66ca5d432ad8722ccdc83ec6df983c,1,1,0,1,0,0,0,4,5,836,1,1,0,62,0,0,2,2,0,196,187,9,2,2,0,1,100
3923b7ab633559f86bd170c841b768b8f5befac4,0,0,0,0,0,0,0,0,0,0,0,0,0,0,26,0,0,0,0,0,0,0,0,0,0,1,100
73baacd282f88b33a3afbbce0c838cb50dc3c0e1,1,1,3,2,0,0,0,2,2,2427,1,1,0,393,0,0,48,48,0,2059,2061,2,33,33,0,0,100
6d4791e008744483f475dea0338624f8018bc196,4,140,27,113,1,0,1,1,9,82,2,3,1.447683382,1263,0,0,200,192,8,7193,6779,414,92,85,7,1,99.93267289
5a0234a4b18ba361a13a1217a6d212f47c28a852,1,1,3,2,0,0,0,2,2,2427,1,1,0,393,27,1,48,48,0,2059,2061,2,33,33,0,1,100
bd0e87df2e8db55032a213687029b27ba88d9d5e,0,0,0,0,0,0,0,0,0,0,0,0,0,0,0,0,0,0,0,0,0,0,0,0,0,1,100
c1a1c10dd7fa445148d543dbe410ec84e7670e82,0,0,0,0,0,0,0,0,0,0,0,0,0,0,635,0,0,0,0,0,0,0,0,0,0,1,100
59e2539fa23bde8c81b287ae26d6297cd331d5ea,9,50,47,3,0,0,0,2,4,2360,1,4,2.898367155,936,28,2,89,85,4,4420,4508,88,40,38,2,1,99.97115107
a6bf3e421d3d37a797e3bb374fcd20a00189feb4,15,474,82,392,1,0,1,2,27,995,1,8,2.462649277,8228,29,2,1041,984,57,40572,37762,2810,447,428,19,1,99.96154955
3c7c054c44ab585d42110655d5248b518535db45,3,79,1,78,1,0,1,1,2,158,1,2,1.057064672,151,0,0,18,11,7,1467,980,487,17,11,6,1,99.93275696
0fc6b522487c061f89e8cdacf09f722d3f20589a,2,129,136,7,0,0,0,8,16,639,1,2,0.064053477,3005,30,0,536,530,6,17014,16953,61,192,191,1,1,100
9638f627e5bcfd993def658433f821b46313fa58,0,0,0,0,0,0,0,0,0,0,0,0,0,0,95,0,0,0,0,0,0,0,0,0,0,1,100
672fa4a4aca70ef4ce1136e59ce729d6fdb9858d,0,0,0,0,0,0,0,0,0,0,0,0,0,0,874,0,0,0,0,0,0,0,0,0,0,0,100
e16f6240f8ccdb8b14502676a93b1c75d2c0ccd2,0,0,0,0,0,0,0,0,0,0,0,0,0,0,949,7,0,0,0,0,0,0,0,0,0,0,100
e8ee6deedda17c6bc8855985a91079fd64d57f0d,3371,314287,227103,87184,1574,1008,2582,1,68,11,13,531,9.500660753,305555,12,1,56594,53792,2802,2119171,1923366,195805,25479,23676,1803,1,45.82210243
3551a8b2b64d166b8aa5de566a5c229d70faa1de,28,522,448,74,1,8,9,3,61,153,4,16,3.488965531,12933,182,7,2016,2001,15,82573,80658,1915,720,711,9,1,95.16563639
7ce2a3b615a8d6833800b3e9286c88547ed39201,29,665,1543,878,0,2,2,2,16,254,6,18,3.328360698,9621,180,5,980,1076,96,51869,56875,5006,398,462,64,1,95.49380704
afba24e79840026bf04582732ff0bfdd11659302,28,1166,668,498,1,0,1,2,62,130,5,17,3.227056787,13322,183,8,1812,1747,65,88290,85877,2413,634,595,39,1,97.27217967
66559c6f1b5a5c5c0540558a84dfca50daf0cee9,3,12,4,8,0,0,0,8,16,328,2,3,1.199460293,1080,185,10,155,154,1,7124,7059,65,59,59,0,1,100
4f110e3a0934f427573f81f1922562a6a1910e77,10,203,91,112,2,0,2,2,63,73,1,5,3.045083613,6934,12,1,1107,1101,6,46814,46167,647,372,369,3,1,99.81649846
99f47570750266c12d31eaa11ef912e92575b095,12,177,208,31,0,2,2,1,63,66,1,7,3.240952506,8198,12,1,1116,1114,2,49198,49357,159,378,377,1,1,99.79144073
109c2153c70a8f6f7e68a8710566c0bfd38142ee,27,445,218,227,8,0,8,3,63,46,3,14,4.079530983,13715,1165,4,2002,1994,8,82815,82619,196,712,700,12,1,99.7492687
0b4f32adc9127175954c830fda5eb25fd2ab6d05,3371,227076,314270,87194,1061,1574,2635,0,47,0,13,531,9.500672958,392802,998,4,43645,67309,23664,1594241,2462072,867831,19949,29361,9412,1,45.82210243
e6ad8938e075612b07e7d0e054f8771e2c9359fb,3373,314409,227103,87306,1576,1061,2637,1,68,11,13,531,9.501819029,305608,1166,5,56601,53792,2809,2119889,1923366,196523,25482,23676,1806,1,46.04143544
93ed601425a79759c0189a945c6b46266e5c9ced,0,0,0,0,0,0,0,0,0,0,0,0,0,0,1167,6,0,0,0,0,0,0,0,0,0,1,100
b1774d71d9574313ccaf0f852fe34300f2210076,3373,227076,314382,87306,1061,1576,2637,0,47,0,13,531,9.501790308,392914,0,0,43645,67315,23670,1594241,2462719,868478,19949,29364,9415,1,46.04143544
f83e414f5f24a3af2c67c3509d1c637a550ed059,0,0,0,0,0,0,0,0,0,0,0,0,0,0,999,5,0,0,0,0,0,0,0,0,0,1,100
1fd1e17fb2ede7bbb872bfca9ac6dd50fa58efd5,3428,339054,253763,85291,1631,1116,2747,1,68,11,13,531,9.666954708,305608,1151,0,57447,51284,6163,2178748,1845940,332808,25747,22982,2765,1,46.04143544
9e97a0758c013556b925f090ec39d9d1f383e6c9,0,0,0,0,0,0,0,0,0,0,0,0,0,0,181,1,0,0,0,0,0,0,0,0,0,1,100
5cdb9c0acf2dbfff2c1bebd4b5a6931ed98558bc,0,0,0,0,0,0,0,0,0,0,0,0,0,0,1152,1,0,0,0,0,0,0,0,0,0,1,100
cbe9ed5a500638401513b475685f74221e8ebe20,0,0,0,0,0,0,0,0,0,0,0,0,0,0,1168,7,0,0,0,0,0,0,0,0,0,1,100
26c4bec99efec800b3824db67ef88f5d856354a7,10,1053,9,1044,0,0,0,7,66,59,3,8,0.582034228,60396,6,0,12852,12636,216,399915,393296,6619,5598,5494,104,1,100
4cd851bd457a8544cf9987c4b0f8741ef7c8dc93,10,9,1053,1044,0,0,0,6,65,381,3,8,0.582034228,61440,182,2,12636,12852,216,393296,399915,6619,5494,5598,104,1,100
fe388df9b3e9649fbdf9f2e57206ee655212bcc6,1,9,6,3,0,0,0,10,11,63,1,1,0,325,14,3,8,7,1,1073,1060,13,4,4,0,1,100
9861f9a718caba4dc04b82327210830e25118a07,1,6,9,3,0,0,0,9,10,31,1,1,0,328,1169,7,7,8,1,1060,1073,13,4,4,0,1,100
a3ab3c2ab5e56c84309199cc4fdea62264bf20a7,3428,253736,339027,85291,1116,1631,2747,0,47,0,13,531,9.666931619,390899,1000,5,43645,65195,21550,1594241,2434321,840080,19949,28817,8868,1,46.04143544
554ff4a0feaef2c11a3fee503a25ad4d873ba14a,0,0,0,0,0,0,0,0,0,0,0,0,0,0,1001,6,0,0,0,0,0,0,0,0,0,1,100
64af629a19a82591dbf3428f7fd6b02f39e0723f,3428,340098,253763,86335,1631,1116,2747,1,68,11,13,531,9.656775181,305608,183,3,57663,51284,6379,2185367,1845940,339427,25851,22982,2869,1,46.04143544
1ebdf301edbd3bac1ff9416d971ee6e7738891ce,3,40,9,31,0,0,0,3,5,414,1,3,0.928169813,1143,186,4,193,190,3,7124,6992,132,70,68,2,1,100
d016cbec758f93cd1e6e7aa0f228a1f8bdea5e5d,3,9,40,31,0,0,0,2,4,346,1,3,0.928169813,1174,186,4,190,193,3,6992,7124,132,68,70,2,1,100
befc2db7f2f96930dabdd40d062790a4f11761a5,0,0,0,0,0,0,0,0,0,0,0,0,0,0,186,3,0,0,0,0,0,0,0,0,0,1,100
e63f5528bc2f807578560ec3f783f326e1aec2a0,3428,253757,340082,86325,1116,1631,2747,0,47,0,13,531,9.656858813,391943,99,0,43645,65416,21771,1594264,2441030,846766,19949,28923,8974,1,46.04143544
787a4340a8d2d3291e5e4ecef47c8b85ff9a3b74,3363,314084,227124,86960,1566,1061,2627,1,68,11,13,531,9.497728948,305618,13,2,56587,53792,2795,2119054,1923389,195665,25467,23676,1791,0,45.85120269
4964112d962ea935b8ff1194efc5c338c27b03ab,151,17920,18552,632,10,0,10,2,66,614,3,21,4.826140355,151447,73,0,32374,31297,1077,967972,901646,66326,12174,11790,384,1,99.55899484
3356f1f764135570b948f6614c4816f49fd68dbd,3,14,36,22,0,0,0,7,9,72,1,2,0.894356323,804,184,3,92,96,4,3567,3721,154,44,46,2,1,100
aeb69dd13791ef238c9a3a2d2ef660106f7f21cd,3428,253714,340052,86338,1116,1631,2747,0,47,0,13,531,9.656614313,391924,47,0,43641,65413,21772,1594095,2440889,846794,19947,28921,8974,1,46.04143544
0bc4e26d1897fdc58d6b5ae77142384a1ecc8495,3428,340110,253741,86369,1631,1116,2747,1,68,11,13,531,9.656707825,305586,185,4,57663,51280,6383,2185358,1845794,339564,25851,22980,2871,1,46.04143544
b0bdbf08260d55d36a5893cf3dcafba90d695211,3,89,5,84,0,0,0,4,69,17,1,3,1.218795326,5729,187,4,773,765,8,36990,36494,496,209,205,4,1,99.97521071
33ca6c1c010ed29dd7f1df17cd81023fba438e86,3428,253745,340167,86422,1116,1631,2747,0,47,0,13,531,9.656711607,392039,99,0,43644,65427,21783,1594227,2441649,847422,19949,28929,8980,1,46.04995375
f7ab952b2243add7c79984dcb64475583749515c,3428,340194,253772,86422,1631,1116,2747,1,69,11,13,531,9.656735835,305617,189,6,57671,51286,6385,2185854,1846058,339796,25855,22984,2871,1,46.04995375
bfa578058f61fb5eb09055cd7570ad30debbaf92,3428,253714,340167,86453,1116,1631,2747,0,47,0,13,531,9.656642544,392039,99,0,43641,65427,21786,1594095,2441649,847554,19947,28929,8982,1,46.04995375
41f977a9e1e10a53633fabd77b30852c052dba3f,3428,340194,253741,86453,1631,1116,2747,1,69,11,13,531,9.656666773,305586,191,8,57671,51280,6391,2185854,1845794,340060,25855,22980,2875,1,46.04995375
93bf5b5c785f9bdb440cb06d307345e0b3382080,3428,253714,340167,86453,1116,1631,2747,0,47,0,13,531,9.656642544,392039,100,1,43641,65427,21786,1594095,2441649,847554,19947,28929,8982,1,46.04995375
85fc30f4f5970ccc6aa67a4e27090b2fd29cd76b,3428,340221,253741,86480,1631,1116,2747,1,70,11,13,531,9.656546046,305586,7,1,57675,51280,6395,2186097,1845794,340303,25857,22980,2877,1,46.04995375
3ad1937ab019eff9cb5c74fa6b51785dffd46529,2,15,39,24,0,0,0,3,69,46,1,2,0.309543429,5230,0,0,852,856,4,38290,38485,195,229,231,2,1,100
98d724f84218b95c0aae7ba4c36910febf85ec25,0,0,0,0,0,0,0,0,0,0,0,0,0,0,1170,5,0,0,0,0,0,0,0,0,0,1,100
22b1a5ac28c0019d4cd1fbe4a5ea66c09c2595f8,3428,253745,340170,86425,1116,1631,2747,0,47,0,13,531,9.656713335,392042,1002,4,43644,65427,21783,1594227,2441697,847470,19949,28929,8980,1,46.04995375
73a343aff14a789b39a6ceb165e72354fa8999af,3364,314367,227112,87255,1567,1061,2628,1,68,11,13,532,9.499346966,305617,183,1,56610,53794,2816,2121124,1923484,197640,25489,23678,1811,0,47.74584761
44e272735688113ff0b49de6aa1cab2fa9e9fdfc,165,18087,18915,828,10,1,11,2,69,566,6,31,4.887434339,155664,0,0,32932,31871,1061,991300,926522,64778,12383,12017,366,1,95.01933854
c9b73a5e3ffcfc458772100dc6bd62ad1cf468de,2,41,16,25,0,0,0,7,70,37,1,2,0.485460761,5167,186,5,842,838,4,37488,37245,243,239,237,2,1,100
fe32d95c61d0a4c9350eb4515f6e74b2aec761a3,3,393,3,390,1,0,1,1,5,69,2,3,0.161854825,143,187,6,38,6,32,3023,386,2637,30,4,26,1,95.23772287
4c4b2b4b6d579a118379607a268ef060136d9aac,11,39,451,412,0,1,1,4,69,179,3,9,1.243369489,7018,17,2,1081,1116,35,45711,48609,2898,362,390,28,1,95.23772287
07a437302c544b2635a835c9eeb1f3210e7519db,5,435,15,420,1,0,1,3,70,58,3,5,0.708938323,5346,188,7,894,858,36,41556,38628,2928,261,233,28,1,95.23772287
3e098f12e2b09d4954eeeaaf807e4ff6006a6929,1,4,2,2,0,0,0,8,12,53,1,1,0,541,189,8,73,73,0,3045,3045,0,34,34,0,1,100
8f60cefe4bd57f4d143f47e1b8862765abaad445,2,12,16,4,0,0,0,4,71,14,1,2,0.863120569,4740,18,3,772,772,0,34948,34995,47,207,207,0,1,100
61b1b51880603ca20d8d34827e7684d0b70d4bbc,3435,253782,340596,86814,1116,1632,2748,0,47,0,13,532,9.658710068,392824,958,0,43671,65491,21820,1595458,2445780,850322,19971,28979,9008,1,48.0779266
39320181ff122a0eaf34cde24937c92c5043a5e7,3435,340593,253809,86784,1632,1116,2748,1,71,11,13,532,9.658664142,306010,1153,0,57735,51280,6455,2191091,1846236,344855,25905,22989,2916,1,48.0779266
a010586c283e44c5710d8cfb472cc53ac41579c4,42,257,927,670,2,2,4,2,72,137,3,24,3.029435158,14947,1154,1,1599,1697,98,79407,83173,3766,530,569,39,1,98.43125192
8191e46ff4bbf780531d0684dffaa72f00a93132,20,32,32,0,0,0,0,2,73,0,3,15,4.113608501,8802,1155,2,1337,1337,0,57653,57653,0,385,385,0,1,100
a8eb4c40af8229f4737f7e5eef1534d5d0d12dfd,2,753,0,753,2,0,2,1,1,0,1,2,0.878184604,0,1156,3,100,0,100,3954,0,3954,41,0,41,0,99.76057462
8a95784267743ee616d3d9d4ec091d7f8e2c9248,0,0,0,0,0,0,0,0,0,0,0,0,0,0,1157,4,0,0,0,0,0,0,0,0,0,0,100
9b83b46d55acdf20f62cfec15800d1898f0efe19,36,78,79,1,0,0,0,1,74,32,2,17,4.904418008,12812,1158,5,1935,1935,0,80423,79919,504,691,691,0,1,99.93614304
2837eeadf0cf9d165ce6fe97e41f3b393c05bdb0,0,0,0,0,0,0,0,0,0,0,0,0,0,0,1159,6,0,0,0,0,0,0,0,0,0,1,100
719221c9f17204074859506d98d2711e18d120af,20,28,29,1,0,0,0,3,75,68,1,12,4.214211725,13465,1160,7,2002,2002,0,84597,84384,213,671,671,0,1,100
62f9568e150fff3f306ab3b204ef7660afdd34d3,34,42,46,4,0,0,0,5,33,59,1,24,4.978969403,10369,1161,8,1530,1530,0,57837,57498,339,686,686,0,1,100
2a13177163ea1d0aef9bc9d3ba03007f1ab7c569,2,5,5,0,0,0,0,5,18,0,1,2,0.721928095,1047,1162,9,140,140,0,5760,5734,26,75,75,0,1,100
5fd330da2e6577915cb046bb190ea57ceb1ac71b,0,0,0,0,0,0,0,0,0,0,0,0,0,0,1163,10,0,0,0,0,0,0,0,0,0,1,100
6c34c286659158acb6c4c1ad0f47eb05e92626c9,19,33,34,1,0,0,0,4,34,77,1,14,4.146250527,6374,1164,11,930,930,0,36642,36378,264,427,427,0,1,100
9734cd63a364c2e93b34a398feaf710c6f326703,2,5,4,1,0,0,0,14,35,0,1,2,0.99107606,1874,1165,12,326,326,0,10257,10210,47,126,126,0,1,100
5eb2be75d1b089caaaa41f7a1f1b15dc16741895,34,125,125,0,0,0,0,5,15,84,2,5,4.894214513,3664,1166,13,386,386,0,17933,16933,1000,167,167,0,1,100
142ad60809e2a2ff1576378d645eb15fcb48d25b,16,29,31,2,0,0,0,3,6,64,1,6,3.740002788,3370,1167,14,597,597,0,22508,22276,232,241,241,0,1,100
91251c54abdb5bc267851dcf38a1cfcea247eaad,153,13089,13106,17,0,0,0,3,76,16,4,29,4.51859579,148915,1168,15,32215,32215,0,999900,960949,38951,12095,12095,0,1,100
1b9e81f0452a584706e9c608ba8b010068724e48,0,0,0,0,0,0,0,0,0,0,0,0,0,0,1169,16,0,0,0,0,0,0,0,0,0,1,100
8fa274388e5b5644543f409e7cddcadca4a3ff33,4,6,5,1,0,0,0,1,6,33,1,4,1.858555212,910,1170,17,114,114,0,4769,4726,43,49,49,0,1,100
60da0ef39a202eebd7fa68aeb4f1f9f9257b2ac1,0,0,0,0,0,0,0,0,0,0,0,0,0,0,1171,18,0,0,0,0,0,0,0,0,0,1,100
e584c610fc0507a4059f681ae6983c8a5a2fff95,2,2,2,0,0,0,0,4,22,67,2,2,1,724,1172,19,95,95,0,4774,4758,16,30,30,0,1,100
71b61d9b2728026c848e9aa45e23a3dfae041f9a,0,0,0,0,0,0,0,0,0,0,0,0,0,0,1173,20,0,0,0,0,0,0,0,0,0,1,100
492eff4e7203d8a060cfa6c9c20d8bea28235be3,2,3,4,1,0,0,0,1,4,0,1,2,0.863120569,294,1174,21,28,28,0,1998,2025,27,19,19,0,1,100
b588b2556b39e6249bcd25654115ecbf21e19e94,0,0,0,0,0,0,0,0,0,0,0,0,0,0,1175,22,0,0,0,0,0,0,0,0,0,1,100
35a1b8f4822eed54f95f0d1ea7e71dfe1b97a796,0,0,0,0,0,0,0,0,0,0,0,0,0,0,1176,23,0,0,0,0,0,0,0,0,0,1,100
498da9e77cec4d5cb9dfbb1044cb9634f1ff0422,369,13929,13953,24,0,2,2,1,70,517,4,101,4.99516169,196971,0,0,38193,38195,2,1222768,1265629,42861,14740,14742,2,1,98.54637748
ab97687997c6b24a1c47cb2d84c07757501779eb,369,13953,13929,24,2,0,2,2,76,5,4,102,4.99516169,196947,190,7,38195,38193,2,1265629,1222768,42861,14742,14740,2,1,98.54637748
1d471c2b3d37ae850f93b6e96163484b9b88ed5a,3437,253820,340662,86842,1116,1634,2750,0,47,0,13,534,9.660201758,392852,959,1,43671,60536,16865,1595458,2356048,760590,19971,27382,7411,1,46.01777939
5e5ff7807662ceb34f028d4fb5c54fffe3d24793,3435,340631,253809,86822,1632,1116,2748,1,70,11,13,532,9.658756625,306010,1,1,57735,51313,6422,2190070,1847289,342781,25905,23006,2899,1,48.0779266
93fc34100ba8110e39fc9908d33c5ff8df8e5545,369,13952,13928,24,2,0,2,2,76,5,4,102,4.994572412,196947,191,7,38195,38193,2,1265628,1222768,42860,14742,14740,2,1,98.54637748
c24cf9764583263bf73eb631ac25759818e2dd73,2,12,16,4,0,0,0,4,78,11,1,2,0.863120569,4739,192,8,772,772,0,34970,35017,47,207,207,0,1,100
d293dd32ed64669164620ce984af53441508eae5,0,0,0,0,0,0,0,0,0,0,0,0,0,0,0,0,0,0,0,0,0,0,0,0,0,1,100
e2308285d28a2df4a1435a1f4fb304630749c29a,44,816,966,150,2,1,3,6,43,13,3,12,4.940466802,7112,194,7,586,610,24,31472,32204,732,299,309,10,1,99.51826576
4aa6b5e18cf2dcefb509f965cd8a61e31389d6aa,0,0,0,0,0,0,0,0,0,0,0,0,0,0,1171,1,0,0,0,0,0,0,0,0,0,1,100
b6cab8dca97e2238aef8e45118f6946fc2d35049,13,0,986,986,0,12,12,3,7,1597,1,3,3.57259091,985,1177,24,0,61,61,0,4333,4333,0,47,47,1,99.75712435
0eb6b5116f251e17b6f14a61cebfadfc286faa59,0,0,0,0,0,0,0,0,0,0,0,0,0,0,1172,2,0,0,0,0,0,0,0,0,0,1,100
aa537af7e37c4469b4ca85a5e9771a3ba4bd77d7,0,0,0,0,0,0,0,0,0,0,0,0,0,0,1173,3,0,0,0,0,0,0,0,0,0,0,100
24f0ff0b93200d6e300eb200a587be28b379859b,3438,254787,340493,85706,1129,1635,2764,0,47,0,13,534,9.666407669,391717,1003,1,43671,60439,16768,1595458,2350223,754765,19971,27322,7351,1,45.41708635
cd6c47aac61bd2a730d03f0a90908b42bd6aec9d,3438,340536,254814,85722,1635,1129,2764,1,78,11,13,534,9.666396952,306011,0,0,57655,46420,11235,2227878,1716825,511053,25851,21435,4416,1,45.41708635
ce7630229f352d3c283a066a026cec3a2cbe1343,3,5,21,16,0,0,0,14,36,34,1,3,1.300194643,2796,0,0,415,418,3,14083,14143,60,171,172,1,0,100
0cb659040e1ace1b236237350dd7325ec2aae842,3,21,5,16,0,0,0,15,37,15,1,3,1.300194643,2780,1174,4,418,415,3,14143,14083,60,172,171,1,1,100
e73338c661e88b00b64be489de33c849d30b2f19,3,5,21,16,0,0,0,14,36,34,1,3,1.300194643,2796,1,1,415,418,3,14083,14143,60,171,172,1,0,100
0eb6cd72c07a12499eb12f5830a80c1da1bdfaa0,4,21,18,3,0,0,0,15,58,37,2,4,1.785092263,3517,0,0,528,529,1,18344,18344,0,209,208,1,1,100
5c5d071305785fb322413b0a39d3fb6d19a83a9d,2,16,3,13,0,0,0,6,57,127,2,2,0.899743759,999,19,2,146,142,4,5301,5241,60,54,54,0,1,100
a7ac98f4b5595d7d0689a7b32c2d152bebd0c67a,3438,254785,340518,85733,1129,1635,2764,0,48,0,13,534,9.666402622,391733,0,0,43667,60442,16775,1595398,2350283,754885,19971,27323,7352,1,45.41708635
3058502e8746d9fed6a0b236f722625bae0e3b5d,4,31,5,26,0,0,0,11,47,613,2,4,1.831956064,4123,0,0,677,670,7,21882,21773,109,255,254,1,1,100
b03ee18dd13196265c3d68e59e76380ccc6b4bd8,3438,340535,254829,85706,1635,1129,2764,1,78,11,13,534,9.666345554,306026,2,2,57655,46423,11232,2227849,1716874,510975,25851,21436,4415,1,45.41708635
1d43937a12d5632d1c64e5701b8443a179595062,3438,254861,340508,85647,1129,1635,2764,0,47,0,13,534,9.66649881,391732,133,0,43678,60427,16749,1596016,2348136,752120,19976,27308,7332,1,45.41708635
1e3ab3ac386cec0a67a0c3374afe385090d3814e,3438,340532,254897,85635,1635,1129,2764,1,78,11,13,534,9.666551361,306085,195,2,57651,46412,11239,2227818,1715390,512428,25851,21425,4426,1,45.41708635
b0f34ac1bfbdeccc65315f62bba8b635d8f00966,3438,254785,340505,85720,1129,1635,2764,0,48,0,13,534,9.666347522,391720,102,0,43667,60438,16771,1595398,2350223,754825,19971,27323,7352,1,45.41708635
9c3831a8028f7ea3787e814b13fc4c03b96b830d,3438,340515,254812,85703,1635,1129,2764,1,78,11,13,534,9.666360014,306000,196,3,57648,46416,11232,2227712,1716765,510947,25851,21435,4416,1,45.41708635
15a9a3bac57ea92e0df56390289ad4de1f43bc80,2,55,38,17,0,0,0,6,15,84,1,1,0.345117315,826,196,2,94,91,3,3887,3781,106,40,40,0,1,100
d3625b0980faab699e6e3b5ca7ac6d07d5c7c275,1,0,1,1,0,0,0,5,8,161,1,1,0,30,197,3,1,1,0,131,160,29,1,1,0,1,100
8fabff55325d68c79470b65f33176f95007062af,3438,254783,340503,85720,1129,1635,2764,0,48,0,13,534,9.666315149,391719,0,0,43667,60438,16771,1595369,2350194,754825,19971,27323,7352,1,45.41708635
e694676d91f834033bf33553243368e9687b1bfb,3,20,5,15,0,0,0,11,21,784,1,3,1.359330832,3374,103,1,551,548,3,17539,17490,49,218,217,1,0,100
5200cffeee608848f9f7f41005a4fbd44d7cc273,3438,340530,254825,85705,1635,1129,2764,1,78,11,13,534,9.666295308,306014,193,5,57651,46419,11232,2227789,1716785,511004,25851,21436,4415,0,45.41708635
f5474a5ef7f4d9e158902809cc03fcb7b06317b7,0,0,0,0,0,0,0,0,0,0,0,0,0,0,1178,25,0,0,0,0,0,0,0,0,0,1,100
cade93e4e3241b43700383571b6494a1f020eae5,0,0,0,0,0,0,0,0,0,0,0,0,0,0,198,4,0,0,0,0,0,0,0,0,0,1,100
e73e03aea61150fd35ca1f8bae7196272e27a909,0,0,0,0,0,0,0,0,0,0,0,0,0,0,198,4,0,0,0,0,0,0,0,0,0,1,100
2eae159fde55ecb0ddf16f6e2355b641940e6e25,1,106,60,46,0,0,0,6,12,140,1,1,0,108,1178,25,16,10,6,855,611,244,7,5,2,1,99.84577922
fce4c6b3a0d37d02ce01458041b07b99f8827f2e,3,243,80,163,1,0,1,1,13,57,1,2,1.224520116,514,1179,26,75,58,17,3351,2280,1071,42,32,10,1,99.65249717
36b050766dfa772ee6a4d97dcee2f3c6e3979d17,12,161,353,192,0,1,1,4,17,269,4,11,2.124927937,5583,198,4,691,713,22,29740,30913,1173,341,353,12,1,99.68487395
593c453b47097208bf1218df527f50f0a7e7027b,15,37,39,2,0,0,0,3,16,126,5,15,3.533376892,5883,1178,25,753,752,1,34160,34250,90,365,363,2,1,100
8fd3bf561ad5c92e97b4f2f86a8751de606e3b0b,0,0,0,0,0,0,0,0,0,0,0,0,0,0,1175,4,0,0,0,0,0,0,0,0,0,1,100
99e0357f79f271b57d0c04e76f596dccd1f21878,0,0,0,0,0,0,0,0,0,0,0,0,0,0,1176,5,0,0,0,0,0,0,0,0,0,1,100
49504b4e036f7688a37a19d609afb8ac9a02c01a,1,35,52,17,0,0,0,10,16,14,1,1,0,568,1177,6,59,62,3,2741,2847,106,23,23,0,1,100
e9630a5754b9b47155eb74298576077f62226492,0,0,0,0,0,0,0,0,0,0,0,0,0,0,1178,7,0,0,0,0,0,0,0,0,0,1,100
11586d0fb9dc78829c1f51d822f596b26fcde7e8,0,0,0,0,0,0,0,0,0,0,0,0,0,0,1179,8,0,0,0,0,0,0,0,0,0,1,100
35797bf1d2bc9dc9a382d2ab7078e6ef33237810,3438,254878,340539,85661,1129,1635,2764,0,48,0,13,534,9.667017004,391717,0,0,43675,60437,16762,1595743,2350140,754397,19974,27325,7351,1,45.41708635
fafe4f46cb69dcb67639021a2c0ca74e3dd77852,3439,340775,254905,85870,1636,1129,2765,1,78,11,13,535,9.668198527,306056,194,4,57673,46424,11249,2229050,1717110,511940,25865,21438,4427,1,45.64009112
7122a4e2c047e45ed026c4bafc181885dd146737,9,31,14,17,0,0,0,4,17,97,3,9,2.865348356,4906,1180,9,639,638,1,27704,27562,142,311,311,0,1,100
79ce734e4d74393d1811149158782702eaab957e,1,1,0,1,0,0,0,5,5,36,1,1,0,95,20,1,7,7,0,564,558,6,2,2,0,1,100
b80cd70d9f1875fa199df16a4da52c5d58b245b4,3,33,9,24,0,0,0,4,4,120,1,2,1.087203337,348,0,0,34,30,4,1860,1804,56,19,18,1,1,100
e63fe1246049380e694a7d1157930c751b33a21b,3439,254829,340762,85933,1129,1636,2765,0,47,0,13,535,9.667910585,391968,134,1,43674,60465,16791,1595515,2351659,756144,19973,27338,7365,1,45.64009112
41cf4f3224063796e49529b09bf05fe12b162a2e,3439,340789,254856,85933,1636,1129,2765,1,78,11,13,535,9.667932015,306035,202,8,57678,46423,11255,2229254,1716882,512372,25866,21437,4429,0,45.64009112
d6f8afbbced0c92eb59ba40d43b225b9139c982a,1,1,0,1,0,0,0,5,5,36,1,1,0,95,195,2,7,7,0,564,558,6,2,2,0,1,100
3a66a47b45de82260ed6731f5af469da11165690,1,4,1,3,0,0,0,8,18,15,1,1,0,1203,203,8,169,168,1,5864,5836,28,104,104,0,0,100
e5ca0c97f31f4d2e92427c9ed2b00519985fc43c,3,43,51,8,0,0,0,7,18,85,2,2,0.592201208,2155,203,8,301,302,1,10464,10471,7,165,167,2,1,100
84d19c9ad66e2d24040c7e12dc96cef03ff7bcb3,3439,254817,340757,85940,1129,1636,2765,0,48,0,13,535,9.667762392,391964,1004,0,43671,60465,16794,1595452,2351686,756234,19972,27336,7364,1,45.64009112
83078fd4bee172ca069b968a0fc14edf2878abe6,3,27,13,14,0,0,0,2,7,671,1,2,1.570950594,769,1004,0,96,94,2,4293,4270,23,39,37,2,1,100
82deb62dd3a6f58e5569244517bc93647fcab2a2,3439,340813,254858,85955,1636,1129,2765,1,78,11,13,535,9.667875742,306038,155,0,57681,46422,11259,2229317,1716842,512475,25868,21438,4430,1,45.64009112
950e527d578d01f4db2c27f87b22b5ac16138d7a,0,0,0,0,0,0,0,0,0,0,0,0,0,0,1181,7,0,0,0,0,0,0,0,0,0,1,100
733d58cd687517678ebb6e78890327796fd0aef6,9,570,71,499,2,0,2,3,79,253,2,6,1.903388189,59359,20,1,12704,12595,109,407817,404701,3116,5466,5423,43,1,99.95979091
21bb1388414d373572779289edc785c7e5aa52aa,5,61,11,50,0,0,0,4,10,151,2,3,2.018633451,1215,196,3,136,129,7,6504,6379,125,65,62,3,1,100
f876b31f4b91960b9012a679d37f04a112424a9b,6,13,586,573,0,2,2,3,78,30,2,4,1.587158254,59535,203,8,12558,12677,119,402778,406076,3298,5402,5450,48,1,99.95979091
9938ed357847342143b2474c94d7de01e40839f9,3439,254841,340762,85921,1129,1636,2765,0,48,0,13,535,9.667845512,391969,1006,2,43674,60465,16791,1595509,2351665,756156,19974,27338,7364,1,45.64009112
a050ee8b1987c3fc37a7ee7be4231b108c779aa4,3441,341365,254868,86497,1638,1129,2767,1,79,11,13,535,9.668473123,306048,1182,8,57798,46423,11375,2232586,1716876,515710,25914,21438,4476,0,45.61930783
69801887c324a7c6366b2dbefbada4c4e6a48c8e,0,0,0,0,0,0,0,0,0,0,0,0,0,0,1183,9,0,0,0,0,0,0,0,0,0,1,100
d8807671627ee4add1bbe67e6ae19adbf8515938,3,42,47,5,0,0,0,7,20,82,2,2,0.352647324,2155,197,4,302,302,0,10492,10471,21,165,167,2,1,100
95db8fc039d810e1a609145dc6c5c7aa52b4fbab,2,24,34,10,0,0,0,3,4,637,1,2,1,189,1182,4,8,8,0,1055,1187,132,4,4,0,1,100
ffb60e0f9f756b25581df73c1061db5e9b2ad823,0,0,0,0,0,0,0,0,0,0,0,0,0,0,1183,5,0,0,0,0,0,0,0,0,0,1,100
86dfce168d8312361606bf51be432e046d9c3d18,1,2,2,0,0,0,0,3,3,272,1,1,0,79,1184,6,3,3,0,247,247,0,3,3,0,0,100
f0d0b3e88297051a2b35b39f909a31fa48a05299,4,37,27,10,0,0,0,10,16,758,2,4,1.441204723,507,206,11,48,48,0,3228,3095,133,13,13,0,1,100
307f01bf7c83512ca0762935d34c70ba6073b7b2,2,2,2,0,0,0,0,8,16,95,2,2,1,1451,3,1,208,208,0,8466,8467,1,53,53,0,1,100
dad6f1f51fdfb782510b3e95236a1a7e1f7dff6b,4,53,34,19,0,0,0,8,17,73,2,3,0.939216499,1720,22,2,242,239,3,9693,9565,128,76,73,3,1,100
a69cb004d0d1688ff1599d757d745cabb1bb4d87,3,33,52,19,0,0,0,4,16,4,1,2,0.799693893,537,1182,4,68,71,3,2892,3020,128,26,29,3,1,100
7893f432a812fc7562de735852dfc80d0be9025f,3,52,33,19,0,0,0,5,17,99,1,2,0.799693893,518,198,5,71,68,3,3020,2892,128,29,26,3,1,100
10f01f49c2166c803bf6ba46f3d6bb9203a9c440,1,1,1,0,0,0,0,8,16,57,1,1,0,1202,199,6,171,171,0,6673,6673,0,47,47,0,1,100
5204647e0513b9c3d1180c3a5fa79d413cd86cef,5,35,54,19,0,0,0,8,16,14,2,4,1.073213783,1988,207,12,276,279,3,11359,11486,127,79,82,3,0,100
aa4d93c9c3d75b12c00cbd8966f976e5ea107fbe,9,260,46,214,0,0,0,8,17,103,3,6,2.455228338,2623,1182,4,364,339,25,15830,14683,1147,126,111,15,1,99.983928
f05226009066263057838606da776af1fa2933c9,5,13,206,193,0,0,0,4,13,567,1,2,1.854072175,879,1182,4,64,86,22,3499,4492,993,33,45,12,1,99.983928
f964f3fb555b34c5328046ee3044b443d0f191ec,1,0,2,2,0,0,0,4,4,1125,1,1,0,32,206,11,1,1,0,148,175,27,1,1,0,1,100
24a6f43670f4e2489b9d826ca518482ed17d4475,1,2,0,2,0,0,0,4,5,203,1,1,0,30,200,7,1,1,0,175,148,27,1,1,0,1,100
f57a3e415b9a28798a9c7e85f70f3a1a5212c6a4,3,26,36,10,0,0,0,3,4,515,1,3,1.280601186,268,201,8,11,11,0,1302,1434,132,7,7,0,1,100
1ffa9167d7520822e4776d24889c0145c0b46af8,0,0,0,0,0,0,0,0,0,0,0,0,0,0,202,8,0,0,0,0,0,0,0,0,0,1,100
ba7c6a85fa49b2b1dfb66351fa0ff733811c068e,0,0,0,0,0,0,0,0,0,0,0,0,0,0,203,9,0,0,0,0,0,0,0,0,0,1,100
26d2f955251c0fa56520f6fe08cb35ef5171f321,1,1,1,0,0,0,0,10,16,62,1,1,0,249,204,10,37,37,0,1794,1793,1,6,6,0,1,100
1613206802ffa00f1b6b9ab56a741e86aeff6a5e,3,84,44,40,0,0,0,4,23,165,2,2,1.506855802,921,209,8,134,135,1,6138,5831,307,75,74,1,1,99.87950839
c14a9b53f2aa68c161063a5a5e141c4eab0356bb,16,167,233,66,0,0,0,3,22,393,3,6,3.545459056,2903,209,7,258,257,1,17143,17369,226,160,161,1,1,99.78290585
f237f3207afa6761c1948e0b0af33175337a3924,22,402,163,239,0,0,0,4,15,250,4,10,3.841423423,3109,1183,1,259,235,24,19001,17907,1094,144,132,12,1,99.87129987
f60e943a388f3e828d10237782c205781c3050bc,13,243,297,54,1,0,1,4,23,358,4,9,3.183749619,2327,210,8,251,271,20,13431,13601,170,126,132,6,0,99.21590817
db86bade005494aa26e782a3be5a64cb67ed522b,17,167,352,185,0,1,1,3,22,373,3,7,3.509297535,3022,210,8,258,262,4,17143,18067,924,160,166,6,1,99.11776609
76a8e62a019a412f038bae93d74104a9fceefcc2,1,2,1,1,0,0,0,5,10,660,1,1,0,754,4,1,97,97,0,4686,4688,2,28,28,0,1,100
528ab30b5c49dbeae37df4cb9a97c12ee8989c01,7,74,50,24,0,0,0,4,59,89,2,4,1.861498294,2435,211,9,268,263,5,14534,14423,111,101,97,4,1,100
83e5788c06863cbf4ad336dbfb142aa237b0cba0,3443,255114,341574,86460,1130,1638,2768,0,48,0,13,536,9.671860089,392746,104,0,43693,60607,16914,1597008,2356400,759392,19990,27405,7415,1,45.54157549
81307a50528f71c39786cab577edafe7151d18a0,3443,341535,254939,86596,1640,1129,2769,1,79,11,13,535,9.669651538,306091,3,0,57811,46428,11383,2232932,1717201,515731,25916,21440,4476,1,45.59439286
216ed738e5243d552ca20d2c9b13fb99c56e33e6,1,1,2,1,0,0,0,9,15,90,1,1,0,543,4,1,73,73,0,3051,3057,6,34,34,0,1,100
11383c2ae08bbadb10857bf0a9dd1eb69b7d2ccc,1,1,1,0,0,0,0,7,16,0,1,1,0,690,5,2,101,101,0,4196,4196,0,30,30,0,1,100
1ee9558d9ae356e4d332dd57c79debd89b147634,34,491,612,121,0,2,2,7,17,243,5,18,3.989357641,9073,6,0,918,925,7,56886,56791,95,403,402,1,1,99.774811
6872adfc260a9417e4dadc0e1c867476ed45bce6,7,73,87,14,0,0,0,1,59,89,2,4,2.116488389,2120,1184,2,204,202,2,12479,12679,200,100,98,2,1,100
8a16fec0d832f1beeb8bc22c1100d4562cda9b25,3443,255114,341574,86460,1130,1639,2769,0,48,0,13,536,9.671856941,392747,1007,1,43693,60637,16944,1596996,2357726,760730,19990,27422,7432,1,45.54157549
afe35f318489c86eca26064e3133e89b5591bf1f,3443,341676,255157,86519,1639,1130,2769,1,79,11,13,536,9.672149046,306287,1185,3,57823,46472,11351,2234486,1719669,514817,25934,21471,4463,1,45.54157549
daec24841501c911b06fc10a5c98956e40fc1cd4,12,393,248,145,2,0,2,8,18,94,1,6,2.405234015,5519,1186,4,652,639,13,36660,36341,319,249,245,4,1,99.8550958
bdcf1683732e9c5cf7fae3f5297295b12b37e26d,51,1078,1349,271,5,2,7,7,58,347,6,25,4.879898326,11217,206,1,1116,1167,51,68245,70463,2218,500,535,35,1,99.35369203
da9cb54904bc196dd689c265ce8373f8b3256e8d,53,1382,1080,302,2,5,7,8,59,184,6,27,4.923783977,12544,1187,5,1375,1322,53,80235,77803,2432,625,589,36,1,99.35369203
e2e0dbedfa4ac542f2dcfe40248ccf52d6b4e05e,3445,255130,341794,86664,1130,1641,2771,0,48,0,13,536,9.672752939,392982,2,0,43695,60655,16960,1597210,2358750,761540,19991,27428,7437,1,45.51667578
27498b32c1d8453a37c7793a761bd5d9ff1dbb93,0,0,0,0,0,0,0,0,0,0,0,0,0,0,1008,2,0,0,0,0,0,0,0,0,0,1,100
b82ffcffa386277892c275bc31b267ef3dd6fa60,3445,341845,255189,86656,1641,1130,2771,1,79,11,13,536,9.67298839,306318,0,0,57838,46465,11373,2234973,1719247,515726,25939,21465,4474,1,45.51667578
f6208b84c5a4eda09e18bf9ee31e12f43802f304,2,2,2,0,0,0,0,2,4,0,1,2,1,158,213,7,11,11,0,784,784,0,8,8,0,1,100
e463cf02df443ced705588bcfe2873bccc9ce8ce,3445,255153,341817,86664,1130,1641,2771,0,48,0,13,536,9.673006471,392974,0,0,43695,60657,16962,1597164,2358872,761708,19991,27429,7438,1,45.51667578
2e3f767353be09bf08b2c74738523acfac4a9491,3445,341876,255181,86695,1641,1130,2771,1,79,11,13,536,9.673114629,306310,214,8,57840,46476,11364,2235187,1720005,515182,25940,21473,4467,1,45.51667578
4e1e62667d97fe684b1d73cd8a1c41d3175cf6bc,3445,255153,341817,86664,1130,1641,2771,0,48,0,13,536,9.673006471,393005,106,1,43697,60659,16962,1597378,2359086,761708,19992,27430,7438,1,45.51667578
35d2ed49d5b367157b3f1351d23c10fcd57cd017,3445,341845,255180,86665,1641,1130,2771,1,79,11,13,536,9.673027845,306341,1188,6,57840,46478,11362,2235185,1720219,514966,25940,21474,4466,1,45.51667578
9109b617ba317dc61ce6157ecdf83e14d93488d1,17,582,658,76,5,0,5,4,8,669,1,6,3.687356086,1653,1189,7,149,179,30,8776,10098,1322,94,120,26,1,99.57969609
2d7c7d31679b16a8797f39ff3f1c8df2b63952d7,1,39,0,39,0,0,0,2,4,82,1,1,0,401,1190,8,36,33,3,2942,2633,309,29,27,2,1,100
b7e19c7b238da2ab4e89c09db2a60f61ba3ccfe6,3457,255784,342447,86663,1131,1647,2778,0,49,0,13,539,9.681599611,393403,106,1,43747,60672,16925,1599057,2359268,760211,20031,27435,7404,1,45.02656164
ba5260774bbd436e81da14a97c072e399a70a896,3466,343069,256015,87054,1653,1133,2786,1,79,9,13,540,9.686549562,307122,216,9,57934,46552,11382,2239566,1722251,517315,26001,21526,4475,1,46.10494269
c705eea6628504ee6c74cecf0f0e82c3356ef247,85,1653,2052,399,0,11,11,4,58,177,7,35,5.497212517,17765,1184,2,1749,1758,9,104378,105750,1372,842,844,2,1,97.54591514
07c795af5dd398832049262d25858ecc846f4ac5,65,1586,1419,167,8,0,8,5,59,337,7,35,5.292054664,15690,205,8,1691,1713,22,97485,97288,197,776,795,19,1,99.07908555
8cb4baf251d742e2d06bdb0f7853ea8b6783a567,69,1230,1605,375,0,8,8,4,58,182,7,38,5.252992089,18691,206,0,2166,2170,4,111905,113204,1299,990,983,7,1,99.09494949
6b043d794aa38acbb51b2903651d2a66100d5215,61,1575,1203,372,8,0,8,5,59,314,7,34,5.15844055,14831,206,9,1628,1626,2,94161,92893,1268,744,751,7,1,99.09494949
1768062f7b5f069a5a1b6a55218e6195f5e8f66a,16,83,1356,1273,0,1,1,3,80,163,2,10,1.843670994,64853,216,8,13297,13544,247,427998,436617,8619,5738,5849,111,1,99.77259807
e0795f12113e722726f6d05ace7db8d1c496d86d,0,0,0,0,0,0,0,0,0,0,0,0,0,0,217,9,0,0,0,0,0,0,0,0,0,0,100
96b702dfc8115918c01c68e79471460bc5b2b41a,20,1572,94,1478,1,0,1,4,79,100,3,12,2.41395011,64234,1191,7,13631,13360,271,441012,431322,9690,5893,5770,123,1,99.7564342
c4ed52e79732d0026f615f00ae6be4683dbf9c74,30,98,724,626,0,4,4,3,44,269,4,19,4.134303356,10111,216,8,1125,1175,50,48326,51466,3140,582,616,34,1,99.70757859
efb2e9a337f9320efd7e5873e493532aa58f341c,16,447,86,361,1,0,1,4,40,114,3,9,3.277650908,5062,207,9,766,740,26,30238,28193,2045,363,345,18,1,99.75619667
950bd1819cbef92ea12d93d2fae9324895e667a1,34,363,1576,1213,3,1,4,3,80,322,4,22,3.104960495,70134,218,10,13769,14016,247,452545,461140,8595,6023,6130,107,0,99.70757859
911a0d7006ca79ec41d9a5692fbd417f1931cbb4,38,1620,380,1240,2,3,5,4,79,128,4,22,3.257424789,69327,1190,4,14063,13815,248,463573,454832,8741,6157,6049,108,1,99.58681034
63017568eb543571804d0475c975a9c5382465f9,2,18,7,11,0,0,0,6,7,60,1,2,0.998845536,201,1191,5,31,28,3,1201,1151,50,10,10,0,1,100
d5ead66813937e4bb80bd7e0440a66eb987fc48f,3456,255833,342585,86752,1131,1646,2777,0,48,0,13,539,9.682375079,393537,1009,2,43748,60689,16941,1599382,2361198,761816,20029,27446,7417,1,45.1713111
3b5f9e7c75b378881060f454d39e6bf653e0bcb3,6,66,47,19,0,0,0,2,49,491,1,3,1.6952864,1709,1010,3,181,178,3,9775,9695,80,73,69,4,1,99.9894958
e21110d338fe8ca71b904682be35642a00de9e78,3464,343115,256029,87086,1651,1133,2784,1,79,9,13,540,9.686484472,307186,1192,8,57936,46567,11369,2240516,1723460,517056,26003,21536,4467,1,46.11733094
bfb267e8025092e72ad0d586e50e1182b54f3242,39,326,710,384,0,4,4,6,59,174,3,11,4.137978852,6534,1192,6,544,576,32,34097,36267,2170,289,316,27,1,98.12868291
c9e9a7c294458c8bb1166e0646a5fa580661e21e,33,688,297,391,4,0,4,1,60,287,2,9,3.913040568,4930,208,8,420,385,35,29733,27553,2180,244,217,27,1,98.12868291
c69a23cfe661afd7862201d94b45282e4450b9ee,79,2218,2882,664,21,21,42,2,5,272,1,32,5.663187078,6430,1193,9,441,541,100,30067,36176,6109,310,386,76,1,92.98742573
af42f434f4a4c3d9087c6058b359033736d3b5e8,0,0,0,0,0,0,0,0,0,0,0,0,0,0,1194,10,0,0,0,0,0,0,0,0,0,1,100
7f992a6b7474267691e48fd2e5a64230cda41390,3,89,50,39,1,0,1,2,5,0,1,2,1.452222489,241,221,10,18,16,2,1552,1482,70,13,10,3,1,99.98760843
e58ac3e033670aeb83e8543ab7b8779227ca10d8,77,16,7043,7027,0,74,74,6,20,273,3,12,5.696870404,7338,222,11,40,791,751,2031,39687,37656,11,402,391,1,92.35341601
da0bc6a75b2b395dfb8204a2f0f85ae0fe1566ec,108,6786,3159,3627,56,28,84,6,19,1213,5,20,6.109655324,4015,221,10,816,403,413,41326,19516,21810,419,241,178,1,91.98730985
3883bf74c7e706d83f3d721257a285f8fdf4b969,34,3122,54,3068,31,0,31,6,8,861,3,8,4.443988439,303,1195,11,357,25,332,16942,1639,15303,226,17,209,1,95.79281469
a7e817bcd1424d300ab5bad06c5d9f4729d9f347,77,16,7043,7027,0,75,75,6,20,273,3,12,5.696870404,7339,1196,12,40,791,751,2031,39687,37656,11,402,391,1,92.35341601
de59923e37911885975fc097d4313fae14ef5f37,1,1,1,0,0,0,0,6,8,132,1,1,0,108,23,0,15,15,0,575,575,0,2,2,0,1,100
ab0b1a80b4d8eb85e307bfaf344ea33b7a44ec7f,2,9,10,1,0,0,0,10,23,138,2,2,0.485460761,878,8,0,148,148,0,5091,5098,7,45,45,0,1,100
7a0fa47f76e5cdfc6a5a0b89352e191b17e74b13,0,0,0,0,0,0,0,0,0,0,0,0,0,0,223,3,0,0,0,0,0,0,0,0,0,1,100
5084c9756a4d792c4ac3a2a64e0d0ec2da8530e5,1,1,1,0,0,0,0,18,61,44,1,1,0,725,46,0,111,111,0,4164,4162,2,38,38,0,0,100
882cfff9f8249248ff09b5898389523512ede40b,3,11,9,2,0,0,0,9,60,66,2,3,0.74758468,2701,1197,5,413,413,0,14564,14548,16,185,185,0,1,100
f1e9a7941d6c90ab687a49eee49eb272e771d94b,3464,261427,340869,79442,1207,1651,2858,0,49,0,13,540,9.702361467,386629,1011,0,43786,59816,16030,1600695,2315094,714399,20054,26970,6916,1,42.24505622
82961751f9c09bccd776e6ad4c67006a5a93ce65,3464,340898,261457,79441,1651,1207,2858,1,79,9,13,540,9.702379106,307187,1198,5,57101,46462,10639,2197707,1716982,480725,25547,21468,4079,1,42.24505622
335b388aa6983ae22fb9411c738001a8084cff1f,3464,261427,340868,79441,1207,1651,2858,0,49,0,13,540,9.702361616,386628,1012,1,43786,59816,16030,1600695,2315087,714392,20054,26970,6916,1,42.24505622
7e271799adeeea24d4ac7b3477f4988c34cf7daa,0,0,0,0,0,0,0,0,0,0,0,0,0,0,109,0,0,0,0,0,0,0,0,0,0,1,100
93732d3114dc84a9baeb8f482b7b401be2d6ee08,0,0,0,0,0,0,0,0,0,0,0,0,0,0,1013,2,0,0,0,0,0,0,0,0,0,1,100
b9dbf8c9700c847e7d4fe0fd1e8b51b1fac9ef6c,3464,340898,261457,79441,1651,1207,2858,1,79,9,13,540,9.702379106,307187,1199,6,57101,46462,10639,2197709,1716982,480727,25547,21468,4079,0,42.24505622
5f386b1da383f6b4039d81074e5ce58c191483bf,1,1,1,0,0,0,0,6,8,132,1,1,0,108,1200,7,15,15,0,575,575,0,2,2,0,1,100
9cc5b72c1fae78c60061b9f3c3f3d41277ca93cf,0,0,0,0,0,0,0,0,0,0,0,0,0,0,1201,8,0,0,0,0,0,0,0,0,0,0,100
5ed30b564f37deba00318f330c2b6e2dcf731cdf,0,0,0,0,0,0,0,0,0,0,0,0,0,0,0,0,0,0,0,0,0,0,0,0,0,0,100
9394f82f6da85fac89e52ce50073cf337bb52990,3464,261427,340868,79441,1207,1651,2858,0,49,0,13,540,9.702361616,386628,0,0,43786,59816,16030,1600695,2315089,714394,20054,26970,6916,0,42.24505622
c8896efcca5b6101942f51434d2100f45df456c6,3464,339781,261457,78324,1651,1207,2858,1,80,9,13,540,9.71262759,307187,209,0,56856,46462,10394,2190064,1716982,473082,25442,21468,3974,1,42.24505622
31624a2d2f9ed2df0fd37ee871e45e321735d27c,31,4,3033,3029,0,30,30,7,9,240,2,6,4.309751054,3091,210,1,9,339,330,157,15390,15233,7,213,206,1,95.23639925
146beff6a5e7f0b39147bcf8e9f798c8738c2379,0,0,0,0,0,0,0,0,0,0,0,0,0,0,211,2,0,0,0,0,0,0,0,0,0,1,100
7c4ae00adb17bd0acb00263f5e3b000501e5b517,3436,261519,336814,75295,1209,1623,2832,0,49,0,13,540,9.695754424,382482,48,0,43786,59182,15396,1600695,2290001,689306,20054,26625,6571,1,42.40536655
eb7924a5c754e04566d6f64d57a2bc1910cac282,3436,336840,261541,75299,1623,1209,2832,1,80,11,13,540,9.695731452,307187,228,1,56527,46403,10124,2174841,1714822,460019,25236,21434,3802,1,42.40536655
8fb87ed7211cfde104ca1f5a2a3689190414ae2c,2,11,15,4,0,0,0,4,40,150,2,2,0.619382195,1824,228,1,326,327,1,10227,10231,4,126,126,0,1,100
4d43947dc87d490efbcdd446a6c45f79f7d9e6ea,7,50,98,48,0,0,0,7,81,299,2,7,2.575721723,5914,9,1,935,939,4,41614,41901,287,274,277,3,1,100
5ef7c1d3580f7a6ede03ecab7ca1fa6e86e03ed7,0,0,0,0,0,0,0,0,0,0,0,0,0,0,228,1,0,0,0,0,0,0,0,0,0,1,100
5c6e102aa4e4d5c8f9515fa919f38130872eb18a,7,143,88,55,0,0,0,6,80,144,1,7,2.255729271,6475,24,1,1031,1025,6,45622,45297,325,302,299,3,1,100
aff667643e220d4f5353a63b9a759d1646366224,6,39,87,48,0,0,0,7,81,179,1,6,2.313114943,5833,212,3,924,928,4,41101,41382,281,269,272,3,1,100
05d907b8b1390e39443487fe0d6a2a185344d256,8,143,99,44,0,0,0,2,80,258,2,8,2.419961111,6749,9,1,1054,1052,2,47009,46737,272,314,311,3,1,100
ec418b755e1b9828bd415fb885e8b83290459d88,9,103,143,40,0,0,0,1,81,132,3,9,2.500505096,8532,230,3,1368,1369,1,56455,56717,262,432,435,3,1,100
e8dc31d34c901d50d7de6a88d845f0ca22074c22,1,11,11,0,0,0,0,4,4,301,1,1,0,81,232,5,11,11,0,519,513,6,5,5,0,1,100
674a7cb4a1bae26b30a87b0d3d5204c48cd13ebe,1,7,4,3,0,0,0,2,4,1147,1,1,0,267,233,6,25,25,0,1431,1396,35,12,12,0,1,100
fe94434a48f4f5e4f3812f6787117fa2b57e6d5d,13,245,187,58,1,0,1,3,80,249,4,12,3.12580353,9124,9,1,1415,1412,3,61165,60866,299,452,448,4,1,99.92953404
d644636096c37fb7cace1b6823453d398f0a7024,10,117,151,34,0,0,0,2,81,265,4,10,2.704739152,8610,213,4,1379,1380,1,57009,57195,186,437,440,3,1,100
034ac677eb486a5bd07da28246d7682730cb5072,31,3381,362,3019,10,1,11,3,12,273,2,15,2.478034859,4331,11,0,636,440,196,43911,27170,16741,300,192,108,1,99.59571102
1828a17e553927419d380203055803647aab2aa1,0,0,0,0,0,0,0,0,0,0,0,0,0,0,214,5,0,0,0,0,0,0,0,0,0,3,100
d86ef7d2d5f21d5e4f29fce97a681f33c4ffa0ad,47,731,3682,2951,1,12,13,2,80,349,5,27,3.236846902,16844,0,0,1887,2077,190,90540,106519,15979,663,763,100,1,99.38466948
fdfeb14166301fed82b045f41934b693e95577c4,47,3645,770,2875,11,2,13,3,81,265,5,27,3.23737394,13931,1202,5,2077,1887,190,106450,90613,15837,763,663,100,1,99.38466948
4bc28e7e8ecd13ed7c0a7276927014be1b0dbaff,4,188,54,134,1,0,1,1,5,556,2,3,1.386323746,2252,234,7,216,209,7,14456,13698,758,108,102,6,1,99.85966143
88ba5f6cb042bd6bb7f499ea7f95749b2a3f96e7,2,40,21,19,0,0,0,5,7,12,1,2,0.349184374,273,12,4,45,43,2,1680,1646,34,20,18,2,1,100
73382d9ecee7dc193070ec136b34ea9ac568b20d,0,0,0,0,0,0,0,0,0,0,0,0,0,0,235,8,0,0,0,0,0,0,0,0,0,1,100
ecec9cf52e61ffd889e51309b1bc2c1df99d7366,2,2,2,0,0,0,0,1,2,8,1,2,1,888,12,1,47,47,0,4518,4524,6,32,32,0,1,100
66a1aa34141aa6f5b8b04c73935fd140cf47987e,3,3,3,0,0,0,0,1,2,4,1,3,1.584962501,2832,12,1,229,229,0,16670,16656,14,120,120,0,1,100
bc1078d9114da5840c133a56ffda5e1d917b023d,1,13,15,2,0,0,0,1,2,12,1,1,0,1944,12,1,181,182,1,12110,12146,36,88,88,0,1,100
422f2255732c7c01e905327cbc81fc3827b045fe,21,555,137,418,7,0,7,1,19,78,3,11,4.05428101,7706,13,4,886,848,38,46952,45336,1616,378,355,23,4,99.83362522
c9efe3be960b3144f0b64954b94f249cfbe50b2a,0,0,0,0,0,0,0,0,0,0,0,0,0,0,74,0,0,0,0,0,0,0,0,0,0,1,100
fc942ee10d86649db9e9b8ce3dc0a04ea23439ce,3456,261665,340515,78850,1210,1643,2853,0,49,0,13,545,9.706350601,386098,135,0,43793,59420,15627,1601076,2308561,707485,20057,26757,6700,1,42.20017174
e270a1eeab20d794dcc60a697c440b65b03aecc2,3456,340537,261687,78850,1643,1210,2853,1,81,11,13,545,9.706336118,307248,1203,5,56769,46405,10364,2193879,1714718,479161,25373,21432,3941,1,42.20017174
44cf25fa9987b8f91f0147580ab245d73de51928,2,2,2,0,0,0,0,1,2,8,1,2,1,888,1204,6,47,47,0,4518,4524,6,32,32,0,1,100
70e379f7beef92ec6292119161ade8f4b3d20bdd,1,1,1,0,0,0,0,2,4,7,1,1,0,1944,1205,7,182,182,0,12146,12138,8,88,88,0,1,100
16e500844481aaf8179ea786d00030b1f18729b0,1,12,14,2,0,0,0,2,6,0,1,1,0,1944,1206,8,181,182,1,12118,12146,28,88,88,0,1,100
bf81b6840dba16b506187c53448db8e09a6a9f14,25,740,275,465,3,0,3,3,82,121,3,17,3.643121427,13196,14,5,1607,1577,30,88485,85516,2969,602,589,13,3,99.78164032
154173a70fb0e1b11c08be9b4499c811c30163f1,3,16,18,2,0,0,0,1,6,6,1,3,0.640206433,2832,75,1,228,229,1,16636,16662,26,120,120,0,1,100
078e8cc239788bbec14a0e38492ed683341af7dc,23,284,748,464,0,3,3,3,81,315,3,15,3.634533442,12771,15,4,1530,1559,29,80999,83941,2942,557,570,13,1,99.78164032
9d36724e88f54ae48fd892b001eeb76313adc9da,31,822,290,532,3,0,3,3,83,156,4,21,3.906279673,16276,156,0,2021,1984,37,102841,99445,3396,761,745,16,1,99.76417154
c2931dab720a2f6dcafa80a2a771c970302dca86,10,31,100,69,0,0,0,2,82,140,4,9,2.52022603,10698,1207,9,1407,1415,8,65650,66103,453,481,484,3,1,99.98254799
0fe39c8844f1d7e508b4f314942e26ee66bb503b,10,120,31,89,0,0,0,2,84,128,4,9,2.397651364,10629,157,1,1419,1407,12,66214,65650,564,487,481,6,1,99.98254799
3358effa636d7e405971f3dc0ab19ed9ec8ae76d,4,13,33,20,0,0,0,3,85,0,2,4,0.927447923,5831,158,2,932,936,4,41937,42048,111,287,290,3,1,100
c12ddb3f7d6c28a35bd4c90b0df48f48715c3f6e,4,5,5,0,0,0,0,16,86,22,2,4,1.970950594,7594,159,3,979,979,0,46464,46459,5,330,330,0,1,100
4c42ee3d259d5d90a4e7d3445d1c119601eec6c7,1,24,25,1,0,0,0,2,7,1,1,1,0,1942,1208,6,181,181,0,12119,12118,1,88,88,0,1,100
4f8b0e39baf12b7e6993d6785822a2a01745a9cb,3459,261665,341043,79378,1210,1646,2856,0,49,0,13,545,9.708268895,386626,1014,0,43793,59447,15654,1601076,2311769,710693,20057,26767,6710,1,42.19405261
cac56053b40c888cc7e448f2b525c7baea419205,3459,341065,261687,79378,1646,1210,2856,1,86,11,13,545,9.708254377,307248,25,1,56805,46396,10409,2197256,1714557,482699,25389,21426,3963,1,42.19405261
5aff46584b8ee22fa8e80ef47f9cc385e5f11e14,2,5,4,1,0,0,0,2,5,427,2,2,0.764204507,118,1,0,12,12,0,602,594,8,5,5,0,1,100
88d19b09846838715218cfcb30fe72b6b906b546,2,4,5,1,0,0,0,3,4,519,2,2,0.764204507,119,236,5,12,12,0,594,602,8,5,5,0,1,100
806bb11ca26b5caa41c6d0ef7c4658855219cec3,1,0,124,124,0,1,1,3,3,347,1,1,0,124,237,6,0,16,16,0,684,684,0,8,8,1,99.98254495
8bbee40c3c2426aea9028290296cd758c3a3b567,23,220,43,177,1,0,1,2,13,1323,2,7,3.149508093,1614,1,0,182,166,16,6080,5412,668,130,122,8,1,99.98254495
42981a09361e34cac639a867fa32134c76e4cbbc,3472,261572,341136,79564,1209,1646,2855,0,49,0,13,547,9.709071395,387587,110,0,43875,59545,15670,1602828,2314189,711361,20128,26846,6718,1,42.20209724
2875c838a9577ca81e119de6601a0f5d0184b663,3458,341066,261554,79512,1646,1209,2855,1,86,11,13,545,9.707404617,307115,1209,7,56805,46380,10425,2197264,1713873,483391,25389,21418,3971,1,42.20209724
518f9470312170525fb50cc614a157547514b9b5,22,96,43,53,0,0,0,5,13,1369,1,6,4.07149702,1614,1210,8,166,166,0,5396,5412,16,122,122,0,1,100
04f75bfad131ac2be4450433231814f3eba25717,1,1,1,0,0,0,0,3,5,287,1,1,0,406,26,1,53,53,0,2177,2171,6,18,18,0,1,100
43faecc870468a00d5f1b2d5ba1c5c4274ae77b0,3473,261706,341137,79431,1210,1646,2856,0,49,0,13,547,9.709930855,387588,136,1,43891,59545,15654,1603514,2314209,710695,20136,26846,6710,1,42.19405261
dd90dcadd63c579838e32090c491c9192a9105c5,3473,341181,261740,79441,1646,1210,2856,1,86,9,13,547,9.710032911,308157,1193,0,56907,46494,10413,2199752,1716995,482757,25468,21505,3963,1,42.19405261
c4966d4b2c2386a54b7fadf2b08e8d454fddb219,3473,261690,341129,79439,1210,1646,2856,0,49,0,13,547,9.709792156,387598,960,0,43895,59549,15654,1603558,2314265,710707,20136,26846,6710,1,42.23111365
ea84f47e12c65ba0f1e6856a1c8eef9c758a671d,0,0,0,0,0,0,0,0,0,0,0,0,0,0,49,0,0,0,0,0,0,0,0,0,0,1,100
b8f2039d64cea990917540f1e0f4a3dacca14db0,1,1,0,1,0,0,0,16,49,39,1,1,0,2599,1015,1,53,53,0,5231,5229,2,47,47,0,1,100
2f399579d2ab990946b0b7a5b36c9b0340019c82,3473,341177,261749,79428,1646,1210,2856,1,86,9,13,547,9.710077411,308160,1211,8,56903,46498,10405,2199690,1717041,482649,25468,21505,3963,1,42.23111365
47575ec6f0a5f3d1bf7dfb6153e9827bc8791e84,4,58,48,10,0,0,0,3,42,187,3,3,1.228770995,2287,215,0,367,363,4,13752,13684,68,152,152,0,1,100
aa6bc4d2cc49a36f65dcf9c4792c426f17fff069,1,0,124,124,0,1,1,3,3,347,1,1,0,124,216,1,0,16,16,0,684,684,0,8,8,1,99.98254495
fe56cfc5a63b7714d6afb486658daff10d0ee78d,3471,261558,341005,79447,1209,1645,2854,0,49,0,13,547,9.708113978,387474,50,1,43879,59533,15654,1602876,2313593,710717,20128,26838,6710,1,42.24721243
9f815caafe82164e1b22ddfacdc227f28cb4afad,3471,341027,261580,79447,1645,1209,2854,1,86,9,13,547,9.708099443,308027,216,0,56890,46482,10408,2199070,1716357,482713,25460,21497,3963,0,42.24721243
2d2e80bfd531e86fb0a1c7c7bdd4ce238f31108d,2,35,6,29,0,0,0,1,11,37,2,2,0.461216041,467,16,0,42,41,1,2955,2651,304,14,14,0,1,100
91458a32cded87fb64dbb1b22db8059edd6af99d,2,10,37,27,0,0,0,1,17,106,2,2,0.746736607,1126,27,1,133,132,1,6168,6460,292,53,53,0,1,100
066c967990002d553d1f2239b43051412171c359,2,37,10,27,0,0,0,1,16,56,2,2,0.746736607,1099,217,2,132,133,1,6460,6168,292,53,53,0,1,100
3274324a237403aebca2e2b2d6d4d2b3a7dac4c4,4,45,51,6,0,0,0,1,19,73,2,3,1.801836476,2244,1194,1,230,229,1,15896,16019,123,95,95,0,1,100
288eb7fad97adea12c69bc610c30fb9bf7807fd2,5,53,47,6,0,0,0,1,18,130,3,4,1.972055206,2554,218,3,265,267,2,17786,17667,119,107,107,0,1,100
26bfefb258282ab90b1577dd332c0d4e5cef87a8,3,14,39,25,0,0,0,1,18,0,3,3,1.128499237,1442,28,2,170,168,2,7949,8227,278,65,65,0,1,100
cd3e471407495702d87e9f3f0f416cfa451a7f09,4,45,26,19,0,0,0,8,20,9,1,3,1.791298191,3014,1195,2,352,352,0,20320,20129,191,144,144,0,1,100
8df4ce27c1c689bd1e0d1e771b2506f2e05dbefc,6,54,48,6,0,0,0,1,18,120,3,5,2.072620456,2731,17,1,283,285,2,18849,18762,87,110,110,0,1,100
c179ea7ea1d7619d2a377f9961a9d45d47c3fbfe,1,2,2,0,0,0,0,2,3,86,1,1,0,177,27,1,18,18,0,1063,1063,0,3,3,0,1,100
8ea2679d47dd14443f44944fed98b9e7b6c6c516,1,2,2,0,0,0,0,1,3,74,1,1,0,177,219,4,18,18,0,1063,1063,0,3,3,0,1,100
88fc18b2f2d031e9915b852e16cd406fbc21a91e,1,8,4,4,0,0,0,9,18,2,1,1,0,946,220,5,128,127,1,5294,5276,18,51,51,0,1,100
17a69e001dac77108b32a71b13296167ae607130,3,41,18,23,0,0,0,8,20,0,1,2,1.366874848,2064,221,6,225,224,1,15044,14835,209,93,93,0,1,100
ffb7351f9c3a38b33e9b0eefa150c74a0933da89,3,49,1,48,0,0,0,3,46,173,2,3,1.142517111,2387,76,0,125,120,5,8150,7805,345,80,78,2,1,100
26a6c878ce368ddba026a2977f484523a70f3d56,4,4,51,47,0,0,0,16,87,337,3,4,1.478148906,7153,76,0,892,897,5,42903,43236,333,283,285,2,1,100
4300e944a0d453191c23ef4d818956a8f84eb5f0,4,196,28,168,1,0,1,1,86,110,3,4,1.454024702,5009,1196,2,821,813,8,36890,36617,273,227,224,3,1,99.98254495
b99982ef3518ffbd502e0e43d57030dfc090ec32,4,26,195,169,0,1,1,3,13,27,3,4,1.391810574,636,222,6,59,67,8,2582,2867,285,22,25,3,1,99.98254495
7da6d6ab5cdc6cc9de137a9623acbb6edc4da73d,3,49,1,48,0,0,0,3,46,173,2,3,1.142517111,2387,223,7,125,120,5,8150,7805,345,80,78,2,1,100
bc06df529721e0684abc335b7868092c9ab0773c,1,3,2,1,0,0,0,16,87,73,1,1,0,4718,224,8,772,772,0,35098,35086,12,205,205,0,1,100
e39988646d9ed3e96d129c85b65a0ddeb4233910,12,299,42,257,1,0,1,5,86,235,1,6,2.75434417,9361,1196,2,1287,1248,39,55204,53950,1254,420,409,11,1,99.95635856
c7d9d68ade30ffa241a2688ce6552d6a2e18745d,15,234,322,88,1,1,2,1,87,108,3,9,3.166163949,9908,225,8,1297,1328,31,55754,56723,969,431,439,8,1,99.93891265
f2ced23fa4e3f699558663baef4ee582ee148fa2,1,2,2,0,0,0,0,7,15,3,1,1,0,286,226,9,33,33,0,1172,1172,0,16,16,0,1,100
0ab866c911b906071865410c03446673a4f07862,10,16,16,0,0,0,0,2,88,123,4,10,3.233458593,7527,2,0,1055,1055,0,51861,51857,4,334,334,0,1,99.96509294
e6ff07180a9fb209c56bf38dc2eaf68f09a572a6,21,313,55,258,1,0,1,1,87,153,4,14,3.157433025,12169,227,10,1570,1531,39,71975,70713,1262,549,538,11,1,99.92146597
60634d32acb89482c9524f7ab5a029dc5b8b1163,10,16,16,0,0,0,0,2,88,123,4,10,3.233458593,7527,228,11,1055,1055,0,51861,51857,4,334,334,0,1,99.96509903
620ccf9c1d8d2205182bcd6b595529f5c6a5df8d,13,41,25,16,0,0,0,1,87,58,4,12,3.380944029,11094,2,0,1276,1275,1,67051,67001,50,459,459,0,1,99.96509903
8f9061a1b7c56499a42bcb406a11287955cfce73,10,16,16,0,0,0,0,2,88,123,4,10,3.233458593,7527,229,12,1055,1055,0,51861,51857,4,334,334,0,1,99.96509903
45fc760dc0211253add9ed5d6219104ac8342715,3,12,4,8,0,0,0,17,89,120,2,3,1.405639062,6202,78,2,1034,1033,1,42914,42885,29,286,285,1,1,100
38d59713486e1d74edae92e1577bf2d0b3942b22,5,51,55,4,0,0,0,4,88,129,3,5,1.473220944,6545,1198,4,1072,1073,1,44492,44491,1,303,305,2,1,100
da554572000b802681876fd6ec5e9d12359675c8,7,72,57,15,0,0,0,3,31,48,3,6,2.002618372,3996,217,0,265,263,2,19873,19795,78,131,130,1,0,100
0d7b97570b2da2a5b9145e0cacf24a6fa8108c99,5,10,29,19,0,0,0,2,30,44,2,4,1.936115736,3676,1198,4,224,226,2,18188,18296,108,112,112,0,1,100
14965c706c04686b8bc9f376c17f63c1cc82e208,1,2,4,2,0,0,0,2,8,98,1,1,0,1941,18,1,181,181,0,12115,12119,4,88,88,0,1,100
f3c14378e4ef48e1516242acd2fd24d287702e98,4,16,6,10,0,0,0,2,89,90,3,4,1.867633891,8141,230,13,1215,1214,1,55033,55000,33,374,373,1,1,100
a805c70b210f47cb4a5192a6692888637a81f654,4,366,32,334,0,0,0,2,88,110,3,4,0.299721135,8151,18,1,1237,1215,22,57526,55033,2493,388,374,14,1,100
a5384aa845496a7e584bd947cace968a18b7ffdf,5,35,368,333,0,0,0,2,89,100,4,5,0.392360029,9210,160,0,1326,1348,22,59207,61690,2483,412,426,14,1,100
5a1539fdad4ae4300d64e8afbd7008be36f4e9b7,3,49,46,3,0,0,0,4,61,114,3,3,1.021455466,1061,231,12,150,150,0,5771,5751,20,56,57,1,1,100
a35459d98c2c7e24d7acb5f9b90e925b1bb22be7,8,470,81,389,0,0,0,3,88,85,3,8,1.056866558,8613,19,2,1284,1262,22,59511,57048,2463,410,395,15,1,100
6d58e63eb085ef21adf9170fbc3e9eb93db0c621,7,35,428,393,0,0,0,1,89,167,3,7,0.385033088,9361,1198,2,1312,1334,22,59161,61648,2487,410,424,14,1,100
834eb107e1024626daf90e34dc041ab544770380,8,77,54,23,0,0,0,4,31,97,3,7,2.086014254,4686,232,13,354,352,2,23617,23485,132,163,164,1,1,100
5b0afe2fc8c12a5815da4c2dc2b85b91a96f15d9,0,0,0,0,0,0,0,0,0,0,0,0,0,0,233,14,0,0,0,0,0,0,0,0,0,1,100
66ce42a5620bda5a26b510cf8bde131ecb4c811e,10,57,88,31,0,0,0,3,88,69,3,9,2.43769998,10225,217,0,1296,1299,3,62650,62817,167,416,416,0,0,100
a1e6e98c6b7dab0005d56af8d17525bd6a90c314,10,90,61,29,0,0,0,4,89,77,3,9,2.476461419,10194,234,15,1299,1296,3,62813,62650,163,416,416,0,1,100
f5a410ba34374023b89876b310a95c3be9dd1c3c,3,423,22,401,0,0,0,1,13,74,1,3,0.083000926,2061,235,16,214,191,23,15063,12541,2522,106,91,15,1,100
9f77b88e6151da367f34e6825fe82b063e1eaa95,1,1,1,0,0,0,0,6,6,191,1,1,0,273,1,0,48,47,1,1218,1210,8,44,44,0,1,100
ceabe3613cd1ccdc5419b5da5fcab4ff988f305b,2,3,2,1,0,0,0,4,7,124,2,2,0.970950594,454,1200,4,67,67,0,2329,2320,9,47,47,0,1,100
fdab9f5163ad5b56049fe4d51c7a0542048c3873,2,2,3,1,0,0,0,4,20,16,2,2,0.970950594,717,1200,4,91,92,1,4136,4147,11,36,36,0,1,100
0f89cd8ab29f7db4ceed9afee4a329ff756ce3d4,2,4,3,1,0,0,0,11,62,116,2,2,0.863120569,1260,236,17,183,183,0,7202,7198,4,71,71,0,1,100
4605ae0a34858309171e726e1924b9a37695c977,1,1,1,0,0,0,0,5,10,17,1,1,0,694,237,18,89,89,0,3720,3714,6,33,33,0,1,100
2e0a01e5e4e36169ef2a45bf5dcd72792231ee07,3473,261558,341983,80425,1209,1647,2856,0,50,0,13,547,9.709095101,388453,137,0,43879,59613,15734,1602883,2318789,715906,20128,26869,6741,1,42.22010481
b230decc6ca351aa24a5aedd7335a12217e00367,0,0,0,0,0,0,0,0,0,0,0,0,0,0,111,0,0,0,0,0,0,0,0,0,0,1,100
0e765f89e674f7e0a05746f5cce8ace193180837,3473,342005,261580,80425,1647,1209,2856,1,89,9,13,547,9.709080688,308028,238,0,56971,46482,10489,2204264,1716364,487900,25491,21497,3994,0,42.22010481
26cb516f7e0ae233a0c8a0e7daebf372c240de1d,1,1,1,0,0,0,0,11,20,19,1,1,0,535,238,19,72,72,0,3034,3028,6,33,33,0,1,100
4ae59104e6995779577c8479b12f1fcc96bbda3d,1,1,1,0,0,0,0,11,21,8,1,1,0,535,239,20,72,72,0,3034,3034,0,33,33,0,0,100
80104fa457ec9e93eaeefb483da5e06a2ebdfd11,0,0,0,0,0,0,0,0,0,0,0,0,0,0,240,21,0,0,0,0,0,0,0,0,0,0,100
dc70ffdba026180f434997a87ed3434c409eb237,1,2,1,1,0,0,0,4,7,9,1,1,0,181,241,22,20,19,1,1119,1102,17,3,3,0,1,100
7607778bb5387a98f2e0bf5cb0c70e69c967d137,6,155,7,148,0,0,0,4,90,95,4,6,1.435901491,6531,1201,5,1059,1019,40,46655,45700,955,311,305,6,1,100
37d22b8df999c5293bd1f4eea6f10b809c3c2f87,7,8,156,148,0,0,0,4,89,85,4,7,1.513407743,6952,242,23,1067,1106,39,46918,47865,947,349,355,6,1,100
5c47b2d7c1f3628c892e16b4d0f2dc78beddbb28,5,51,6,45,0,0,0,9,15,128,2,3,1.84839958,1695,30,1,152,147,5,11270,11048,222,114,110,4,1,100
8c90f12dda92eb7b7f93d3d9286ba6035e07127f,97,1384,1034,350,4,2,6,2,90,257,5,43,5.690605001,32674,239,1,3627,3620,7,210683,208114,2569,1506,1499,7,1,94.14704388
13e4f84e0c6ff1c8c3058db646666e6e615942ee,96,985,1380,395,2,4,6,1,89,101,5,44,5.641238029,33173,219,2,3646,3658,12,208735,211526,2791,1525,1536,11,0,94.14704388
02428594b53801572f657f4d0bff85b2213b3723,96,1593,969,624,4,2,6,2,91,260,5,44,5.433704372,32778,15,0,3678,3646,32,213021,208735,4286,1542,1525,17,1,94.14704388
eaed3cbf3610bbefb9466f2c40db1e0e2a20ca9c,2,32,261,229,0,0,0,17,90,104,2,2,0.058925029,5272,243,24,820,839,19,36551,38038,1487,249,255,6,1,100
8b0b7fe3ab75bef87cb1723205c54df58c8279d4,95,984,1379,395,2,4,6,1,89,100,5,43,5.636152568,32900,220,3,3598,3611,13,207517,210316,2799,1481,1492,11,0,94.14704388
9d3feb0e18a96a90cdce9c2ff1727c9c9ecca4a1,103,2046,1497,549,6,2,8,2,91,250,5,49,5.227245989,36913,1203,7,4215,4199,16,242224,238877,3347,1695,1672,23,1,92.66750018
15a62dde69d1a39993268ba23383dcc87a328d6b,4,375,389,14,0,0,0,1,92,0,2,3,0.363644312,7534,1204,8,1125,1131,6,54959,55008,49,323,328,5,0,100
4c1ba85a6d1547ce2424902dca9aed8856ddbf69,0,0,0,0,0,0,0,0,0,0,0,0,0,0,1205,9,0,0,0,0,0,0,0,0,0,0,100
83fea15d7bf240453d35a18958bece29df5489c9,0,0,0,0,0,0,0,0,0,0,0,0,0,0,244,25,0,0,0,0,0,0,0,0,0,1,100
392803c9bb2fe81a5df57f695a0e6d7c37bd1f2e,11,1078,974,104,0,2,2,6,92,70,2,8,1.76965342,9667,240,2,1453,1429,24,69898,68802,1096,456,455,1,1,95.5102919
b9e841d11bcaa7d2cc9673396a95948a508e0853,11,974,1078,104,2,0,2,1,92,125,2,9,1.76965342,9771,245,26,1429,1453,24,68802,69898,1096,455,456,1,1,95.5102919
0cc1ec486fe851790469490a6283a944aadcdd4d,0,0,0,0,0,0,0,0,0,0,0,0,0,0,1,0,0,0,0,0,0,0,0,0,0,0,100
5bd07de48b7ae5be2ce0f59f2d96eaec22b2e001,0,0,0,0,0,0,0,0,0,0,0,0,0,0,1206,10,0,0,0,0,0,0,0,0,0,1,100
8c817e81f942bd9f01752b776de25aba65b640aa,4,153,4,149,0,0,0,17,94,114,3,4,1.24567316,5810,246,27,955,914,41,42147,41169,978,274,268,6,1,100
028589cabe85f2fcb76909ea891c52df092600b1,4,50,5,45,0,0,0,9,17,60,1,2,1.688342354,1424,247,25,105,99,6,10081,9851,230,70,66,4,1,100
6d0f2ebd2ffb728a1e9292455ac642665796a2ea,2,4,4,0,0,0,0,3,3,2,1,1,1,155,248,26,21,21,0,490,490,0,17,17,0,1,100
b1a535de35b8813a84d1cf6d95bc811fa0a58381,1,11,3,8,0,0,0,2,5,312,1,1,0,132,1207,11,17,16,1,868,822,46,6,6,0,1,100
e3cdca429a67da09a028fe39981a4c5f868e420d,1,1,1,0,0,0,0,2,6,1,1,1,0,140,1208,12,17,17,0,868,868,0,6,6,0,1,100
839071367754338b83096e9d1f908f859e9d5493,2,19,15,4,0,0,0,2,19,314,1,2,0.908178347,1073,1207,11,184,184,0,7194,7172,22,73,73,0,1,100
7ec618c10b95392fa9a033e360f1b2ac035b05ad,4,279,47,232,0,0,0,6,97,0,2,4,0.6316958,5887,249,27,980,959,21,43979,42444,1535,293,285,8,1,100
8896502d775531f2a313787a82ea78ee707ef1d9,0,0,0,0,0,0,0,0,0,0,0,0,0,0,250,28,0,0,0,0,0,0,0,0,0,1,100
f89349ca83662d088f02a3ea1382109982d8cf06,4,49,280,231,0,0,0,6,94,28,2,4,0.670471215,6119,1208,12,959,980,21,42444,43979,1535,285,293,8,1,100
f72ef8331ad59d5e47b01a01e3cf62e3ae6ad5c7,4,291,52,239,0,0,0,6,97,0,2,4,0.820565375,5888,251,27,981,959,22,44025,42444,1581,293,285,8,1,100
b2a1a5872bf78d516417b326f06f85774b0c4d48,2,18,5,13,0,0,0,3,20,1,1,2,0.987692509,1073,252,28,185,184,1,7240,7172,68,73,73,0,1,100
70dd313e2be5c6ea6ca7d30fbdb05960cc3c6b33,6,366,128,238,1,0,1,5,43,220,2,3,1.849746851,4518,1212,15,601,582,19,27640,26545,1095,277,272,5,1,99.96822774
e736c4b44e94723be4c1efc06e4e9d2e9bd0314a,6,128,366,238,0,1,1,4,42,204,2,3,1.849746851,4756,875,0,582,601,19,26545,27640,1095,272,277,5,0,99.96822774
1f1fb0a129a2bbf3a5065af08fc28e309612dea6,6,423,127,296,1,0,1,5,44,75,2,3,1.98710937,4518,1213,16,603,582,21,27912,26545,1367,278,272,6,1,99.96822774
442372eb5b72ffda8171200db7d2c94ea87f28f5,6,127,423,296,0,1,1,4,42,204,2,3,1.98710937,4814,876,1,582,603,21,26545,27912,1367,272,278,6,0,99.96822774
062bb2f158a66b802a3ad7bdda14fb8f70cf9b88,0,0,0,0,0,0,0,0,0,0,0,0,0,0,877,2,0,0,0,0,0,0,0,0,0,0,100
94c6a644aeb27b6c689d7b9f68bd2e7adb5c8734,0,0,0,0,0,0,0,0,0,0,0,0,0,0,878,3,0,0,0,0,0,0,0,0,0,0,100
0db99bcbf4e9edc8f7f1eb16143075bb4ee80806,1,0,4,4,0,0,0,17,98,8,1,1,0,4965,1212,14,784,784,0,36354,36386,32,210,210,0,1,100
b187971e0da0238c6beba200b01fb738a6f848d8,1,4,0,4,0,0,0,17,97,3,1,1,0,4961,0,0,784,784,0,36386,36354,32,210,210,0,1,100
6d77f0a977d2276daa2f985864b41abac4f59c3f,3477,261561,342981,81420,1209,1651,2860,0,50,0,13,548,9.712873065,389448,0,0,43879,59696,15817,1602883,2325083,722200,20128,26905,6777,1,51.36162128
490fe49afac3b86057f713daf473d03dcf165569,3477,343011,261583,81428,1651,1209,2860,2,97,9,13,548,9.712836062,308028,21,3,57054,46482,10572,2210518,1716364,494154,25527,21497,4030,1,51.36162128
d4a5fa1499b60b68b8d5c5843a1ec5cbd2f644d9,1,4,12,8,0,0,0,4,13,0,1,1,0,2347,253,23,206,206,0,14655,14655,0,103,103,0,1,100
ce1d862eea00e341f1a5a3fde6670e6750b25ee6,3477,261561,342981,81420,1209,1651,2860,0,50,0,13,548,9.712873065,389448,51,0,43879,59696,15817,1602883,2325083,722200,20128,26905,6777,1,51.36162128
5334e0c2f13e282ff6c4a8e536268816b97f81c6,3477,342999,261583,81416,1651,1209,2860,2,98,9,13,548,9.712876996,308028,254,24,57054,46482,10572,2210486,1716364,494122,25527,21497,4030,1,51.36162128
9d083fa919e0000d9b74938b80459c8833b116b3,0,0,0,0,0,0,0,0,0,0,0,0,0,0,255,25,0,0,0,0,0,0,0,0,0,1,100
bca4761d7b36296f12b64c7575b57085d1f3ec1e,6,423,127,296,1,0,1,5,44,75,2,3,1.98710937,4518,256,26,603,582,21,27912,26545,1367,278,272,6,1,99.96822774
4c3a9bdc0cf217fab94cd2fc8bc8df0959e579cc,1,12,4,8,0,0,0,5,17,2,1,1,0,2375,257,27,211,211,0,15065,15065,0,104,104,0,1,100
24a28eaadd17d2594eb88e098455d68aa74380a7,3,42,39,3,0,0,0,2,99,225,1,3,1.524790037,5248,221,3,792,794,2,38051,38025,26,218,218,0,0,100
2b9f404cc29f1b46008cdf7ae0d2337dc905a47b,5,41,48,7,0,0,0,8,98,107,2,5,1.913712563,5677,31,1,827,825,2,40730,40752,22,236,236,0,1,100
53434b7eb8388455f43826519ba1a40bff1493d2,5,48,41,7,0,0,0,7,99,140,2,5,1.913712563,5670,258,20,825,827,2,40752,40730,22,236,236,0,1,100
c367f9af74669ae5a1f314b826fa9057cdfd546f,2,2,6,4,0,0,0,8,16,26,1,2,1,426,259,21,33,33,0,2705,2701,4,18,18,0,1,100
d7d2c62312d2e3ed73273a88359d1e2f35a0ecbc,5,110,93,17,0,0,0,7,99,105,2,5,1.350517952,5673,31,1,829,825,4,40822,40756,66,237,236,1,1,100
50bcb3c20a2c7ef77fbeac47ed8354b586b43d99,5,95,112,17,0,0,0,8,99,144,2,5,1.334657852,5690,2,0,825,829,4,40756,40822,66,236,237,1,1,100
954c810e150971e94219ec192f16fdd7d772d8df,2,68,40,28,0,0,0,3,18,26,1,2,0.99107606,3080,22,1,243,241,2,18751,18613,138,136,134,2,1,100
c47c23cf8140db59c2ad76bd3ac5ef17ceb8fad4,3,101,113,12,0,0,0,3,101,11,2,3,1.463660786,8049,260,18,1021,1021,0,54951,54993,42,345,346,1,1,100
39d28387296a57835947da45f4c5c1f92eb676e6,2,53,69,16,0,0,0,4,99,247,1,2,0.208180946,5086,32,1,796,798,2,36902,36998,96,212,213,1,1,100
1f5ce4131ecbf27255f6c1dd7beba5c1b0794104,3,73,54,19,0,0,0,6,101,63,2,3,0.567591879,7453,240,0,1011,1007,4,52083,51967,116,317,316,1,0,100
e1815c1e8aa5280838eae32d9a0cb914b8fef57c,1,3,6,3,0,0,0,5,17,2,1,1,0,2386,2,0,211,213,2,15065,15085,20,104,104,0,0,100
ad63cc20ff0df278eaf55b3df28de62d6584790a,0,0,0,0,0,0,0,0,0,0,0,0,0,0,261,14,0,0,0,0,0,0,0,0,0,1,100
7811fd02c5880067593a809024893268ea629db4,2,53,69,16,0,0,0,4,99,247,1,2,0.208180946,5086,33,2,796,798,2,36902,36998,96,212,213,1,1,100
9e84142c84ea4975d6b446c1aaea19e04daa120c,1,2,2,0,0,0,0,4,6,3,1,1,0,129,34,3,18,18,0,660,660,0,2,2,0,1,100
0b32a2950c61814ec6f9a9d73a82242559bb003f,1,2,2,0,0,0,0,4,7,0,1,1,0,129,35,4,18,18,0,660,660,0,2,2,0,1,100
a930e078db453bc933e775cb16cd9733a1e49e73,2,69,53,16,0,0,0,3,101,87,1,2,0.349184374,5070,1,0,798,796,2,36998,36902,96,213,212,1,0,100
d1b6f76381ec8d8aca4d28fdec5e82711ed06176,1,46,0,46,1,0,1,1,1,0,1,1,0,0,240,0,2,0,2,286,0,286,1,0,1,0,99.97459188
fe3cfdf0afb111ac16479a059e8aae54fd0a0321,2,4,50,46,0,1,1,4,7,0,2,2,0.605186577,175,262,11,18,20,2,660,946,286,2,3,1,1,99.97459188
353399a1f67cb0d3c227b60c1e29995ac31744b4,1,6,3,3,0,0,0,6,18,18,1,1,0,2383,241,1,213,211,2,15085,15065,20,104,104,0,1,100
a6f76df3f2a15bc1f8b88e7f432efaa0cdf8eed9,0,0,0,0,0,0,0,0,0,0,0,0,0,0,263,12,0,0,0,0,0,0,0,0,0,0,100
9cad3415e597bd25534d64271109653676d9be46,2,15,6,9,0,0,0,8,32,43,2,2,0.918295834,1330,37,6,16,16,0,3571,3571,0,10,10,0,1,100
2bc519f083832bd1b5a458c6b6529c6c16fd69ce,4,74,55,19,0,0,0,3,31,18,2,4,1.620172301,4422,264,13,261,259,2,22342,22204,138,146,144,2,1,100
ee516cebb6fe2ad516df6444087dc02d44e93c98,3,43,74,31,0,0,0,3,17,64,2,3,1.290043385,3240,240,0,259,263,4,19273,19431,158,136,138,2,0,100
a9ff4403b74fb5df3b751916b00b7ac05f431a2e,0,0,0,0,0,0,0,0,0,0,0,0,0,0,240,0,0,0,0,0,0,0,0,0,0,1,100
dad7410e2db0e1bfa801ae2d33525bc9619c8abd,3,78,47,31,0,0,0,3,20,15,2,3,1.278678952,3209,241,0,263,259,4,19431,19273,158,138,136,2,0,100
d012f6c323d29a48ded29ff2ef86d77970a5d080,5,53,40,13,0,0,0,3,8,50,1,2,1.863939881,1173,1215,2,97,88,9,7402,7405,3,36,36,0,1,100
c8ce783f2fe5e444a97ea385a33ad300f99f67ff,9,134,194,60,0,0,0,2,99,212,2,6,2.565342137,9383,222,1,1125,1140,15,62920,63171,251,382,385,3,0,100
7b3cf31d009971ba66644462cad55a10c0af17ba,4,143,96,47,0,0,0,3,101,12,2,4,1.667236565,8150,244,4,1043,1037,6,55769,55515,254,349,346,3,1,100
b6b2b7d143642b5cbcbfce86b9da8e77292368a9,0,0,0,0,0,0,0,0,0,0,0,0,0,0,265,12,0,0,0,0,0,0,0,0,0,0,100
e82052339bd0567d132017ace4e303be3056c82f,1,46,0,46,1,0,1,1,1,0,1,1,0,0,266,13,2,0,2,286,0,286,1,0,1,1,99.97459188
e63dee617bdbdb8294978ab8442b2dd1e007b2b9,5,57,118,61,0,1,1,3,32,22,3,5,2.134118294,4487,38,7,260,263,3,22241,22628,387,144,147,3,1,99.97459188
e5e0ddec875534af34d8499523530f34ede086c8,7,123,67,56,1,0,1,3,48,26,4,6,2.285689353,7560,37,6,495,492,3,33718,33357,361,303,300,3,1,99.97459188
bfcbf2c8e35518de02f6326cd10aad6c7cf7ad92,7,59,41,18,0,0,0,3,47,58,3,4,2.140804835,4302,267,14,329,320,9,18518,18495,23,192,192,0,1,100
06a64949c8c5b764a33a10beb6088cdd8f182aa0,2,21,8,13,0,0,0,8,32,35,2,2,0.999142104,1330,268,15,17,16,1,3608,3571,37,10,10,0,1,100
53d13997b3a8d0bc3a52e0ef45418e4308de8bb3,0,0,0,0,0,0,0,0,0,0,0,0,0,0,269,16,0,0,0,0,0,0,0,0,0,1,100
20d5581270c9643f2764f7f5a4cab0e5ea84a673,2,1,6,5,0,0,0,9,48,64,2,2,0.591672779,3134,270,17,232,232,0,11090,11116,26,156,156,0,1,100
fe6116a7119b1ee8ca55dca247b689ca173aeb53,1,2,2,0,0,0,0,6,21,14,1,1,0,2398,23,2,214,214,0,15171,15169,2,105,105,0,1,100
bbfd7cd4050ae80d406daaed9cec882b00be1f98,7,42,26,16,0,0,0,6,45,251,4,7,1.869619784,6393,1216,1,893,889,4,37775,37633,142,349,349,0,1,100
d0a169978942736556fd0af1b8e4306c0291e107,7,26,42,16,0,0,0,6,44,219,4,7,1.869619784,6409,271,13,889,893,4,37633,37775,142,349,349,0,2,100
fb2a101b8535e158d8f7ac01c376615cd6ce4275,1,2,2,0,0,0,0,6,20,6,1,1,0,2398,879,0,214,214,0,15169,15171,2,105,105,0,0,100
9d4ccf5d743c2f1a08ac81023c8b300ab0f8b997,0,0,0,0,0,0,0,0,0,0,0,0,0,0,880,1,0,0,0,0,0,0,0,0,0,0,100
6b24ecd0dcb82901e3b7dd1667b29ee15a74c2be,0,0,0,0,0,0,0,0,0,0,0,0,0,0,881,2,0,0,0,0,0,0,0,0,0,0,100
f8d04910dc3fd14534c186232ecf7882d8916f67,1,2,2,0,0,0,0,6,21,14,1,1,0,2398,882,3,214,214,0,15171,15169,2,105,105,0,0,100
a0f3b1ace6eb6d2f1838364c7971dd8c91e07768,0,0,0,0,0,0,0,0,0,0,0,0,0,0,883,4,0,0,0,0,0,0,0,0,0,0,100
22440747aa0f2ed3f3d26baec9140f79bb82f644,6,40,24,16,0,0,0,5,45,292,3,6,1.643541751,3995,272,14,679,675,4,22606,22462,144,244,244,0,1,100
aca89eda345fb6e3a43c96885b35717398257441,3479,261563,343412,81849,1209,1653,2862,0,50,0,13,548,9.714132187,389877,961,0,43879,59737,15858,1602883,2327142,724259,20128,26915,6787,1,51.3372369
94e6bbcc873c04034c55977653910b9921bc014c,3479,343438,261585,81853,1653,1209,2862,3,101,9,13,548,9.714125511,308028,0,0,57097,46482,10615,2212615,1716364,496251,25537,21497,4040,0,51.3372369
1fa76994608198dd50d0abcd0793ec4cf42e7bbf,4,23,12,11,0,0,0,2,16,525,2,3,1.745903709,1099,40,8,140,140,0,6469,6361,108,50,49,1,1,100
a6fc2f933184c28f293fdd1d6aad562e983f21f8,4,12,23,11,0,0,0,1,17,4,2,3,1.745903709,1110,161,0,140,140,0,6363,6469,106,49,50,1,1,100
1086857a24e824fde649be449135e8c5a89740f1,3,2,36,34,0,1,1,7,16,294,2,2,0.943421044,788,246,6,112,116,4,4444,4548,104,33,35,2,0,99.98729675
b89c56ec3ff599262588cf05fa50a27101912ee3,1,30,0,30,1,0,1,2,2,2496,1,1,0,0,246,6,2,0,2,64,0,64,2,0,2,0,99.98729675
8533116d955506e5f295ac8e31bc83f408c26854,0,0,0,0,0,0,0,0,0,0,0,0,0,0,246,6,0,0,0,0,0,0,0,0,0,0,100
23dab727ed23ed739e066d414c546652cb8ac4d1,8,29,45,16,0,0,0,6,44,198,4,8,2.124006029,7681,223,1,1073,1077,4,44509,44655,146,396,396,0,0,100
cafe61ffaa98c9656b489b4bc38d1f1689e28535,8,45,29,16,0,0,0,6,45,235,4,8,2.124006029,7665,246,6,1077,1073,4,44655,44509,146,396,396,0,0,100
39205027d9fc066310617931a741b51905d27fcd,0,0,0,0,0,0,0,0,0,0,0,0,0,0,247,7,0,0,0,0,0,0,0,0,0,0,100
63aabcb9d6fdca2e48b16464863acea48676631b,2,6,2,4,0,0,0,8,17,4,1,1,0.954434003,754,273,13,114,112,2,4484,4444,40,33,33,0,1,100
5a8378a340467654f50d4ee827cdb5196e4e250d,2,21,6,15,0,0,0,2,8,867,1,2,0.975119065,341,274,14,28,26,2,2025,1879,146,17,16,1,1,100
5ea90ce0f26653770125358be0d036e411a1248d,1,0,30,30,0,1,1,3,3,515,1,1,0,30,275,14,0,2,2,0,64,64,0,2,2,1,99.98729675
8e1627dde8d3fd4624a5ceecfccfd250cef1e407,0,0,0,0,0,0,0,0,0,0,0,0,0,0,276,15,0,0,0,0,0,0,0,0,0,0,100
c52cedf9bd7430ef7fb47279b232ca4d769e64f0,0,0,0,0,0,0,0,0,0,0,0,0,0,0,277,16,0,0,0,0,0,0,0,0,0,1,100
f671f89301058419dfa059318770e5a646eabb7a,0,0,0,0,0,0,0,0,0,0,0,0,0,0,278,17,0,0,0,0,0,0,0,0,0,1,100
438e02e4fd57ac8c7a7933f71500336cc07012d8,1,3,3,0,0,0,0,9,21,72,1,1,0,1272,279,18,184,184,0,6878,6878,0,47,47,0,1,100
238f1c18f3ef5fa5240439a7ffd9f0a89a200473,0,0,0,0,0,0,0,0,0,0,0,0,0,0,1217,2,0,0,0,0,0,0,0,0,0,1,100
a0b8a6a8d6746700fb356ed0687f88844a146b9a,0,0,0,0,0,0,0,0,0,0,0,0,0,0,280,19,0,0,0,0,0,0,0,0,0,1,100
2f3a04dcc5f1271f0b857171db97b346f8750e49,3479,261583,343421,81838,1210,1653,2863,0,50,0,13,548,9.714263157,389866,52,0,43879,59740,15861,1602883,2327289,724406,20128,26914,6786,1,51.31370687
56d3752c001f021ebb723c904d134fd01024cad8,3479,343444,261605,81839,1653,1210,2863,3,101,9,13,548,9.714250648,308028,41,7,57097,46482,10615,2212699,1716364,496335,25536,21497,4039,1,51.31370687
fdb95d0fa70da5ad79aa1ffaf0d2806698d10641,1,11,12,1,0,0,0,1,1,0,1,1,0,313,251,10,47,47,0,1536,1536,0,20,20,0,0,100
fe0da1c274e5282d017c06d0f034d94b48d8a34d,11,65,70,5,1,0,1,1,44,373,5,9,2.854977845,5918,884,5,931,937,6,32965,33231,266,320,319,1,0,99.98729675
f4e3ac18571ca6b0ea5ec97e72e60d7f808cb625,11,70,65,5,0,1,1,2,45,332,5,9,2.854977845,5913,885,6,937,931,6,33231,32965,266,319,320,1,0,99.98729675
606da75a0df8d54509191d9cb9427c1215459700,0,0,0,0,0,0,0,0,0,0,0,0,0,0,886,7,0,0,0,0,0,0,0,0,0,0,100
8710b1966fc68e65f5375084f0b70eff53ceddbc,0,0,0,0,0,0,0,0,0,0,0,0,0,0,887,8,0,0,0,0,0,0,0,0,0,0,100
66b8f507572f351e7349fdb721cd1f15e5e1a7f4,0,0,0,0,0,0,0,0,0,0,0,0,0,0,888,9,0,0,0,0,0,0,0,0,0,0,100
6828ecae38c79522c3b7c9ab590d54ececf6d4c3,3,187,13,174,0,0,0,17,102,252,3,3,0.330461502,5624,1218,3,878,842,36,40317,38985,1332,260,247,13,1,100
e33cf7c089748d21c2857c19005a1bb60e39bd55,4,14,188,174,0,0,0,17,101,112,3,4,0.407325653,6539,2,0,931,967,36,42261,43593,1332,305,318,13,0,100
379d9a4171409c88634a5aae9f1fb409eee73a39,1,1,1,0,0,0,0,9,17,134,1,1,0,741,0,0,89,89,0,3276,3276,0,58,58,0,0,100
ebb41d7faf1ebefaece3cb746608a1855b794593,0,0,0,0,0,0,0,0,0,0,0,0,0,0,1218,3,0,0,0,0,0,0,0,0,0,0,100
05f8adcdaa457e1b5880b803cc304f199688b945,0,0,0,0,0,0,0,0,0,0,0,0,0,0,1219,4,0,0,0,0,0,0,0,0,0,0,100
02404865f241d2e737eb5dabe9d745d2393f3d9c,1,8,2,6,0,0,0,17,102,51,1,1,0,4957,41,3,783,780,3,36381,36338,43,211,211,0,1,100
a100c1241d689595bf1ec8ae21aaa97fd1aed951,2,14,19,5,0,0,0,17,101,392,2,2,0.884963636,5275,281,14,827,830,3,37874,37917,43,231,231,0,1,100
14a483e0e90cdd04cc852a2a64a703f29bcf60a2,0,0,0,0,0,0,0,0,0,0,0,0,0,0,282,15,0,0,0,0,0,0,0,0,0,0,100
0a01432fb5de1f8fbbea47cf679a707f629fb71b,1,1,1,0,0,0,0,10,18,400,1,1,0,741,283,16,89,89,0,3276,3276,0,58,58,0,0,100
ce984cd31a16e7fe4b983659005f1f7648455404,0,0,0,0,0,0,0,0,0,0,0,0,0,0,284,17,0,0,0,0,0,0,0,0,0,0,100
6b0373703ab89648943f52ec87c43531e2defc84,0,0,0,0,0,0,0,0,0,0,0,0,0,0,3,0,0,0,0,0,0,0,0,0,0,1,100
ef9d907d457d9d5ce9af42b88c8a11d16b7facfe,0,0,0,0,0,0,0,0,0,0,0,0,0,0,242,0,0,0,0,0,0,0,0,0,0,1,100
5b066609b0dbeec2bb842ddd5a81ae8c32ac9719,15,187,102,85,0,0,0,4,9,404,1,8,3.54025584,1400,243,1,139,125,14,8326,7966,360,86,74,12,1,100
4bba9c4e8ba962dd6f35c7fd25cfa466050f5607,19,117,198,81,0,0,0,3,8,575,3,10,3.788321163,2124,1220,4,195,207,12,10679,11023,344,107,118,11,1,100
9f643ac9d3532a0adcdb648fd6af3897e5eed746,4,11,15,4,0,0,0,2,5,201,2,2,1.565448372,643,242,0,68,70,2,2697,2713,16,32,33,1,0,100
0ef21a85fb798f17b0e5017e1d500f2f7b35b657,0,0,0,0,0,0,0,0,0,0,0,0,0,0,244,2,0,0,0,0,0,0,0,0,0,1,100
46fe41e418ce06f507488c2debb3b04033273006,0,0,0,0,0,0,0,0,0,0,0,0,0,0,1220,3,0,0,0,0,0,0,0,0,0,0,100
80999f40536b06694465080d3f6c3f6bab6efc4a,1,8,2,6,0,0,0,17,102,51,1,1,0,4957,285,14,783,780,3,36381,36338,43,211,211,0,1,100
3d315b85491751507e8bfdc41cf64cf4cf3bd89f,15,187,102,85,0,0,0,4,9,404,1,8,3.54025584,1400,246,4,139,125,14,8326,7966,360,86,74,12,1,100
e2563a195fffa18b3299fd5903ec8bdbae8467c8,0,0,0,0,0,0,0,0,0,0,0,0,0,0,286,15,0,0,0,0,0,0,0,0,0,1,100
131344777ae4cbc4ca47952b3a95f35b11713f23,0,0,0,0,0,0,0,0,0,0,0,0,0,0,43,3,0,0,0,0,0,0,0,0,0,1,100
72be7085f8d9357295cd0991d7b4d0124d614cd7,1,6,0,6,0,0,0,17,103,14,1,1,0,4963,1220,3,783,783,0,36399,36381,18,211,211,0,1,100
3fe0021379c1b491bc45bd5cc8efbc91cedd8536,1,0,6,6,0,0,0,17,102,51,1,1,0,4969,44,4,783,783,0,36381,36399,18,211,211,0,1,100
71aa68f09c00dcd70c01bc918ee018accde7eb43,3,187,13,174,0,0,0,17,104,240,3,3,0.330461502,5630,287,15,881,845,36,40360,39028,1332,260,247,13,1,100
617b03a6af580c00aaa8d31f4cdde1a8bd7bc5c9,18,117,382,265,0,0,0,17,101,515,4,11,3.260592697,7289,1221,4,967,1020,53,46951,48686,1735,321,346,25,0,100
6bca7a94945e9f24fc9259db6efca939180f272f,22,397,128,269,0,0,0,3,104,387,4,13,3.461013373,7663,288,15,1090,1035,55,51399,49648,1751,379,353,26,1,100
4d7099f3c21ce3dae981414882f327d1b5ab29a1,0,0,0,0,0,0,0,0,0,0,0,0,0,0,289,16,0,0,0,0,0,0,0,0,0,0,100
441f2103905979605d5586c3bc8fa04fee4fd31e,0,0,0,0,0,0,0,0,0,0,0,0,0,0,290,17,0,0,0,0,0,0,0,0,0,1,100
730c1a302d857121542ce27b6a40b05b90f7f3ed,1,6,0,6,0,0,0,17,106,2,1,1,0,4960,291,18,783,783,0,36374,36356,18,211,211,0,1,100
6b42587dfb1f99c8dfb6066a2bbc83e29552cff8,1,10,10,0,0,0,0,6,22,48,1,1,0,2398,224,1,214,214,0,15175,15171,4,105,105,0,0,100
e996abce19ce535599dab1bb90977d0056a9ad97,1,10,10,0,0,0,0,6,21,14,1,1,0,2398,1,1,214,214,0,15171,15175,4,105,105,0,0,100
64ce3e0853531e550f31280fe4285f16aaebda1f,0,0,0,0,0,0,0,0,0,0,0,0,0,0,2,2,0,0,0,0,0,0,0,0,0,0,100
a88e4491c39e7dded5a16974ed2fcacc33892ae7,1,1,1,0,0,0,0,3,5,425,1,1,0,154,8,0,17,17,0,668,668,0,6,6,0,0,100
83f15670fe79e4f0fd5845bc8ffc6b34c8a295fa,1,1,1,0,0,0,0,2,4,0,1,1,0,154,3,0,17,17,0,668,668,0,6,6,0,1,100
9e44d48995d023c53dd2aec6f92bba50f8818103,0,0,0,0,0,0,0,0,0,0,0,0,0,0,79,0,0,0,0,0,0,0,0,0,0,1,100
dcf637ff666e3c08ef81911034576019d35ca215,0,0,0,0,0,0,0,0,0,0,0,0,0,0,292,11,0,0,0,0,0,0,0,0,0,1,100
d0dc3b4bd86657f2be13c1c0cdae2e5933da9eb1,0,0,0,0,0,0,0,0,0,0,0,0,0,0,4,1,0,0,0,0,0,0,0,0,0,1,100
c1801ecf36afbe9abd193fd1ea9d6ab9d95d30ed,0,0,0,0,0,0,0,0,0,0,0,0,0,0,80,1,0,0,0,0,0,0,0,0,0,1,100
00cd3d32365180da47184fe1c29b927fecf56871,0,0,0,0,0,0,0,0,0,0,0,0,0,0,81,2,0,0,0,0,0,0,0,0,0,1,100
fb630899207f23ad0d3fbe91d532aca7ff604447,1,1,1,0,0,0,0,3,5,425,1,1,0,154,293,8,17,17,0,668,668,0,6,6,0,0,100
02662ea6641a6763b8e285ad292dbb789be6fc61,1,10,10,0,0,0,0,6,22,48,1,1,0,2398,294,9,214,214,0,15175,15171,4,105,105,0,1,100
19fbfb9ac8f82719cf70fedf6a024acaeec4e804,0,0,0,0,0,0,0,0,0,0,0,0,0,0,82,3,0,0,0,0,0,0,0,0,0,1,100
8288d41b313126ce7a9da7b548801a58da98b7ae,1,4,2,2,0,0,0,10,24,315,1,1,0,769,225,1,135,133,2,4553,4516,37,43,43,0,0,100
2ba69e2e4e56bc8207c629d64b1abbe22dccc457,1,3,4,1,0,0,0,10,25,2,1,1,0,771,226,2,133,135,2,4542,4553,11,43,43,0,0,100
9178c10211874f8928ebc5ce4fdbf04ae698bcb5,3,28,3,25,0,0,0,10,33,281,1,3,1.384251456,2217,225,0,181,177,4,8820,8681,139,58,58,0,0,99.92379985
98ed0a8157837e909203371fa2f4f75fac367a0f,3,3,28,25,0,0,0,10,32,293,1,3,1.384251456,2242,227,2,177,181,4,8681,8820,139,58,58,0,0,99.92379985
00cd667a4cce14f716cc9480dfad71ec0e029a3f,0,0,0,0,0,0,0,0,0,0,0,0,0,0,0,0,0,0,0,0,0,0,0,0,0,0,100
2e73e4086cfdc37c919120b0b3bc9fb74494dd17,0,0,0,0,0,0,0,0,0,0,0,0,0,0,247,0,0,0,0,0,0,0,0,0,0,1,100
371cc269a6dec5ee6172d7631f7f5574d6eab566,3479,261657,343756,82099,1210,1653,2863,0,50,0,13,548,9.715893028,390143,0,0,43881,59795,15914,1602990,2329088,726098,20129,26940,6811,1,51.31370687
40e24ce45a7744e2d24d4e8d3f6f146372c57824,3479,343773,261657,82116,1653,1210,2863,3,106,9,13,548,9.715767968,308044,0,0,57154,46484,10670,2214605,1716471,498134,25563,21498,4065,1,51.31370687
fa0b8624492630d0f5c3c89e6bf7a5d20ac59d8b,3,77,16,61,0,0,0,7,63,143,2,3,1.273872235,1053,162,0,178,155,23,6760,6321,439,52,49,3,1,100
4ebb6406ea850cdd5b710fd9185fe211bbdf746d,6,39,91,52,0,0,0,3,62,453,3,5,2.195113616,2651,295,3,221,242,21,10885,11266,381,72,76,4,1,99.92379985
f17b3dad8572f96217a8bf058022b26fe147a0b5,0,0,0,0,0,0,0,0,0,0,0,0,0,0,296,4,0,0,0,0,0,0,0,0,0,1,100
d8d88374d992a7f3b6455e26fececa2bf50d5165,6,93,39,54,0,0,0,3,64,150,3,5,2.200861508,2599,163,1,242,221,21,11282,10885,397,76,72,4,1,99.92379985
29eb449ee2518d4d2f750fa32b667b671912cbad,2,26,0,26,0,0,0,3,33,352,1,2,0.89049164,1447,0,0,48,44,4,4304,4139,165,15,15,0,1,99.92379985
bbe7827987dc03393652740522975b7bf0169c64,3479,261647,343792,82145,1210,1653,2863,0,51,0,13,548,9.715954105,390249,138,0,43904,59824,15920,1603429,2329815,726386,20132,26944,6812,1,51.25771239
3e655cba0a621aae24a3300c2b75d1b15300032b,4,11,9,2,0,0,0,5,52,2,2,3,1.760964047,1513,139,1,273,273,0,10039,10023,16,67,67,0,1,100
5784eb1afc1ea911aeb639020f6c9afd7e414280,3479,343805,261660,82145,1653,1210,2863,3,106,9,13,548,9.71582326,308106,1225,0,57181,46507,10674,2215239,1716926,498313,25566,21501,4065,1,51.25771239
59073640554e31a098d6c08fd39aa3e910d9a4b3,3479,261638,343783,82145,1210,1653,2863,0,52,0,13,548,9.715832413,390251,0,0,43904,59824,15920,1603445,2329829,726384,20132,26944,6812,1,51.25771239
8eac25b346f2911cf884e2d514c68f3dcbe94f69,0,0,0,0,0,0,0,0,0,0,0,0,0,0,1,1,0,0,0,0,0,0,0,0,0,0,100
40f1b6104bbd77bf278dbdf9ecf7e24fa305dae4,3479,343803,261660,82143,1653,1210,2863,3,106,9,13,548,9.715820202,308106,248,1,57181,46507,10674,2215225,1716926,498299,25566,21501,4065,0,51.25771239
63de17eda9220163867ea051d03adc44eaa7d113,29,591,360,231,4,0,4,1,65,442,2,11,2.933192632,4310,249,2,379,361,18,25394,24452,942,230,212,18,1,99.84120935
c92918949c3b8830c153807b761ac1c10022f1c6,30,360,595,235,0,4,4,3,64,162,3,12,2.960023349,5254,24,0,392,410,18,28026,28996,970,243,261,18,1,99.84120935
043b4eecbb30e5d244dee52335db4321ec6ca455,2,7,1,6,0,0,0,3,9,108,2,2,1,1087,249,2,95,95,0,5921,5879,42,57,57,0,1,100
52cb6b20a3e9d718d297a38bf879c107e6357754,1,0,4,4,0,0,0,3,6,152,1,1,0,713,250,3,31,31,0,3574,3602,28,31,31,0,0,100
07634fcb881a53d548827f27b1a9388ff8982f5e,3,12,3,9,0,0,0,3,10,80,3,3,1.530124965,1385,164,2,146,145,1,7623,7563,60,73,73,0,1,100
c23e7d203f40b343af9b3fdea2a04478d0f3277f,3,3,12,9,0,0,0,3,9,277,3,3,1.530124965,1394,251,3,145,146,1,7563,7623,60,73,73,0,1,100
b7a8d7492c9036fbf5e5c269f121265e68c65cd0,5,20,4,16,0,0,0,3,10,308,3,4,2.197338796,1578,165,2,175,173,2,8322,8239,83,101,101,0,1,100
6d871a73e7341c956a56d09f7b3f7a367a5752e3,34,595,380,215,4,0,4,3,65,457,4,15,3.081702991,5904,252,4,552,536,16,33633,32774,859,331,313,18,1,99.84120935
642ae3698ce4cc6186b7a694a0f523f5a773fa2e,9,499,394,105,2,1,3,1,12,172,1,4,2.150686004,1451,253,5,103,98,5,10363,9557,806,75,73,2,2,99.8477254
94cd157c0f12ceb6538169ce4b4f6193f7f77eed,12,409,500,91,1,2,3,1,11,408,1,6,2.265553996,2045,1,0,178,181,3,11972,12709,737,117,119,2,1,99.8477254
954ebe2c059eb0f21888224935fdfe3d7d653f4f,3483,261872,344251,82379,1210,1657,2867,0,52,0,13,549,9.718814825,390492,140,0,43905,59844,15939,1603491,2330812,727321,20132,26962,6830,1,51.17954402
e6828f25f1eea9bda78131acf12ad448e46bdded,2,9,2,7,0,0,0,4,7,2310,1,2,0.684038436,208,141,1,29,28,1,694,671,23,28,28,0,1,100
b4d3df2167b2962bdf7039ba064ad7a646f32644,3483,344289,261894,82395,1657,1210,2867,3,106,9,13,549,9.718833607,308120,45,0,57206,46509,10697,2216381,1716995,499386,25585,21501,4084,1,51.17954402
3c4646a14dff42fc23809192d56efcb29a14525e,1,14,37,23,0,0,0,2,2,29,1,1,0,126,253,3,11,16,5,613,772,159,1,2,1,1,100
b53f6a155f80f422831d4e8d6bb39e22c1591cdb,0,0,0,0,0,0,0,0,0,0,0,0,0,0,229,0,0,0,0,0,0,0,0,0,0,1,100
f594c20dc5f3547578835e32c2a48cc37f2d6cfd,2,51,27,24,0,0,0,3,7,136,1,1,0.988110837,282,46,1,41,35,6,1881,1706,175,7,6,1,1,100
df84dec0a55c7dba4c5f400329481eee8d20492a,3,31,54,23,0,0,0,2,6,375,2,2,1.317153145,437,253,1,57,63,6,2514,2682,168,11,12,1,1,100
79c1dce8a38e15747998a9c3485b08f15853692f,3483,261969,344244,82275,1210,1657,2867,0,53,0,13,549,9.719238005,390493,112,0,43911,59844,15933,1604255,2330819,726564,20134,26962,6828,1,51.17954402
8bb0185651dfd0e085d9dda4bc0298a1bd8742fb,3483,344265,261894,82371,1657,1210,2867,3,106,9,13,549,9.718710678,308218,253,1,57206,46514,10692,2216963,1717736,499227,25586,21503,4083,1,51.17954402
7340e849b7dd4bda70fd31f261ed421ea71e9bb3,0,0,0,0,0,0,0,0,0,0,0,0,0,0,254,2,0,0,0,0,0,0,0,0,0,1,100
ce2e2b368780d8c00c03a7b0eaa03baa62f31dc1,0,0,0,0,0,0,0,0,0,0,0,0,0,0,256,4,0,0,0,0,0,0,0,0,0,1,100
5c7c0dfca6f60af6a48ada6e36469c0cc920f12c,0,0,0,0,0,0,0,0,0,0,0,0,0,0,257,5,0,0,0,0,0,0,0,0,0,0,100
f5b3f93fcba2a368fb85e3e7bb0fce852f5ce077,0,0,0,0,0,0,0,0,0,0,0,0,0,0,259,6,0,0,0,0,0,0,0,0,0,1,100
adf5a738552b3211179adcb5dfb10e4d611fbadd,3483,261870,344241,82371,1210,1657,2867,0,53,0,13,549,9.718712084,390589,113,1,43911,59849,15938,1604255,2331553,727298,20134,26964,6830,1,51.17954402
97ae1dc0bf86737dfea7577661c1f0c532704f69,0,0,0,0,0,0,0,0,0,0,0,0,0,0,114,2,0,0,0,0,0,0,0,0,0,1,100
afa173f694b648694f1dd8b2d0c4ac0dc6f8529d,3483,344268,261993,82275,1657,1210,2867,3,106,9,13,549,9.719239761,308218,45,0,57201,46514,10687,2216235,1717736,498499,25584,21503,4081,1,48.5670809
43859e9e82ad419d09756702395b2747c7326eaa,4,113,16,97,0,0,0,3,66,357,1,3,1.60435473,1583,260,7,194,189,5,10180,9439,741,71,69,2,0,100
abca1540be9e6875f93dc0b9a276710717bc0ff6,6,12,13,1,0,0,0,3,107,285,2,6,2.172878689,6051,45,0,917,917,0,42346,42351,5,270,270,0,1,98.19168174
845787d671dcdf4475493ea5888f2021b1422ba9,54,461,886,425,0,4,4,3,106,228,6,30,4.069340395,19519,252,0,2109,2160,51,112444,114876,2432,857,881,24,1,99.76490024
e46a87a862f4d9fc76358f76f9fb4aad5264b080,55,1368,837,531,6,1,7,3,66,322,6,28,4.156509321,13631,262,7,1285,1229,56,77035,73792,3243,647,621,26,1,97.80109611
ec634bd65087d1b67a53c99ef3d5d3efeaea0afe,2,2,2,0,0,0,0,8,107,208,1,2,1,6038,263,8,853,853,0,46745,46738,7,237,237,0,1,100
cecff46b1d3f776d30a90af944906eea380acf65,3,6,5,1,0,0,0,8,106,364,2,3,1.309296668,6169,264,9,875,875,0,47546,47546,0,242,242,0,1,100
a9c2f3adb9dbd6f283cce11c0d0953bfc8976ed2,2,2,2,0,0,0,0,8,107,208,1,2,1,6038,266,11,853,853,0,46745,46738,7,237,237,0,1,100
339b1e6f34d8209ff8c1afcdea815781bfbe22eb,4,46,24,22,0,0,0,6,15,292,2,4,1.686976956,1178,297,0,143,140,3,5632,5561,71,61,61,0,1,100
41dd0a7b333c3f1fbe9538394541ff8bc03451b0,5,11,11,0,0,0,0,3,109,289,2,5,1.867633891,6016,298,1,914,914,0,42217,42209,8,268,268,0,1,100
cf00a537b4ce34fdd3a2823642e7d4a3158684c6,2,51,27,24,0,0,0,3,7,136,1,1,0.988110837,282,299,2,41,35,6,1881,1706,175,7,6,1,1,100
095bdbc267fe4354c28baa84186807dcd3be2a31,2,80,33,47,0,0,0,9,26,648,2,2,0.979509158,1452,1226,0,198,193,5,7568,7335,233,114,113,1,1,100
d6a1e730ea200b36c42475f9ce45d11ee940c949,30,1272,300,972,2,0,2,8,107,639,5,21,2.505419603,11238,267,11,1491,1432,59,80717,73484,7233,602,540,62,1,93.81765696
02e0e75c6bbbb580b6a62dbe394ade7298a9a1dd,7,521,150,371,6,0,6,1,1,0,1,1,2.483153171,1011,268,12,81,68,13,9601,7441,2160,72,59,13,1,95.5639494
7d14d02ed309fd724b3ecccf2a75a65b0359eee6,35,221,1611,1390,0,8,8,8,109,497,4,19,3.169483619,11616,267,11,1298,1375,77,67995,77621,9626,465,541,76,0,95.66246659
074fb35a0a5ab746d5508d2a60b48a7948a2cdda,3,81,34,47,0,0,0,9,26,466,3,3,1.089005808,1939,300,3,262,257,5,9647,9414,233,153,152,1,1,100
ff5b645134cfab98b2421b187e5afe0132b85e76,1,4,2,2,0,0,0,6,23,212,1,1,0,2398,25,0,214,214,0,15178,15175,3,105,105,0,1,100
7575a00275df5d0e4f8d4979a716383ad49f23a2,0,0,0,0,0,0,0,0,0,0,0,0,0,0,230,0,0,0,0,0,0,0,0,0,0,1,100
2930f2f98ed00a8861d1ee77b5f1bdb317cb9989,1,1,1,0,0,0,0,6,8,491,1,1,0,487,268,0,64,64,0,2079,2079,0,39,39,0,0,100
7908fac03c127d32716e860ecd247d15a92205a5,23,1548,112,1436,8,0,8,8,17,765,4,9,2.704342438,2217,271,1,222,136,86,26066,16186,9880,167,90,77,1,95.66246659
0c82b8fc926651dcd8006e4e602738d8a2431b7a,11,114,70,44,0,0,0,5,46,321,3,8,1.500596653,5968,272,2,829,823,6,36682,36447,235,377,378,1,1,95.65179199
8c19705041b459aef95e9479489afd1eb6453ebd,11,70,114,44,0,0,0,4,45,202,3,8,1.500596653,6012,889,0,823,829,6,36447,36682,235,378,377,1,0,95.65179199
ddee8decac57d1a4a0aa23cc76066609a2abc8d2,0,0,0,0,0,0,0,0,0,0,0,0,0,0,890,1,0,0,0,0,0,0,0,0,0,0,100
8a475696e908c53f1c06bf1a8f373d8ac0483427,0,0,0,0,0,0,0,0,0,0,0,0,0,0,891,2,0,0,0,0,0,0,0,0,0,0,100
9069e30d6939ff1ebadc7a798aff131d237de1f8,1,93,82,11,0,0,0,4,5,542,1,1,0,200,272,2,25,23,2,1169,1076,93,11,11,0,1,100
6ba98b215857656e0186887b5d1a6a5aceee10c4,3499,261994,346014,84020,1210,1666,2876,0,53,0,13,552,9.727069955,392761,950,0,43948,59927,15979,1606833,2342313,735480,20170,27061,6891,0,43.56021915
e437417ccdf6ef7c7d16937a63b08a3a10aa6951,0,0,0,0,0,0,0,0,0,0,0,0,0,0,951,1,0,0,0,0,0,0,0,0,0,0,100
b1a8a062332b301ca05be740699862f23d9b540a,3499,346031,262021,84010,1666,1210,2876,3,109,8,13,552,9.727072523,308741,3,0,57348,46476,10872,2230744,1716992,513752,25703,21517,4186,0,43.56021915
111aa8d599d9216423f8ce5a79362460a5f6aa36,1,1,2,1,0,0,0,3,4,334,1,1,0,59,272,2,1,1,0,149,149,0,1,1,0,0,100
75f9f5c25dfece734c4e9bed1df2a4fbe4842c79,1,4,0,4,0,0,0,6,8,366,1,1,0,113,49,0,14,14,0,775,768,7,1,1,0,1,100
444e0518e0ace34a6bc490ffa61fe722a322a465,2,27,10,17,0,0,0,5,7,162,2,2,0.494182935,207,5,0,40,34,6,1245,1142,103,10,10,0,1,100
da12d89f555f33bf5c15ab49e0ce4859228b42a5,11,59,41,18,0,0,0,3,110,377,4,9,2.998956058,7936,272,0,1184,1184,0,52328,52187,141,415,412,3,1,100
c466f5f563cf675c3b3c08701e86e4a317741641,10,14,53,39,0,0,0,3,109,410,3,8,3.110492068,7864,272,0,1158,1164,6,51710,51961,251,403,406,3,0,100
c05db638d98ef6f1efdbe713c2ac04447aec2e8e,1,4,0,4,0,0,0,6,8,366,1,1,0,113,26,0,14,14,0,775,768,7,1,1,0,0,100
604ecf7fc87ec25b3a2ac1269bc0bd0b4eea0a82,0,0,0,0,0,0,0,0,0,0,0,0,0,0,27,1,0,0,0,0,0,0,0,0,0,0,100
df9fde4ae4fcea348c3823a1aa0a974ad18304be,11,114,70,44,0,0,0,5,46,321,3,8,1.500596653,5968,273,0,829,823,6,36682,36447,235,377,378,1,1,95.65179199
f7883f82945113f4999dc2f23b299234b58142a4,1,93,82,11,0,0,0,4,5,542,1,1,0,200,275,1,25,23,2,1169,1076,93,11,11,0,1,100
31c7e22f809e4d5de27c06fbfd4ddf380e1059e1,1,2,1,1,0,0,0,4,5,1458,1,1,0,58,276,2,1,1,0,149,149,0,1,1,0,0,100
564bf83ecbe59d8b951867247edd2bf276b8495a,0,0,0,0,0,0,0,0,0,0,0,0,0,0,278,3,0,0,0,0,0,0,0,0,0,0,100
6175a04b1345c49e0f065f5bc6af85ecf8a0f16d,1,27,6,21,0,0,0,5,6,191,1,1,0,90,279,4,26,20,6,477,367,110,9,9,0,0,100
8f49e06998abb4dfc50f51d78b6784ebd04844fb,0,0,0,0,0,0,0,0,0,0,0,0,0,0,281,6,0,0,0,0,0,0,0,0,0,0,100
87f125a678d3ce996386840a0b71cf17102d4373,4,21,9,12,0,0,0,8,24,212,1,4,1.52470692,1947,282,7,296,296,0,13117,13069,48,121,120,1,1,100
0abf0f6e9ec9331bc67fa6fb567320a04194c9ac,4,9,21,12,0,0,0,8,23,265,1,4,1.52470692,1959,282,7,296,296,0,13069,13117,48,120,121,1,1,100
4f00d6ae434115f35a22ef0f50490eba407f4b84,1,7,1,6,0,0,0,4,5,548,1,1,0,81,282,7,11,11,0,570,519,51,5,5,0,1,100
487e58578d2708171cf81745335f5dd07e223c88,2,15,16,1,0,0,0,4,6,576,2,2,0.823811633,156,50,0,20,18,2,910,931,21,8,8,0,1,100
9df5de6993b347e3b0ca3b18da35271022ad8d46,14,403,437,34,0,0,0,3,19,428,2,7,2.902292978,4334,282,7,366,365,1,28275,28502,227,145,140,5,1,99.55377893
557784abbf46a6120c46a1b76d38e522080e7959,28,582,634,52,0,0,0,3,45,208,5,18,3.496771541,10741,26,0,1237,1254,17,66918,67166,248,537,541,4,1,95.5188472
ecb142b225e4a45194402861917deaec9102aebb,15,240,159,81,0,0,0,5,46,402,4,12,2.145489413,6429,50,0,895,881,14,39252,38807,445,399,400,1,1,95.65179199
8000bd30e710e8ad6a24d01680ee59e70d735391,0,0,0,0,0,0,0,0,0,0,0,0,0,0,283,8,0,0,0,0,0,0,0,0,0,1,100
4b665dbbb8c3e45dbe5c8cdf8363efd1e88b369b,1,7,1,6,0,0,0,4,5,548,1,1,0,81,285,10,11,11,0,570,519,51,5,5,0,1,100
258f67db64c204bc08cacd79f6d1816ab89d089a,5,90,133,43,0,0,0,4,7,200,3,5,1.042236949,585,272,0,69,77,8,2879,3140,261,27,27,0,1,100
ceb867c8c048528cfc71e7d580a3372775a23508,1,93,82,11,0,0,0,4,5,632,1,1,0,200,273,1,25,23,2,1169,1076,93,11,11,0,1,100
29c04c7eb9f830baf2d76ca80ed4b5f120adaae0,1,2,1,1,0,0,0,4,5,1545,1,1,0,58,3,0,1,1,0,149,149,0,1,1,0,0,100
e93e00c57b108dd6ee57ac2f133ba93b29b24c79,0,0,0,0,0,0,0,0,0,0,0,0,0,0,274,2,0,0,0,0,0,0,0,0,0,0,100
0e7d372701e2e649f910e8d56a0516bd5d40eab6,1,4,0,4,0,0,0,6,8,426,1,1,0,113,49,0,14,14,0,775,768,7,1,1,0,1,100
5a434bb29eadf484daa0e8675a99d02baeb5fdd3,1,27,6,21,0,0,0,5,6,249,1,1,0,90,5,0,26,20,6,477,367,110,9,9,0,1,100
33850c65830bc7456c3b612052be65730321c920,0,0,0,0,0,0,0,0,0,0,0,0,0,0,275,3,0,0,0,0,0,0,0,0,0,0,100
5d73e28625aa881bf776990192363ac293774014,0,0,0,0,0,0,0,0,0,0,0,0,0,0,27,1,0,0,0,0,0,0,0,0,0,0,100
9b03a05f482524c65f826dc22f49a07e7efa65f8,0,0,0,0,0,0,0,0,0,0,0,0,0,0,276,4,0,0,0,0,0,0,0,0,0,1,100
f38476d3b163908b6c2d972790d8f87604dcbbca,1,7,1,6,0,0,0,4,5,567,1,1,0,81,277,5,11,11,0,570,519,51,5,5,0,1,100
e8b5435783e47424d5ca1367ca8fca2ee6ae2aeb,0,0,0,0,0,0,0,0,0,0,0,0,0,0,30,4,0,0,0,0,0,0,0,0,0,1,100
d3c784c642e5e7483816f9a318f4d7436926c2a7,8,85,69,16,0,0,0,4,47,501,2,7,2.572453103,7036,292,16,766,764,2,42666,42674,8,393,391,2,1,99.99070632
10a5e3ee219b93ef77b0c642f9f3536e62459766,8,69,85,16,0,0,0,4,46,152,2,7,2.572453103,7052,292,16,764,766,2,42674,42666,8,391,393,2,1,99.99070632
6bbe435429abff24c88a85e85b316da879d9c734,1,14,9,5,0,0,0,3,6,853,1,1,0,69,231,0,9,7,2,391,361,30,3,3,0,1,100
d93bce040627e606214288fc16ade2fb488e6cf4,13,394,423,29,0,0,0,3,19,392,1,6,2.797817472,4260,294,10,359,356,3,27914,28111,197,142,137,5,1,99.55377893
9fea42fe11f808550e604ec349b4b3366d20929b,8,85,69,16,0,0,0,4,47,401,2,7,2.572453103,7036,296,12,766,764,2,42706,42714,8,393,391,2,1,100
435e57b09ec8d00d2e630f710f0f6db9f0746842,18,420,197,223,0,0,0,4,110,577,2,12,2.841958659,11214,53,0,1239,1214,25,78360,77092,1268,369,357,12,1,95.02834309
e3029000620f9dd07463c58cc5b5ada3fa39f43f,0,0,0,0,0,0,0,0,0,0,0,0,0,0,297,4,0,0,0,0,0,0,0,0,0,1,100
e909b3d604367e7c47c3bbf3ec8e7f6b672ff778,16,829,329,500,3,0,3,3,26,161,2,7,3.475125246,4744,298,5,529,497,32,33944,30458,3486,218,200,18,1,97.77579276
f375b0239b5fae5b6fba2a5d67dbd4dc8b1019f5,3502,262000,346811,84811,1210,1669,2879,0,53,0,13,552,9.730405671,393552,115,0,43948,60003,16055,1606833,2347295,740462,20170,27097,6927,1,43.67435703
35b294b6cc1de035fcbc957f4782a93f0ccf27f4,3502,346832,262027,84805,1669,1210,2879,3,110,8,13,552,9.730414907,308741,299,6,57425,46476,10949,2235791,1716992,518799,25739,21517,4222,1,43.67435703
499ba076a9e1b2f93eda03895d761d1ff0bc6332,35,538,1255,717,0,3,3,2,109,331,3,20,4.225963393,16886,297,3,1736,1792,56,108719,113445,4726,568,598,30,1,93.89524491
8014f8434ae3a7ec354402df0a13cd516bf5fead,34,1253,528,725,3,0,3,3,110,353,3,19,4.198623832,15958,54,1,1768,1711,57,112318,107550,4768,587,557,30,1,93.89524491
4b1caa02dbb0a6e92312845cde67ced8861e07d9,1,2,4,2,0,0,0,9,10,468,1,1,0,252,2,0,30,30,0,1693,1707,14,10,10,0,0,100
7b0bc3b36e7d89e332d47956b747c3f77a6a21ad,0,0,0,0,0,0,0,0,0,0,0,0,0,0,2,0,0,0,0,0,0,0,0,0,0,0,100
fe9c734f990be507efdf011d4bb1938f8b8e21b5,0,0,0,0,0,0,0,0,0,0,0,0,0,0,3,1,0,0,0,0,0,0,0,0,0,0,100
b3c0c8b6f0bc02ae2100335ea35ab4b0a3888499,0,0,0,0,0,0,0,0,0,0,0,0,0,0,5,3,0,0,0,0,0,0,0,0,0,0,100
0eb14a5f6ed882324319c33b45345b076897288c,0,0,0,0,0,0,0,0,0,0,0,0,0,0,1212,0,0,0,0,0,0,0,0,0,0,0,100
c4898b9c2d4ec89b1da702e5c4c2b5969065436e,4,21,9,12,0,0,0,8,24,212,1,4,1.52470692,1947,6,4,296,296,0,13117,13069,48,121,120,1,1,100
78463c3403ba76d3a67ea622aa875f8d64710ca9,1,6,12,6,0,0,0,4,6,134,1,1,0,211,7,5,24,25,1,1141,1169,28,11,11,0,1,100
ab8de9ac252032f62e68b9eb8d269c5ed42b5d07,1,10,4,6,0,0,0,4,10,385,1,1,0,362,302,6,57,56,1,2615,2590,25,25,25,0,1,100
cd1062969bace192f1ea6985cb0aea92bd5aae3f,12,90,54,36,0,0,0,9,23,306,3,10,3.014138689,4814,55,2,585,583,2,36714,36400,314,237,237,0,1,100
da8c4539e7c697b2ca706a26a0a6092930dc7ae0,12,54,90,36,0,0,0,9,24,316,3,10,3.014138689,4850,303,7,583,585,2,36400,36714,314,237,237,0,1,100
fda32297d7835d375138e1845ca88423579c0cd8,3502,262016,346830,84814,1210,1669,2879,0,53,0,13,552,9.730493336,393564,0,0,43947,60003,16056,1606882,2347340,740458,20170,27098,6928,0,43.67435703
901f4aa81ccb9596ea46dac23bd7d82aba2cfaa2,3502,348154,262043,86111,1669,1210,2879,3,110,8,13,552,9.724490963,308750,166,0,57426,46475,10951,2266927,1717041,549886,25740,21517,4223,0,43.67435703
d08184d2b33d6639f53e06c133df4be45e5b777e,3502,261244,348125,86881,1210,1669,2879,0,53,0,13,552,9.713147563,394861,142,0,44640,60003,15363,1677973,2378587,700614,20392,27098,6706,0,43.67435703
d1bd66843b9c2089dcd8189c2bfbeab9c2990417,3502,346851,261270,85581,1669,1210,2879,3,110,8,13,552,9.719253663,307980,0,0,57423,47168,10255,2235859,1788116,447743,25739,21739,4000,1,43.67435703
41fe57a9a65f8b0007d327f01442ecb8d0982521,121,2961,1653,1308,0,0,0,7,24,698,6,13,5.188527199,135015,303,5,30200,30198,2,947825,916619,31206,11287,11286,1,1,100
b07413670fa62fec077c92cb78fc711c3bda820c,8,61,60,1,0,0,0,8,14,638,5,7,2.69813543,1368,303,5,170,172,2,8229,8327,98,54,54,0,1,100
903745365cafd95fcbe0f128cb4ed26b52276732,3502,261253,348134,86881,1210,1669,2879,0,53,0,13,552,9.713236602,394870,116,1,44639,60000,15361,1678022,2378627,700605,20392,27098,6706,1,43.67435703
232933175b2a1d04eb7262881d2872daec75f5d8,3502,348161,261280,86881,1669,1210,2879,3,110,8,13,552,9.713265043,307989,304,6,57423,47167,10256,2266967,1788165,478802,25740,21739,4001,1,43.67435703
b735ea0c31b42f78130a90c1dec4e818d85ad124,3502,262019,348246,86227,1210,1669,2879,0,52,0,13,552,9.725061228,394870,2,0,43943,60000,16057,1606092,2378627,772535,20168,27098,6930,0,43.67435703
bc729eb0e169d4c882088ff1d557a4f2b17dfee4,99,15167,15821,654,0,0,0,6,53,2893,2,6,4.505714457,114549,3,1,25099,24403,696,754354,682424,71930,9476,9252,224,0,100
57befa1a3dbfbbca93299223007559f00c1c6f55,3502,348200,261280,86920,1669,1210,2879,3,112,8,13,552,9.713331799,307989,305,6,57429,47167,10262,2267218,1788165,479053,25743,21739,4004,1,43.67435703
002bc97d4acd497f9bfb0e64edd131f6b34e7ea8,0,0,0,0,0,0,0,0,0,0,0,0,0,0,307,8,0,0,0,0,0,0,0,0,0,1,100
0a4b4330e585e5a40845b1752b14f9beacb92268,7,56,48,8,0,0,0,4,12,870,4,6,2.457928215,1165,309,10,140,141,1,6998,6860,138,48,48,0,1,100
e0feb6cf04107029d4b24420f265495cdfbdb098,0,0,0,0,0,0,0,0,0,0,0,0,0,0,311,12,0,0,0,0,0,0,0,0,0,1,100
947c7b22acf4cdf4f95001b26e700a590d675220,7,198,61,137,0,0,0,9,22,431,1,4,2.020424855,4752,312,9,516,516,0,32535,31596,939,203,202,1,1,100
e069c06657e60023094ee9c0540d7e10762409c4,25,124,308,184,0,0,0,2,110,464,7,18,3.675467334,13986,8,4,1819,1824,5,90387,91715,1328,657,661,4,0,100
79cceae3d70643d48bb4b28d31d743ed9794f856,3502,261253,348134,86881,1210,1669,2879,0,53,0,13,552,9.713236602,394870,4,2,44639,60000,15361,1678022,2378627,700605,20392,27098,6706,0,43.67435703
8a332e382e404d1341b09f7b77c74c5bbec43610,3502,346904,261277,85627,1669,1210,2879,3,110,8,13,552,9.719354012,307989,56,0,57430,47167,10263,2236315,1788165,448150,25741,21739,4002,1,43.67435703
0da9f18dd479a77a9d0e3ea575c001232f91fefe,1,1,1,0,0,0,0,4,7,0,1,1,0,383,57,1,25,25,0,3741,3741,0,8,8,0,1,100
18ead35b38a1cb4f63ea69c60629da9725ded839,143,3236,1798,1438,0,0,0,9,112,635,7,28,5.459812764,149867,8,0,32076,32078,2,1051476,1019496,31980,11974,11971,3,1,100
77c4e2857175cb980f984bc1dbe19751d71f9f41,5,79,15,64,0,0,0,9,19,71,1,4,1.778576988,2217,9,1,203,199,4,19605,19109,496,80,78,2,1,100
ca3a17a39ec488f772324a97b4d0c63421df492b,1,1,1,0,0,0,0,2,3,2077,1,1,0,57,11,3,4,4,0,215,215,0,4,4,0,0,100
2ade13055315b69980f228ed786c6a76efb695a7,3503,261350,348479,87129,1211,1670,2881,0,53,0,13,552,9.714812626,395118,5,3,44639,60013,15374,1678022,2380870,702848,20392,27105,6713,0,43.67435703
b25c242813da80dd1c5ee1ef6aa33499a0c1c10b,3503,348506,261377,87129,1670,1211,2881,3,112,8,13,552,9.714841293,307989,313,8,57432,47171,10261,2268791,1788551,480240,25746,21740,4006,1,43.67435703
719124682e6a736fac5c4e089bed55f9d45e7b20,0,0,0,0,0,0,0,0,0,0,0,0,0,0,313,8,0,0,0,0,0,0,0,0,0,1,100
2cfbe073848ef7074a26f0929c934a4f283793fc,0,0,0,0,0,0,0,0,0,0,0,0,0,0,313,8,0,0,0,0,0,0,0,0,0,1,100
49cf9ccd087fd81e563172a9c695b0a409dcdf64,0,0,0,0,0,0,0,0,0,0,0,0,0,0,313,8,0,0,0,0,0,0,0,0,0,1,100
60199bd7600a7d8b32cea59d5691c279e4032c0f,6,16,12,4,0,0,0,12,49,221,2,5,2.421185497,5560,313,8,385,385,0,21379,21344,35,156,156,0,1,100
18e24a31745d9f6116e4c0dfca6e2d9d78a1625f,6,12,16,4,0,0,0,12,48,312,2,5,2.421185497,5564,314,9,385,385,0,21344,21379,35,156,156,0,1,100
65ce33cc6dfdad5261dd1609dc95965262d6c299,0,0,0,0,0,0,0,0,0,0,0,0,0,0,316,11,0,0,0,0,0,0,0,0,0,1,100
68d2f49e2bfd984b9d015bc7f40ae600a0031ca1,6,16,12,4,0,0,0,12,49,221,2,5,2.421185497,5560,318,13,385,385,0,21379,21344,35,156,156,0,1,100
d4b53b7d41a4b55975c48b5412581de74b9bd80c,0,0,0,0,0,0,0,0,0,0,0,0,0,0,319,14,0,0,0,0,0,0,0,0,0,1,100
f335cce2bcd7ff55505c9f0c238b2fefa58b9ebd,0,0,0,0,0,0,0,0,0,0,0,0,0,0,12,4,0,0,0,0,0,0,0,0,0,1,100
8848bb858df41b63c430c604301ddea164a8a904,0,0,0,0,0,0,0,0,0,0,0,0,0,0,13,5,0,0,0,0,0,0,0,0,0,1,100
0ea3c89f5f7605bc919a73fc10a0e5ffc2d8acfd,0,0,0,0,0,0,0,0,0,0,0,0,0,0,14,6,0,0,0,0,0,0,0,0,0,1,100
8e78d34797bd3c7e58af1b03d99268fb8cef40b6,0,0,0,0,0,0,0,0,0,0,0,0,0,0,892,0,0,0,0,0,0,0,0,0,0,0,100
b5823809bd4b438e789a36f163f318d4b161ad13,0,0,0,0,0,0,0,0,0,0,0,0,0,0,893,1,0,0,0,0,0,0,0,0,0,0,100
dc56e32f3dcdd9396a827a85029d60ed97474786,0,0,0,0,0,0,0,0,0,0,0,0,0,0,894,2,0,0,0,0,0,0,0,0,0,0,100
9b36f634521f8659f8d859c004fb7b1c16c4eb58,1,4,3,1,0,0,0,2,3,2127,1,1,0,50,15,6,1,1,0,221,221,0,1,1,0,1,100
52989cb57660c0d68c137c0a4ddaff46687bc336,3,4,8,4,0,0,0,1,32,267,2,3,1.28067213,699,322,9,67,67,0,2749,2749,0,53,53,0,0,100
27921e208a1373f4f3d8b1639693510e23cb593b,18,178,140,38,1,0,1,6,113,288,4,15,3.093994321,14286,313,0,1706,1703,3,77359,77320,39,612,609,3,1,99.95698925
ec0a99a2fd747c0fe53f8dc7acb6c229e0e44d44,18,154,174,20,0,1,1,6,112,329,4,14,3.187900524,14093,0,0,1699,1699,0,76702,76668,34,604,605,1,1,99.95698925
7e98f2916a2d6e6087fa09ad8bb7dca45ba3f436,12,162,138,24,1,0,1,6,113,354,4,9,2.799375551,8509,15,6,1314,1314,0,55324,55323,1,449,448,1,1,99.95698925
c4aa01aaeb3c40a4614073f62e82b0c28df94e04,2,15,0,15,0,0,0,7,9,1018,1,1,0.970950594,417,16,7,62,59,3,1910,1837,73,47,45,2,1,100
ffa85aaa376c6f12da6dbefc708e772e9e6764a5,1,4,3,1,0,0,0,2,3,2127,1,1,0,50,323,10,1,1,0,221,221,0,1,1,0,1,100
37369fdf6f3e89d3a008b637b9539330e994b5f3,2,1,4,3,0,0,0,1,32,382,1,2,0.721928095,648,325,12,66,66,0,2528,2528,0,52,52,0,0,100
1374166af737b9d502a8edc298538698c92a1134,2,9,1,8,0,0,0,7,36,96,2,2,0.970950594,3567,232,0,220,219,1,17602,17560,42,109,109,0,0,100
5af22bf9e683e866262fd8b529593356e33e223a,2,2,2,0,0,0,0,7,37,6,2,2,1,3575,233,1,220,220,0,17600,17602,2,109,109,0,0,100
ecca56d770ff8ec0ba514758ae5b908e1b5d65df,4,135,15,120,0,0,0,7,36,208,2,4,1.490825417,5780,58,0,468,461,7,35252,34264,988,214,211,3,1,100
2947fdbd3c1c9ef6c5afc909735c88003bee5a59,0,0,0,0,0,0,0,0,0,0,0,0,0,0,232,0,0,0,0,0,0,0,0,0,0,1,100
9680928a0c6e26a8a2d3e5ceb9a632579546353d,2,9,1,8,0,0,0,7,39,5,2,2,0.970950594,3578,235,3,220,219,1,17614,17574,40,109,109,0,1,100
d42c20420228c4b0215c3de5f54dcb78935bf97e,3505,261401,348722,87321,1212,1672,2884,0,53,0,13,552,9.716002597,395310,0,0,44639,60029,15390,1678022,2382341,704319,20392,27114,6722,1,43.66197183
3482d41a33fb6bd308c3dad676abd747379632ab,3505,348749,261428,87321,1672,1212,2884,3,113,8,13,552,9.71603109,307989,0,0,57447,47172,10275,2270041,1788772,481269,25754,21741,4013,1,43.66197183
d1391dd6b72185f9e14feae27818c665e814be75,0,0,0,0,0,0,0,0,0,0,0,0,0,0,326,4,0,0,0,0,0,0,0,0,0,1,100
d6efb9b9f7bed307b0e9f299644dafadce6f76e0,3505,261401,348722,87321,1212,1672,2884,0,53,0,13,552,9.716002597,395310,117,0,44639,60029,15390,1678022,2382341,704319,20392,27114,6722,1,43.66197183
e22ae6ea72be92a24db9d6d45a56822d9d674246,3505,348749,261428,87321,1672,1212,2884,3,113,8,13,552,9.71603109,307989,327,5,57447,47172,10275,2270041,1788772,481269,25754,21741,4013,1,43.66197183
79a20ffb7986ff78c2089b48193e41bd328ed979,0,0,0,0,0,0,0,0,0,0,0,0,0,0,328,6,0,0,0,0,0,0,0,0,0,1,100
c569f0dcbebb51b3f976a2efe930c51490784333,0,0,0,0,0,0,0,0,0,0,0,0,0,0,895,0,0,0,0,0,0,0,0,0,0,0,100
ac046ee6170d982f98b66f3ed21a82f979707d68,0,0,0,0,0,0,0,0,0,0,0,0,0,0,896,1,0,0,0,0,0,0,0,0,0,0,100
1976cb332bc6e8dceaec278fb1c3927627981081,0,0,0,0,0,0,0,0,0,0,0,0,0,0,897,2,0,0,0,0,0,0,0,0,0,0,100
7eec29fc80b7c2e48137486bbeb65a18e35f648e,5,83,2,81,0,0,0,9,24,391,1,4,1.982378282,3400,59,1,417,410,7,22897,22152,745,184,179,5,1,100
0dafa836071578c9c0db125066f151665cc474ad,6,8,84,76,0,0,0,9,23,318,2,5,2.21978413,3583,59,0,429,435,6,22818,23528,710,182,187,5,1,100
d20e44c01429070027fd8a1fdde0af270574e232,0,0,0,0,0,0,0,0,0,0,0,0,0,0,329,3,0,0,0,0,0,0,0,0,0,1,100
362b3b6a41c784eccc2f9362b403c45623a3ea51,3,3,10,7,0,0,0,6,8,714,2,2,1.457265914,375,0,0,62,63,1,2030,2081,51,27,27,0,1,100
b48e10559b65e834884d59887b30fc86d2988c20,1,6,1,5,0,0,0,7,9,828,1,1,0,102,330,4,19,18,1,666,631,35,3,3,0,1,100
263c8d3562558f6ffdd6bbd208f7bed7b3f1370f,0,0,0,0,0,0,0,0,0,0,0,0,0,0,331,5,0,0,0,0,0,0,0,0,0,1,100
ef240c3816a158e708f3e7372a421fa5230ec508,0,0,0,0,0,0,0,0,0,0,0,0,0,0,332,6,0,0,0,0,0,0,0,0,0,1,100
eb7f53e7404dec462dc77963296fe2cc00932a99,3505,261405,348729,87324,1212,1672,2884,0,53,0,13,552,9.71606018,395313,118,1,44639,60030,15391,1678022,2382360,704338,20392,27114,6722,1,43.66197183
844631ab5e52f9d4e35b0c9701a3c7df9476faa0,3505,348837,261432,87405,1672,1212,2884,3,113,8,13,552,9.716149028,307989,236,0,57455,47172,10283,2270805,1788772,482033,25759,21741,4018,2,43.66197183
cad06ecc578fabde696d01655b4d26fddc057f04,3505,261405,348810,87405,1212,1672,2884,0,53,0,13,552,9.71612053,395394,6,0,44639,60037,15398,1678022,2383105,705083,20392,27119,6727,1,43.66197183
194c42af218809f18ff8f301df78446a183e0662,0,0,0,0,0,0,0,0,0,0,0,0,0,0,119,1,0,0,0,0,0,0,0,0,0,1,100
2e260aa8dfcc4aa2fc30831b77c0c025cf4fa42e,3505,348837,261432,87405,1672,1212,2884,3,113,8,13,552,9.716149028,307989,898,0,57455,47172,10283,2270805,1788772,482033,25759,21741,4018,0,43.66197183
2ba95bbd1c911d4fc6363b1c4b9c4c6d86ac9aae,0,0,0,0,0,0,0,0,0,0,0,0,0,0,899,1,0,0,0,0,0,0,0,0,0,0,100
8143f448849a266a90ae4d4f5cc1c12c5f8e5188,3505,261405,348810,87405,1212,1672,2884,0,53,0,13,552,9.71612053,395394,952,0,44639,60037,15398,1678022,2383105,705083,20392,27119,6727,0,43.66197183
2a939988e9b76791d3ce29fae89a805c8c5fc092,0,0,0,0,0,0,0,0,0,0,0,0,0,0,953,1,0,0,0,0,0,0,0,0,0,0,100
72ba12167b4633cf08902328ca40e90819bd1135,0,0,0,0,0,0,0,0,0,0,0,0,0,0,954,2,0,0,0,0,0,0,0,0,0,0,100
4e162a47c8219546ab9639401363a8f1b5e51119,0,0,0,0,0,0,0,0,0,0,0,0,0,0,955,3,0,0,0,0,0,0,0,0,0,0,100
47286ce1c2d128e43a6c26e3622a682fc0c3e6ff,0,0,0,0,0,0,0,0,0,0,0,0,0,0,956,4,0,0,0,0,0,0,0,0,0,0,100
5b01c78d053b2b8e2b7e6a4a8acd4c822924bbf9,0,0,0,0,0,0,0,0,0,0,0,0,0,0,0,0,0,0,0,0,0,0,0,0,0,0,100
e7b1c09cf317738755c97bd41d820d94176b550d,1,4,4,0,0,0,0,12,22,1926,1,1,0,2338,0,0,443,443,0,13138,13138,0,167,167,0,1,100
514dd9a4a1ab1fb15b9ffd8c65003c5cf6c66a86,0,0,0,0,0,0,0,0,0,0,0,0,0,0,0,0,0,0,0,0,0,0,0,0,0,1,100
53411db6d7311f3a2afb67396c5a5e441b957794,3,11,14,3,0,0,0,3,50,4573,1,3,1.09712457,3216,1,0,130,130,0,7546,7555,9,81,82,1,0,100
1bc944091b727e9a892bb36349231fcc57d9ea30,0,0,0,0,0,0,0,0,0,0,0,0,0,0,7,0,0,0,0,0,0,0,0,0,0,0,100
