CommitID,NMF,TotalAddLines,TotalDeleteLines,LC,FileAdd,FileDelete,NAD,NDVE,NUC,AGE,NMS,NMD,Entropy ,MLMF,EXP,REXP,CommitComplexity,LastCommitComplexity,CFC,CommitTokenCount,LastCommitTokenCount,NCC,CommitMethodNum,LastCommitMethodNum,NFC,NIR,a2a,Tag
85357053f0e6928191fff82be07f6c9bb169b03c,6,57,32,25,0,0,0,2,23,230,1,4,2.11918778,1338,453,32,224,216,8,6773,6666,107,130,130,0,0,100,NoArch
2391cb0d17f2f17d206726c45304504499d6b767,1,16,0,16,0,0,0,5,9,39,1,1,0,308,65,0,59,57,2,1593,1495,98,29,29,0,0,99.97414016,NoArch
c4b11a639615d3192ab242bf76d7146383751396,1,7,6,1,0,0,0,5,10,0,1,1,0,324,66,1,59,59,0,1593,1593,0,29,29,0,0,100,NoArch
fedc03939cc1d5f4746991a457abdba6e2b402d7,1,12,1,11,0,0,0,1,2,87,1,1,0,91,19,1,10,9,1,474,407,67,2,2,0,0,100,NoArch
cb97916c980fdd023c7d8ab940426e1442e70f92,1,1,1,0,0,0,0,5,12,40,1,1,0,451,20,2,65,65,0,2182,2181,1,13,13,0,0,100,NoArch
075778e346d5dca54f42c961a763d70873ced4af,0,0,0,0,0,0,0,0,0,0,0,0,0,0,21,3,0,0,0,0,0,0,0,0,0,0,100,NoArch
3b973bce324b7ce2038b5d8177fb3f240dd9fd21,1,22,17,5,0,0,0,2,3,397,1,1,0,220,403,28,26,25,1,1046,1026,20,15,14,1,0,100,NoArch
7947655e5f7b2142de869b95a02900826298855a,1,2,3,1,0,0,0,3,8,24,1,1,0,375,452,17,37,38,1,1342,1349,7,25,25,0,0,96.35968487,Arch
a522d3abf739bcf2f544f378b3f6e4d440ef0eaa,5,1604,0,1604,5,0,5,1,1,0,1,1,2.021111751,0,453,18,222,0,222,8241,0,8241,97,0,97,0,94.78862005,Arch
e5bbcb532b814176e01ee76ac5cb3efc458ca474,2,13,6,7,0,0,0,2,5,175,1,2,0.485460761,1705,67,2,104,104,0,9896,9847,49,69,69,0,0,100,NoArch
60e84b8429553737a2c2fb660c2743d97d4848f5,2,239,0,239,2,0,2,1,1,0,1,1,0.545030923,0,5,0,55,0,55,897,0,897,8,0,8,1,99.95035989,NoArch
99af763728aaa0e9c19dbe2d2623bcaf121d4fcc,0,0,0,0,0,0,0,0,0,0,0,0,0,0,404,21,0,0,0,0,0,0,0,0,0,0,100,NoArch
d3f09abfd17773ee45065a51bd653bc7a0002bd8,0,0,0,0,0,0,0,0,0,0,0,0,0,0,14,0,0,0,0,0,0,0,0,0,0,0,100,NoArch
d49ff795fad70048b44656305cf47a93e48bfc8a,0,0,0,0,0,0,0,0,0,0,0,0,0,0,68,3,0,0,0,0,0,0,0,0,0,0,100,NoArch
80cda71326ae9297851789bea6e9a4daca3ce79d,0,0,0,0,0,0,0,0,0,0,0,0,0,0,69,4,0,0,0,0,0,0,0,0,0,0,100,NoArch
088d52cfd15c63ac6a65edb6f7e93712c715af39,0,0,0,0,0,0,0,0,0,0,0,0,0,0,70,5,0,0,0,0,0,0,0,0,0,1,100,NoArch
bca487a2bbcacc69187185d6b9326c9e073ec480,0,0,0,0,0,0,0,0,0,0,0,0,0,0,12,0,0,0,0,0,0,0,0,0,0,0,100,NoArch
0fd46ce6212408191db456865724fac38a8037b2,2,69,1,68,0,0,0,1,4,246,1,2,0.997643296,757,454,3,112,100,12,4478,3976,502,50,49,1,1,100,NoArch
e0692dd265c2cdc453e9973e03a2e8ec9d8fb7f5,0,0,0,0,0,0,0,0,0,0,0,0,0,0,405,2,0,0,0,0,0,0,0,0,0,1,100,NoArch
9d0ca025fa42a61a7da99086114672fc606e690c,1,3,1,2,0,0,0,2,3,433,1,1,0,261,406,3,30,29,1,1031,1013,18,12,12,0,1,100,NoArch
c172b50ccceadd71a98c91cb8cf6e918ae4cd07e,1,3,1,2,0,0,0,2,4,8,1,1,0,367,407,4,25,25,0,2042,2012,30,24,24,0,1,100,NoArch
deff26029f93f199ea8039d5135c5710f051d99e,3,53,1,52,1,0,1,2,10,50,1,1,1.212681955,353,408,5,38,34,4,1506,1381,125,19,15,4,1,99.97519841,NoArch
d671875ebf0eeacfd2d4554d1ff335182804cebe,1,7,3,4,0,0,0,2,15,176,1,1,0,573,455,3,108,107,1,2951,2946,5,38,38,0,1,100,NoArch
802f91eb55534eedd014ebc82803527edd3ffdd4,0,0,0,0,0,0,0,0,0,0,0,0,0,0,15,1,0,0,0,0,0,0,0,0,0,0,100,NoArch
8383905546244932375ec3f39116b5190ca91b12,0,0,0,0,0,0,0,0,0,0,0,0,0,0,409,5,0,0,0,0,0,0,0,0,0,0,100,NoArch
d97fb0ce6e44c94e75f374f3b809d85e93a96fff,0,0,0,0,0,0,0,0,0,0,0,0,0,0,410,6,0,0,0,0,0,0,0,0,0,0,100,NoArch
97998ad6dad9155be5e378d1096f0d8f707a00ef,0,0,0,0,0,0,0,0,0,0,0,0,0,0,41,0,0,0,0,0,0,0,0,0,0,0,100,NoArch
9d3b3aef05f2ed95193a9ba0527bd491287eae10,0,0,0,0,0,0,0,0,0,0,0,0,0,0,411,7,0,0,0,0,0,0,0,0,0,0,100,NoArch
06b94f122087388806f9030cfccd6adfe37403a6,0,0,0,0,0,0,0,0,0,0,0,0,0,0,13,1,0,0,0,0,0,0,0,0,0,0,100,NoArch
aa026f1f6a1f385f646ae11d06011d5633834db6,10,205,81,124,1,0,1,2,6,89,1,2,2.862152882,1934,456,4,287,278,9,8584,8308,276,134,129,5,0,99.93803445,NoArch
129f879607e02f54834911d5b31a5cffb9f4b2b3,1,81,33,48,0,0,0,2,4,91,1,1,0,243,457,5,43,35,8,1703,1423,280,19,18,1,0,100,NoArch
cad2107dd710bacd6abee8dd1eec2c79fd49f1ae,2,20,26,6,0,0,0,2,5,0,1,1,0.258018669,410,458,6,58,58,0,2263,2413,150,24,24,0,0,100,NoArch
aa049d2ce28b3dcdba0c3b274b1afa576c9aa73e,6,221,70,151,1,0,1,2,6,51,1,1,2.36137829,773,459,7,150,125,25,4592,3883,709,81,59,22,0,99.86394558,NoArch
fd43325c2bd5458e5813890ddf62f83cc50d5825,0,0,0,0,0,0,0,0,0,0,0,0,0,0,42,1,0,0,0,0,0,0,0,0,0,0,100,NoArch
7bcb9dbf4f4a38270f01e5ba38fcb6561e24721b,0,0,0,0,0,0,0,0,0,0,0,0,0,0,412,8,0,0,0,0,0,0,0,0,0,0,100,NoArch
10edc94224b960bc0c4c95871443e6e7d9328e73,0,0,0,0,0,0,0,0,0,0,0,0,0,0,413,9,0,0,0,0,0,0,0,0,0,0,100,NoArch
14fda24c872b7846667a062a358ba2ba8ff3174e,2,49,21,28,0,0,0,4,21,84,1,2,0.187176257,1357,460,6,241,237,4,6590,6494,96,93,93,0,1,100,NoArch
a3b0e8ad7f9f6f7aba848cdce13acff32fd936e8,3,124,243,119,0,2,2,1,4,110,2,1,1.287906617,328,6,1,54,73,19,868,1213,345,7,12,5,1,99.95058068,NoArch
c834a10a01ba160a0dcbf3cf65d7ac48dcf11942,0,0,0,0,0,0,0,0,0,0,0,0,0,0,14,2,0,0,0,0,0,0,0,0,0,0,100,NoArch
8c9bd680da5d74d51c0fc66df3dcc04c56162b79,37,232,2468,2236,0,8,8,4,20,23,3,16,3.894159163,11201,454,0,1168,1493,325,43030,53942,10912,532,666,134,0,96.77704752,Arch
4a9418ec5a111384e871a05deea30767195ee531,0,0,0,0,0,0,0,0,0,0,0,0,0,0,455,1,0,0,0,0,0,0,0,0,0,0,100,NoArch
77e977ec579f17d74d023af144332d0f4e8b6ad9,2,49,21,28,0,0,0,4,21,93,1,2,0.187176257,1357,456,2,241,237,4,6590,6494,96,93,93,0,1,100,NoArch
e162e9a808c86c29f977aa4bb46344f9372d20b0,0,0,0,0,0,0,0,0,0,0,0,0,0,0,457,3,0,0,0,0,0,0,0,0,0,0,100,NoArch
da46dac7bce6d813a1570670b798bd8d66291fdd,1,2,3,1,0,0,0,3,8,77,1,1,0,375,458,4,37,38,1,1342,1349,7,25,25,0,0,96.35968487,Arch
14104f7e95dadf2ff63d7b39976153188259c070,0,0,0,0,0,0,0,0,0,0,0,0,0,0,459,5,0,0,0,0,0,0,0,0,0,0,100,NoArch
fd40b91d9ffe35d979851232fbf253ea501298c7,0,0,0,0,0,0,0,0,0,0,0,0,0,0,460,6,0,0,0,0,0,0,0,0,0,0,100,NoArch
5c7cf0c3c96786c9ab3aca74c86f5485b8b6ffb3,1,7,3,4,0,0,0,2,15,199,1,1,0,573,461,7,108,107,1,2951,2946,5,38,38,0,1,100,NoArch
718fd30de2d0e56f3b584d687858fee6f4a791a3,0,0,0,0,0,0,0,0,0,0,0,0,0,0,462,8,0,0,0,0,0,0,0,0,0,0,100,NoArch
b8facc37b4ecb58fed3da08b5ba507222d977b68,36,2771,209,2562,11,0,11,5,12,66,4,13,4.047584416,6660,43,2,1159,786,373,44695,32241,12454,524,376,148,0,94.37458637,Arch
a10dbf310cb78c83d60ac3917f350a9f619ab680,0,0,0,0,0,0,0,0,0,0,0,0,0,0,44,3,0,0,0,0,0,0,0,0,0,0,100,NoArch
f4160e88744122de3b57d6d92da3d358ae4f165e,0,0,0,0,0,0,0,0,0,0,0,0,0,0,71,3,0,0,0,0,0,0,0,0,0,0,100,NoArch
52cdf3dd4f8adae9883440ca5d3784022b10b606,0,0,0,0,0,0,0,0,0,0,0,0,0,0,22,0,0,0,0,0,0,0,0,0,0,0,100,NoArch
4bdfd8820899796a8ee143b371b7eb6271283a28,0,0,0,0,0,0,0,0,0,0,0,0,0,0,23,1,0,0,0,0,0,0,0,0,0,0,100,NoArch
faba2162949179a369722de61bb1a643baf01c05,3,264,0,264,3,0,3,1,1,0,1,1,1.527573758,0,45,4,9,0,9,583,0,583,4,0,4,0,99.8769685,NoArch
6066ddced4c63dbce067ddcbbeda444c8098ee1e,4,3,3,0,0,0,0,1,2,0,1,2,0,481,46,5,59,59,0,1998,1998,0,16,16,0,0,99.85250737,NoArch
b2cc86d10c8894d3494cd14bfbefe903912a1b4b,0,0,0,0,0,0,0,0,0,0,0,0,0,0,47,6,0,0,0,0,0,0,0,0,0,0,100,NoArch
2139881476f9233f4da50618b7606d95c742756a,6,0,0,0,0,0,0,1,1,0,1,2,0,621,48,7,61,61,0,2219,2219,0,18,18,0,0,99.70501475,NoArch
b36cf8c30bba80bb307ba60788007ed0f0555b9a,0,0,0,0,0,0,0,0,0,0,0,0,0,0,414,9,0,0,0,0,0,0,0,0,0,0,100,NoArch
e45af987615a9c48380d076ffe786c3f7fbe5820,7,636,0,636,7,0,7,1,1,0,1,1,2.4033798,0,72,1,99,0,99,2857,0,2857,48,0,48,0,99.7914878,NoArch
e30f3eee4cdbd478d10b607393935ab43e7604c7,1,0,4,4,0,0,0,1,2,0,1,1,0,243,73,2,45,46,1,1275,1295,20,18,18,0,0,100,NoArch
8afd2f6b01d0b0b5974698d760e3608f519b0b33,5,333,5,328,1,0,1,1,3,0,1,1,1.113623109,413,74,3,122,67,55,3363,1838,1525,65,36,29,0,99.90208078,NoArch
a37fa0d6f36a98d1291145173cf442b7417d3221,0,0,0,0,0,0,0,0,0,0,0,0,0,0,415,10,0,0,0,0,0,0,0,0,0,0,100,NoArch
29eef80774c841ca56a01848632781093350f671,6,76,76,0,0,0,0,1,4,0,1,1,2.240137595,749,75,4,116,121,5,3342,3231,111,62,68,6,0,100,NoArch
dfe552d2f9d9f7369e6243df76e63f374e4a2ed4,1,18,0,18,0,0,0,1,5,0,1,1,0,325,76,5,65,62,3,1704,1595,109,36,33,3,0,100,NoArch
ef7cceafdc8122de838b3716ac6730079d01b09e,1,147,0,147,1,0,1,1,1,0,1,1,0,0,49,8,21,0,21,649,0,649,12,0,12,0,99.91435214,NoArch
3a92ec38020ce32af03b736caa3ed13ca81c3983,5,195,12,183,2,0,2,1,4,0,1,1,1.203371887,349,77,6,77,46,31,2427,1555,872,43,21,22,0,99.95110024,NoArch
16439a4b4e480c114521055f896e50405f921b1a,1,47,25,22,0,0,0,1,2,0,1,1,0,147,50,9,27,21,6,709,649,60,18,12,6,0,100,NoArch
0b8fdcdb9344da81cc27a4351b4bd92395bcbc10,1,0,0,0,1,0,1,2,2,0,1,1,0,0,51,10,0,0,0,0,0,0,0,0,0,0,99.9755561,NoArch
c5ce043ca7015a6e007421dae20dcb781a632d55,1,3,1,2,0,0,0,2,2,3,1,1,0,144,52,11,23,23,0,852,843,9,4,4,0,0,100,NoArch
5f5bff613e86d193c5cf1df67d5dae8845bc335f,17,1063,1136,73,6,5,11,1,6,0,1,2,3.531835467,1614,78,7,249,253,4,7348,7616,268,120,120,0,0,98.74939291,NoArch
d2db87cc0b164efd1090e962fd706c8173617a10,2,18,7,11,0,0,0,1,2,12,1,1,0.998845536,140,53,12,4,2,2,270,221,49,2,2,0,0,99.91560164,NoArch
a38f71d5b2dfca75fb6e870cdf8d8bd5f1d1c2e6,8,351,11,340,3,0,3,1,5,0,1,1,1.898601817,1090,79,8,219,180,39,6490,5051,1439,130,103,27,0,99.91568297,NoArch
7d049c13445cd1b15f1dede062f661de5dfef070,1,14,0,14,0,0,0,1,4,0,1,1,0,154,80,9,32,29,3,713,650,63,24,23,1,0,100,NoArch
490407ed18d64ee541ec1d2b71e0533c40a1cd18,1,1,0,1,0,0,0,1,5,0,1,1,0,168,81,10,32,32,0,719,713,6,24,24,0,0,100,NoArch
33d70700561fcc9dcb7cc0d7b5b13c7174bf5c93,1,14,5,9,0,0,0,1,6,0,1,1,0,169,82,11,33,32,1,744,719,25,24,24,0,0,100,NoArch
ed4f10bd6b0bd0e70b61340aa212a5984e6ee75e,0,0,0,0,0,0,0,0,0,0,0,0,0,0,416,7,0,0,0,0,0,0,0,0,0,0,100,NoArch
dc2919e8ca95a2f1daa47e29844d13bc73be437a,0,0,0,0,0,0,0,0,0,0,0,0,0,0,417,8,0,0,0,0,0,0,0,0,0,0,100,NoArch
61fcd4cfd1a843d7ff5fd23d60351d7fd1c46c2b,4,118,12,106,0,0,0,1,3,0,1,1,1.328148737,518,83,12,89,72,17,2888,2265,623,57,49,8,0,100,NoArch
f533b42f31095ad5b70d57f130fffbce2708a1cf,1,3,0,3,0,0,0,2,5,326,1,1,0,57,418,9,3,2,1,131,120,11,2,2,0,0,100,NoArch
2db848f32dde0a900486a787c9473b5219fbb649,1,160,0,160,1,0,1,1,1,0,1,1,0,0,419,10,15,0,15,848,0,848,4,0,4,1,99.89170978,NoArch
871476e195722140e9b4e614ae13f452b1e4dc40,0,0,0,0,0,0,0,0,0,0,0,0,0,0,420,11,0,0,0,0,0,0,0,0,0,0,100,NoArch
7a369c4c0c18eff09b7d35339484308a90ac4ea1,0,0,0,0,0,0,0,0,0,0,0,0,0,0,421,12,0,0,0,0,0,0,0,0,0,0,100,NoArch
6235a07700f2ea9a471f0ec848d799eaf04bd5c7,0,0,0,0,0,0,0,0,0,0,0,0,0,0,422,13,0,0,0,0,0,0,0,0,0,0,100,NoArch
11fd909837542694f16da97f0cfd1ff56f5c5c1f,0,0,0,0,0,0,0,0,0,0,0,0,0,0,423,14,0,0,0,0,0,0,0,0,0,0,100,NoArch
90fca6a3a4f892effe1cfc9b6f9bc3a6ab43f44c,0,0,0,0,0,0,0,0,0,0,0,0,0,0,424,15,0,0,0,0,0,0,0,0,0,0,100,NoArch
ce6e1b49452ed1d408fffffb82df41e1d4a8ee6d,0,0,0,0,0,0,0,0,0,0,0,0,0,0,425,16,0,0,0,0,0,0,0,0,0,0,100,NoArch
72555fe8346fd813337cbe6e964942cba6b3dad3,1,0,1,1,0,0,0,2,6,202,1,1,0,383,426,17,46,46,0,1804,1810,6,19,19,0,1,100,NoArch
a4bb58725d561e50c060828b989617760fc8116f,0,0,0,0,0,0,0,0,0,0,0,0,0,0,24,2,0,0,0,0,0,0,0,0,0,0,100,NoArch
7976ad976e37ad96461794065efc2cd590faa8a0,1,3,3,0,0,0,0,3,8,327,1,1,0,210,461,6,37,35,2,818,806,12,14,14,0,1,100,NoArch
264f0a3732b70827bac00d6ba6ccfae508a29a0a,9,461,54,407,1,0,1,1,7,0,1,2,2.229356692,1405,54,13,213,192,21,6526,6038,488,125,108,17,0,99.8556825,NoArch
02dff3c0d3954fe000b278130e28548bddd8920d,0,0,0,0,0,0,0,0,0,0,0,0,0,0,55,14,0,0,0,0,0,0,0,0,0,0,100,NoArch
17741208271801d810afb865736ff4907768f474,57,206,5341,5135,0,30,30,0,11,12,4,18,4.960824772,12235,463,9,834,1520,686,34171,56658,22487,397,720,323,1,93.96315171,Arch
8f6cd2c8a81688267bfc68259b51e84ffa3c2367,3,163,1,162,1,0,1,1,6,176,1,3,0.185214305,440,403,0,64,48,16,2783,1930,853,25,21,4,0,99.82854694,NoArch
2b0279a9af096cd2d2e655ce95308a3212f0dbdc,56,5415,228,5187,30,0,30,1,12,41,4,17,4.974795447,6706,427,18,1478,789,689,55124,32392,22732,700,377,323,1,94.08486384,Arch
bc7aa98d4593cb1129ab30b54868f1a9bb0ef1a0,0,0,0,0,0,0,0,0,0,0,0,0,0,0,462,6,0,0,0,0,0,0,0,0,0,0,100,NoArch
fa37910edde3e99eae267b78ed97131bd5319178,4,20,19,1,0,0,0,1,8,0,1,2,1.591000576,784,84,13,142,142,0,4018,4000,18,58,58,0,0,100,NoArch
52602f03772aa7d9bb876af895290e99eb3c4cc7,4,65,12,53,0,0,0,1,4,0,1,1,1.061662806,534,56,15,74,66,8,2382,2079,303,47,44,3,0,100,NoArch
11a2950e16b22b1872726aa6f62c595fcd50d8a7,2,10,7,3,0,0,0,1,4,2,1,1,0.787126586,419,57,16,5,5,0,806,793,13,4,4,0,0,100,NoArch
d273cf9c8c633340b0dc2dc8e901794984c67aea,1,3,0,3,0,0,0,2,11,205,1,1,0,367,428,19,57,56,1,1696,1681,15,33,33,0,0,100,NoArch
a0397468fae85c038e8a20458501e71c9439c59b,3,121,78,43,1,0,1,2,12,68,1,2,1.551772098,571,429,20,94,92,2,2536,2478,58,60,60,0,0,96.24642517,Arch
5128a70420473590e53361f3f60df0a5185ca8dc,0,0,0,0,0,0,0,0,0,0,0,0,0,0,430,21,0,0,0,0,0,0,0,0,0,0,100,NoArch
cf0570f75e2f9e94f1d52a99706ed1b51a793f8e,0,0,0,0,0,0,0,0,0,0,0,0,0,0,431,22,0,0,0,0,0,0,0,0,0,0,100,NoArch
99b088dcd494d34681540816dba3070e30a929a6,3,58,64,6,0,0,0,1,9,1,1,1,0.84686285,580,58,17,90,93,3,2590,2644,54,63,64,1,0,100,NoArch
4fb36fe50c3ddf97a7bfb716cb126949f1eabd91,6,131,257,126,0,0,0,2,7,0,1,2,2.490640214,1289,59,18,124,128,4,4062,4206,144,64,64,0,0,100,NoArch
edfe3df36bdd4ff5851ae95e3093a12da85e72f2,3,20,20,0,0,0,0,1,6,0,1,2,1.360964047,578,60,19,26,26,0,1490,1490,0,17,17,0,0,100,NoArch
e8b3bdb866d8511e7f8b12b0219b238564f50354,1,21,12,9,0,0,0,1,5,0,1,1,0,155,61,19,22,21,1,734,705,29,13,13,0,0,100,NoArch
e332143fd839832b93a4d412a06e08792410a83d,1,1,1,0,0,0,0,1,6,0,1,1,0,164,62,20,22,22,0,732,734,2,13,13,0,0,100,NoArch
ec74dd845ce6e3ff6312ad2ab66d7466f42e4131,3,194,3,191,1,0,1,1,6,1,1,2,0.278023428,360,85,14,76,53,23,2949,2073,876,51,28,23,0,99.85022466,NoArch
51eed37625ec3fe75ebe9374b2f07d8f2084f76b,2,42,42,0,0,0,0,2,7,0,1,1,0.998363673,423,86,15,5,5,0,785,785,0,4,4,0,0,100,NoArch
741cdeec2b1d58c95e30eb90c7435d12c63b0f5e,1,27,10,17,0,0,0,2,2,20,1,1,0,124,16,0,8,7,1,405,362,43,2,2,0,0,100,NoArch
15ae52dbd6e861e311c677b9b09093d715fdaabb,0,0,0,0,0,0,0,0,0,0,0,0,0,0,432,20,0,0,0,0,0,0,0,0,0,0,100,NoArch
332423345501ad84c5fe3939ca09f3fc45135ae2,0,0,0,0,0,0,0,0,0,0,0,0,0,0,15,1,0,0,0,0,0,0,0,0,0,1,100,NoArch
fbdc95e6a3504a33fa8ab8b87a30b19a38b5afd5,0,0,0,0,0,0,0,0,0,0,0,0,0,0,433,21,0,0,0,0,0,0,0,0,0,0,100,NoArch
1ff39dbdec7aff4d353439d308f4454a1e495593,2,69,68,1,0,0,0,3,8,0,1,1,0.991335232,423,434,22,5,5,0,552,785,233,4,4,0,0,100,NoArch
4b2f4790731a5547ed5c93d71bd0dfaa4b0979f8,3,17,3,14,0,0,0,3,10,4,1,1,0.991760148,280,435,23,47,44,3,1087,1026,61,36,34,2,0,100,NoArch
663b8a24f9d2553450515c56cf4ff52c6b9a5b10,0,0,0,0,0,0,0,0,0,0,0,0,0,0,87,16,0,0,0,0,0,0,0,0,0,0,100,NoArch
c56ae926a5ea617aa5efd870905d63fa4ffd52bc,4,20,11,9,0,0,0,2,7,4,1,1,1.313474275,701,88,17,110,108,2,3310,3274,36,70,70,0,0,100,NoArch
703d468a49d6f9315826257b7c33482da5ae01c3,3,20,10,10,0,0,0,1,4,318,1,3,1.110552251,701,463,3,85,84,1,2953,2917,36,31,31,0,0,100,NoArch
b4390246ca918b958b9bafdaffbe4abc473433ac,1,2,1,1,0,0,0,1,9,124,1,1,0,652,464,4,94,94,0,3260,3249,11,37,37,0,0,100,NoArch
6cb4828e51d6ea1829171b3539cc1ece615bc492,63,309,5718,5409,0,32,32,0,11,17,5,23,5.143253089,13384,464,10,964,1688,724,37772,61559,23787,468,818,350,1,93.58616101,Arch
c085df44f8b0663a7ee59737e31b2cc49e533882,64,5745,314,5431,32,0,32,1,29,54,5,24,5.16270166,9791,436,24,1895,1171,724,67757,43970,23787,934,584,350,0,93.58616101,Arch
1b4eb127237fd2b27457b8eb8762281d2bf329c5,2,0,30,30,0,0,0,4,30,53,1,1,0.948078244,2340,465,5,276,280,4,8132,8219,87,167,171,4,0,100,NoArch
dfd0436c1f3f9490de961f3ad2638ad9a6c1b0a9,64,310,5741,5431,0,32,32,0,29,18,5,24,5.160207269,15203,465,11,1169,1893,724,43939,67726,23787,582,932,350,1,93.58616101,Arch
51daeeeeda587e7aaf0d7d15e99aa2f724dd0b5f,66,5789,316,5473,33,0,33,1,30,54,5,24,5.190979693,9971,466,6,1918,1192,726,68649,44805,23844,942,590,352,0,93.49474524,Arch
bf310ef475f17b25cb0a191f634b1a3b32ac1177,3,185,0,185,3,0,3,1,1,0,1,3,1.468484311,0,437,25,20,0,20,566,0,566,15,0,15,0,96.26179531,Arch
55ac4358a47f37667ba61649d1e980baa598fc4b,1,24,1,23,0,0,0,2,9,6,1,1,0,161,467,7,32,28,4,757,616,141,22,22,0,1,100,NoArch
682b8c2ccd55c8251934d67a187ffd6e05e35a44,0,0,0,0,0,0,0,0,0,0,0,0,0,0,468,8,0,0,0,0,0,0,0,0,0,0,100,NoArch
358bc878132ae0d9f4d2f26bfd42b074174fcca4,1,0,2,2,0,0,0,3,3,320,1,1,0,84,438,26,2,2,0,481,503,22,2,2,0,0,100,NoArch
f0d409fec6a6018771a6c1b0bd4161f0e1105f85,0,0,0,0,0,0,0,0,0,0,0,0,0,0,469,9,0,0,0,0,0,0,0,0,0,0,100,NoArch
73c4d4d7c2a13e3d154c103f4bebc2f4d6dcd539,69,313,5994,5681,0,36,36,0,29,17,5,27,5.276307873,15652,466,12,1192,1942,750,44805,69356,24551,590,957,367,1,93.76047441,Arch
2054392af21a510ad0eda28f361e511432b16b88,76,7116,317,6799,43,0,43,1,30,46,5,29,5.499620611,9971,17,1,2068,1192,876,73703,44805,28898,1036,590,446,0,93.55544121,Arch
4ee5b8c11e73d1686951550461dab790d055e2d0,0,0,0,0,0,0,0,0,0,0,0,0,0,0,18,2,0,0,0,0,0,0,0,0,0,0,100,NoArch
21e08377cb2efd7dc0bdedadfa6cd56fc1d23d74,2,1,7,6,0,0,0,1,9,6,1,2,0.811278124,337,89,18,38,40,2,1090,1135,45,4,4,0,0,100,NoArch
37e3387bed483586fe74dbda7e0ac55985b2135c,1,3,1,2,0,0,0,2,3,486,1,1,0,602,439,27,107,106,1,2474,2454,20,30,30,0,1,100,NoArch
3756ee2d3a1409e3b2345a2c603377893da77576,76,313,7106,6793,0,43,43,0,29,16,5,29,5.497462836,16764,404,1,1192,2066,874,44805,73658,28853,590,1036,446,1,93.55544121,Arch
a1ba6e0325f5af18f958104b603779635e9064ed,77,7226,317,6909,44,0,44,1,30,44,5,30,5.529516553,9971,63,21,2073,1192,881,74028,44805,29223,1038,590,448,0,93.5313786,Arch
8f3f4e1ae05973f16c92535f38d8a444d9bd2b16,0,0,0,0,0,0,0,0,0,0,0,0,0,0,64,22,0,0,0,0,0,0,0,0,0,0,100,NoArch
7a386be93891dc331260160d0d76ced959f17f25,2,2,2,0,0,0,0,4,31,0,1,1,1,2310,129,0,276,276,0,8132,8132,0,167,167,0,0,100,NoArch
cf1fc15ad5edff89018224b21741429f11f3d949,0,0,0,0,0,0,0,0,0,0,0,0,0,0,440,28,0,0,0,0,0,0,0,0,0,0,100,NoArch
8eb04d6b95a450019b05ccf8e4ddc62a98dbe218,0,0,0,0,0,0,0,0,0,0,0,0,0,0,65,22,0,0,0,0,0,0,0,0,0,0,100,NoArch
c3d8fe18d4f78fb085070c269b32959793be6cf5,0,0,0,0,0,0,0,0,0,0,0,0,0,0,441,27,0,0,0,0,0,0,0,0,0,0,100,NoArch
6d115cf7a56f8c43ec98973527d99116d0b46812,0,0,0,0,0,0,0,0,0,0,0,0,0,0,442,28,0,0,0,0,0,0,0,0,0,0,100,NoArch
2c8b312bdab334694f4cdc9673af9aec3f170405,0,0,0,0,0,0,0,0,0,0,0,0,0,0,443,29,0,0,0,0,0,0,0,0,0,1,100,NoArch
584288dbe9705bf55acd400298e56d38fb89a822,1,1,1,0,0,0,0,1,4,329,1,1,0,530,470,9,82,81,1,2424,2408,16,26,26,0,1,100,NoArch
10302dd92e1820d794ad9a364739c815f3127637,78,315,7224,6909,0,44,44,0,29,17,5,30,5.530353596,17371,467,13,1263,2144,881,46770,75993,29223,643,1091,448,1,93.5313786,Arch
4122ad2d2a0bbbb923c904ca9bf3b546fded3336,0,0,0,0,0,0,0,0,0,0,0,0,0,0,468,14,0,0,0,0,0,0,0,0,0,0,100,NoArch
54515313716733ae95d17044d2cc26456c3bcc6b,78,7228,319,6909,44,0,44,1,31,42,5,30,5.532299858,10462,444,30,2144,1263,881,75993,46770,29223,1091,643,448,0,93.5313786,Arch
4624a3a3cb4ee00f601dc8c7129aa84bf9a369b2,77,313,7222,6909,0,44,44,0,30,15,5,30,5.527567115,16880,405,2,1192,2073,881,44805,74028,29223,590,1038,448,0,93.5313786,Arch
fcc9ae70b15082ee67815a58feb3b1c36db454cf,77,7226,317,6909,44,0,44,1,31,44,5,30,5.529516553,9971,445,31,2073,1192,881,74028,44805,29223,1038,590,448,0,93.5313786,Arch
77c889d19e89f467b369fe3a6879aa2619f13028,12,903,278,625,5,1,6,1,11,7,1,2,2.984593521,827,90,19,200,119,81,7135,3439,3696,122,83,39,0,99.8010998,NoArch
e0efebea98db365ee7922c0b3b62729ebd2da30c,6,30,18,12,0,0,0,1,8,2,1,2,2.084689513,1046,91,20,140,140,0,5648,5496,152,74,76,2,0,100,NoArch
855076cee3fd933ccf0f336315420910b7aa7cc1,0,0,0,0,0,0,0,0,0,0,0,0,0,0,471,10,0,0,0,0,0,0,0,0,0,0,100,NoArch
c1a0cd6875ad04dc384ef484e00788cb2f4c51c0,8,42,2,40,0,0,0,3,14,292,1,1,2.913249235,912,472,11,118,113,5,3861,3728,133,74,69,5,1,100,NoArch
568bdc4bd47113100a702bd0b013cd06bb1f3819,81,313,7859,7546,0,48,48,0,30,15,5,31,5.61546551,17517,469,12,1192,2154,962,44805,77876,33071,590,1075,485,1,93.41817714,Arch
7dafbb582fbba60c1797cf15af298c7ab6cc8913,82,7864,318,7546,48,0,48,1,31,38,5,32,5.619203982,10840,473,12,2295,1333,962,82173,49102,33071,1133,648,485,1,93.41817714,Arch
142f2ea67068d8e45ff6b1fa041565801b5bc5e8,81,313,7859,7546,0,48,48,0,30,15,5,31,5.61546551,17517,470,13,1192,2154,962,44805,77876,33071,590,1075,485,1,93.41817714,Arch
e264e6f9d1e8e5bcea7d1e30df8793731c608451,84,7863,321,7542,48,0,48,1,31,43,5,33,5.62466839,10798,474,13,2297,1335,962,81760,48733,33027,1136,651,485,1,93.41817714,Arch
e9e8fd147d6fa21a024929fcc8cdc2afa9e2b83d,2,7,0,7,0,0,0,4,15,158,1,2,0.591672779,743,7,0,48,48,0,3303,3260,43,25,25,0,1,100,NoArch
021a2afd88ca334e789782a98b0a72ecafdaec94,3,63,42,21,0,0,0,4,16,173,1,2,0.32243117,817,8,1,38,35,3,3511,3381,130,24,22,2,1,100,NoArch
d6c2de6b8cb675f493bf5de1a41ef1d0d291d256,2,16,2,14,0,0,0,3,10,13,1,1,1,424,66,23,5,5,0,568,552,16,4,4,0,0,100,NoArch
1f93e11accb39972aee8563183d9680ba75f9595,1,8,0,8,0,0,0,2,9,1,1,1,0,275,92,21,46,44,2,1339,1314,25,32,30,2,0,100,NoArch
396c25dc16c45e16c14cb509cf57fd2b90a2e1a8,88,359,7951,7592,0,48,48,0,30,14,5,33,5.656902261,19353,65,0,1389,2356,967,52928,86169,33241,678,1167,489,1,93.41817714,Arch
789d2da20c0d304a68017c389d99f5ff191ac50c,88,7955,363,7592,48,0,48,1,31,46,5,33,5.658681449,11761,93,22,2356,1389,967,86169,52928,33241,1167,678,489,1,93.41817714,Arch
8ce74fa439cabc51b562bf936a8011111c6bfea4,1,1,1,0,0,0,0,4,17,1,1,1,0,598,446,32,29,29,0,2460,2458,2,20,20,0,0,100,NoArch
97f311f89843ceb54fadca237025a764316dc5ce,1,151,0,151,1,0,1,1,1,0,1,1,0,0,475,14,9,0,9,484,0,484,2,0,2,0,99.97661366,NoArch
2e018cc5acd76b2600cae1d12514bb8cc6bcd513,0,0,0,0,0,0,0,0,0,0,0,0,0,0,476,15,0,0,0,0,0,0,0,0,0,0,100,NoArch
2fa88148e546295b9002cf8a58eb76c827e91bc8,2,37,5,32,0,0,0,2,11,11,1,2,0.749595257,523,94,23,64,58,6,1897,1735,162,29,27,2,0,100,NoArch
18aa6dd34a2969277f4b725c5b1afa56c5bd0cd7,0,0,0,0,0,0,0,0,0,0,0,0,0,0,447,33,0,0,0,0,0,0,0,0,0,0,100,NoArch
5f318d3aef2053f4d201eede4063dfad0436cd3d,0,0,0,0,0,0,0,0,0,0,0,0,0,0,477,16,0,0,0,0,0,0,0,0,0,1,100,NoArch
c2a51115cd0a2efede4cb24ba2c25178c684400e,2,16,16,0,0,0,0,4,22,31,1,2,0.543564443,1385,478,17,242,241,1,6598,6590,8,93,93,0,1,100,NoArch
1e47d1ba034d7910a62346e1858a0e6339a2fbb4,89,359,8134,7775,0,49,49,0,30,13,5,34,5.681841764,19536,471,8,1389,2371,982,52928,86817,33889,678,1171,493,1,93.39416527,Arch
6355225b133d3eded826077b6071931615612e24,89,8153,363,7790,49,0,49,1,31,45,5,34,5.682204147,11761,95,20,2374,1389,985,86905,52928,33977,1172,678,494,0,93.39416527,Arch
da93e413c1af54f984bf74250c0f8892eb0ee08e,0,0,0,0,0,0,0,0,0,0,0,0,0,0,479,18,0,0,0,0,0,0,0,0,0,1,100,NoArch
e437092be2bcb2baf80c01054fa5358a371eaff5,89,359,8149,7790,0,49,49,0,30,13,5,34,5.680456555,19551,472,9,1389,2374,985,52928,86905,33977,678,1172,494,1,93.39416527,Arch
75270affd846c5ef6ae0c0a81ba4af1d5cd71ac8,90,8173,380,7793,49,0,49,1,31,47,5,35,5.69782144,12098,480,19,2408,1423,985,88960,54982,33978,1187,693,494,1,93.43862352,Arch
784d69ff806ff30d205322d537507d63eb3e028e,89,359,8149,7790,0,49,49,0,30,13,5,34,5.680456555,19551,473,10,1389,2374,985,52928,86905,33977,678,1172,494,1,93.43862352,Arch
dee685f73c67a87b731135146daddedb9cc47cee,89,8196,363,7833,49,0,49,1,31,45,5,34,5.695216206,11761,481,20,2375,1389,986,87127,52928,34199,1173,678,495,1,93.43862352,Arch
f6041bb83946e1b418046d72216914bc3f73cb9e,0,0,0,0,0,0,0,0,0,0,0,0,0,0,482,21,0,0,0,0,0,0,0,0,0,1,100,NoArch
c971df54774e26d56fdbaecf1651b4dfd9d681f0,89,359,8192,7833,0,49,49,0,30,13,5,34,5.693482774,19594,474,11,1389,2375,986,52928,87127,34199,678,1173,495,1,93.43862352,Arch
5779e882f2b0d359b38d04e42bf2cf43377e2316,0,0,0,0,0,0,0,0,0,0,0,0,0,0,475,12,0,0,0,0,0,0,0,0,0,1,100,NoArch
944f9d60d71f3a7c1531b7a0d41ff9e17dc344bf,91,8274,370,7904,49,0,49,1,31,46,5,35,5.724968237,12004,483,22,2407,1410,997,88499,53914,34585,1191,694,497,1,93.37442219,Arch
60ba9da302b4265f6e7104bc0db0dfffe91cfc1d,0,0,0,0,0,0,0,0,0,0,0,0,0,0,448,32,0,0,0,0,0,0,0,0,0,0,100,NoArch
319033f7129fa96dcf07a9deb141938b7a15d5b6,1,14,4,10,0,0,0,3,5,209,1,1,0,62,449,33,10,8,2,299,232,67,4,4,0,0,100,NoArch
b3748b4fd8acd595c6bd59c68e82b0b3bf863ca3,10,12,840,828,0,7,7,1,6,213,3,4,2.722284443,893,484,23,9,105,96,287,4312,4025,4,52,48,1,96.22025198,Arch
87dcdce23992781dd047a09ff028bcee9f33d0ca,1,10,1,9,0,0,0,4,32,30,1,1,0,1819,450,23,205,205,0,6167,6167,0,114,114,0,0,100,NoArch
4c4f86a0d8523eb9fca630b181ce2b90e28940a6,3,57,12,45,0,0,0,2,24,239,1,1,0.930586005,2688,451,24,290,281,9,8129,7972,157,139,133,6,1,100,NoArch
0f1dccee3797645e8df7ddaa40972e8fce08ffac,16,89,12,77,0,0,0,2,23,233,1,13,3.925548012,3409,452,25,525,508,17,13514,13308,206,277,266,11,1,100,NoArch
140daf436c936fae9f9d6d715d76ee9c72010bd2,3,10,2,8,0,0,0,2,7,367,1,1,1.554585169,341,453,26,43,41,2,1327,1303,24,26,24,2,1,100,NoArch
65e40d03dab60518072515670a87b4d2471badaf,2,7,1,6,0,0,0,1,7,328,1,2,0.811278124,299,485,23,36,35,1,1423,1394,29,26,26,0,1,100,NoArch
3850704161bdaf7a47fe1e131c637668e182c084,1,4,1,3,0,0,0,2,3,519,1,1,0,129,454,26,14,13,1,485,470,15,10,10,0,0,100,NoArch
b695b490b26d627fd8cca451c9d16d11ff8f28c2,2,108,10,98,0,0,0,3,8,158,1,1,0.999170944,325,455,23,52,38,14,988,757,231,28,21,7,1,100,NoArch
ca067a6bbb91bbe1d8e3878b1ececd0449ae85b4,14,296,35,261,2,0,2,1,33,192,1,7,2.753562864,5805,456,24,852,836,16,25953,24452,1501,441,431,10,1,99.95337995,NoArch
1a2c507d2f3e48500a4ee2b87ed468a0067a537d,0,0,0,0,0,0,0,0,0,0,0,0,0,0,457,25,0,0,0,0,0,0,0,0,0,0,100,NoArch
661b281984025801d0326a4c0e58e32cc979c783,1,29,0,29,1,0,1,1,1,0,1,1,0,0,458,26,1,0,1,36,0,36,1,0,1,0,99.97670627,NoArch
26c45dee0a1ab8275647d9961f7702f092494ab7,0,0,0,0,0,0,0,0,0,0,0,0,0,0,459,27,0,0,0,0,0,0,0,0,0,0,100,NoArch
6fbb56868ff7d11c28c55ca2134c2a93e3a778d3,1,32,23,9,0,0,0,5,13,126,1,1,0,451,25,0,68,65,3,2120,2182,62,13,13,0,0,100,NoArch
ab027d08673aca992e00741a8a3f1b0543b8936f,0,0,0,0,0,0,0,0,0,0,0,0,0,0,26,1,0,0,0,0,0,0,0,0,0,0,100,NoArch
f1c6e4c663bc8fb7b9b11ead9bee800006b3e6bb,36,1887,2271,384,10,7,17,1,12,8,1,7,4.653412008,3459,96,7,382,434,52,14824,15504,680,219,249,30,0,99.31451144,NoArch
80bf2417f1452a5160f43d1ff28bf706025b4e8e,8,345,0,345,8,0,8,1,1,0,1,2,2.48123493,0,97,8,49,0,49,1605,0,1605,30,0,30,0,99.7338887,NoArch
0f59ecc43341b23b63a2965e98f6031c48dfc89f,1,33,19,14,0,0,0,4,17,41,1,1,0,491,98,9,74,71,3,1997,1965,32,53,53,0,0,100,NoArch
75bf37eaaa96697a2d6450f2ef20b1cd18af3db4,0,0,0,0,0,0,0,0,0,0,0,0,0,0,99,9,0,0,0,0,0,0,0,0,0,0,100,NoArch
127a36a02bc3cb5c8d2d5bb9a7cc92f47b644641,2,41,0,41,0,0,0,1,2,0,1,2,0.901170196,211,100,10,42,36,6,1178,944,234,29,23,6,0,100,NoArch
ac86d4d01ec1bac8b11d634f1961608df93ad706,1,16,4,12,0,0,0,1,3,0,1,1,0,163,101,11,30,28,2,981,911,70,15,15,0,0,100,NoArch
4bcac89d49d5b93d534de8cb5d4ee4b5fae5bb68,1,2,1,1,0,0,0,1,2,0,1,1,0,226,102,12,43,43,0,1630,1620,10,8,8,0,0,100,NoArch
6a794d8a60b704e5dd250e4086ee09950f8367ff,2,22,22,0,0,0,0,1,4,21,1,2,0.773226674,366,103,13,79,79,0,2478,2478,0,10,10,0,0,100,NoArch
990b852b42cb06cd100654046087d48da0ba7be0,0,0,0,0,0,0,0,0,0,0,0,0,0,0,27,2,0,0,0,0,0,0,0,0,0,0,100,NoArch
4225a4937b7e9d1f6ce2195780dd2c0f2121df52,1,3,2,1,0,0,0,1,3,133,1,1,0,102,28,3,10,10,0,469,474,5,2,2,0,0,100,NoArch
6b0f75c0e11095699b05234735e21162e7a36c99,0,0,0,0,0,0,0,0,0,0,0,0,0,0,29,4,0,0,0,0,0,0,0,0,0,0,100,NoArch
586d9ef320194e6a2e886a1776f745bbcee62e03,155,1278,9030,7752,9,67,76,0,30,18,8,59,6.320269319,31759,19,0,3076,4066,990,101039,136135,35096,1579,2075,496,0,93.29844269,Arch
a6f93512b426f121f67c5758cd99a454f777fe22,155,9034,1282,7752,67,9,76,1,33,78,8,59,6.32143043,24007,104,14,4066,3076,990,136135,101039,35096,2075,1579,496,0,93.29844269,Arch
cc1986ff12fd54af6fde60514e600eb2445450bf,5,103,40,63,0,0,0,1,3,8,1,2,1.766279749,292,105,11,61,49,12,1676,1390,286,37,30,7,0,100,NoArch
b1d2279145fabb100625c952969c6cc9ee70c3f4,1,1,1,0,0,0,0,1,3,0,1,1,0,48,106,12,11,11,0,254,248,6,5,5,0,0,100,NoArch
ffcbd0c015c45270fab45fd20cd1592067569ff4,3,21,21,0,0,0,0,1,4,12,1,2,1.138097714,612,107,13,98,97,1,3840,3838,2,34,33,1,0,100,NoArch
6086520836c0e19ec362096ec08d497daba4cf62,4,92,11,81,1,0,1,1,3,6,1,2,1.199158555,173,108,13,30,21,9,950,506,444,23,21,2,0,99.91918725,NoArch
faff4999f462676585e0dcdaa3918bf9e99fef78,2,4,4,0,0,0,0,1,4,0,1,1,1,118,109,14,11,11,0,565,565,0,4,4,0,0,100,NoArch
0dbcc1f4af7afb19e82c30bda98752204a5b75cb,3,158,120,38,0,0,0,1,5,5,1,3,0.847688526,576,110,15,100,81,19,3564,3417,147,39,39,0,0,100,NoArch
a783a42f7a2b9d7f490c384655e94b8b40d16f28,2,14,6,8,0,0,0,2,9,14,1,1,1,174,111,16,26,22,4,818,766,52,14,14,0,0,100,NoArch
e8952f6b37d1df4238bcc983fedac1ec0802e6ec,1,23,4,19,0,0,0,2,3,504,1,1,0,376,130,0,53,51,2,2191,2039,152,34,32,2,0,100,NoArch
7606053815c5944ad0299587e85ded5f4067d7a0,1,95,0,95,1,0,1,1,1,0,1,1,0,0,131,1,7,0,7,658,0,658,3,0,3,1,99.9769213,NoArch
b583afccc29688fbad89dde7b6a2175c943e1502,1,47,0,47,1,0,1,1,1,0,1,1,0,0,3,0,6,0,6,263,0,263,3,0,3,0,99.95386922,NoArch
52105b6c251bcc5180e8014b651827720c1c368e,4,48,26,22,0,0,0,1,10,2,1,2,1.850004387,525,112,16,74,71,3,2616,2553,63,46,43,3,0,100,NoArch
2026e6e83187b35cf79bf5ee5ddfd2bdc4b23310,1,7,0,7,0,0,0,2,5,114,1,1,0,369,460,12,25,25,0,2082,2042,40,24,24,0,0,100,NoArch
35fb3d1c84d5fb523f39abe5766b51eb5bbcda98,3,111,39,72,1,0,1,3,24,115,1,1,1.489108833,870,486,2,159,148,11,4831,4635,196,97,93,4,1,99.94238968,NoArch
f7f2a22712103aaf601b05de0bc160eb2534d2c0,159,1282,9414,8132,9,70,79,0,30,17,9,60,6.375368981,32515,476,0,3127,4180,1053,103078,140287,37209,1611,2128,517,1,93.22379315,Arch
f5ffb392437d7f04979f4ed2ce75a907380b6eb9,160,9423,1289,8134,70,9,79,1,33,72,9,61,6.3805588,24785,487,3,4245,3191,1054,142309,105090,37219,2154,1637,517,1,93.22379315,Arch
1ca2d6f57a3135cb154dca1c513c07114697c687,159,1282,9414,8132,9,70,79,0,30,17,9,60,6.375368981,32515,477,1,3127,4180,1053,103078,140287,37209,1611,2128,517,1,93.22379315,Arch
9c135637f90e0a6dc78201db9e79fb370e334344,160,9427,1305,8122,70,9,79,1,33,72,9,60,6.386055795,24514,488,4,4194,3143,1051,140844,103686,37158,2138,1621,517,0,93.22379315,Arch
24d8986cee13b7c14333026912e7cd034231f5c8,1,11,1,10,0,0,0,3,14,188,1,1,0,306,489,5,52,49,3,1367,1325,42,36,34,2,0,100,NoArch
a53b2e80c6232b33b119eec9df00bc440dd1c4fb,1,1,1,0,0,0,0,2,6,250,1,1,0,63,490,6,5,4,1,234,228,6,4,4,0,0,100,NoArch
2f7da7fa9b0952bcc58f891c4212f73b222e7526,1,57,0,57,1,0,1,1,1,0,1,1,0,0,4,1,8,0,8,310,0,310,3,0,3,0,99.97697444,NoArch
686db796b99b6e0e198ebcbe54dad9f400922b52,2,18,16,2,0,0,0,3,17,110,1,1,0.322756959,1918,491,7,174,171,3,4968,4951,17,99,100,1,0,100,NoArch
d0c46a77265f4569ee78e972ea9861b09bde1cc7,1,16,16,0,0,0,0,6,14,29,1,1,0,460,492,8,68,68,0,2129,2120,9,13,13,0,0,100,NoArch
1e54538e69f2a39cef7347f546656822bf7e3fc0,1,8,1,7,0,0,0,4,13,195,1,1,0,334,493,9,64,63,1,1600,1573,27,18,18,0,0,100,NoArch
5143a2ad0556adf20357191631e0c20699c5a7d4,163,1309,9512,8203,9,71,80,0,30,17,9,60,6.412697036,33384,478,2,3267,4335,1068,106562,144127,37565,1681,2202,521,1,93.20005094,Arch
6a9d59658be8f383bd8a0614517882fb61a0405a,163,9548,1313,8235,71,9,80,1,33,75,9,60,6.417008352,25181,113,17,4335,3267,1068,144127,106562,37565,2202,1681,521,0,93.20005094,Arch
edf3ba702cc4ce14ac80cdb32c132e14706f0844,2,0,136,136,0,2,2,2,3,0,1,1,0.996096459,136,114,18,0,14,14,0,573,573,0,6,6,0,99.93089946,NoArch
66f759123b155f5176309cbf8d6b11fa9d3259c4,0,0,0,0,0,0,0,0,0,0,0,0,0,0,494,10,0,0,0,0,0,0,0,0,0,0,100,NoArch
8905b967bbe68797e8201ad8f5be27760c4172c5,0,0,0,0,0,0,0,0,0,0,0,0,0,0,495,11,0,0,0,0,0,0,0,0,0,0,100,NoArch
a49e0850f7bb58cbf6c0461a9f85eb34df687efe,0,0,0,0,0,0,0,0,0,0,0,0,0,0,496,12,0,0,0,0,0,0,0,0,0,0,100,NoArch
311cd54b7827fc6a9eb97184cbaa84945b49aa1a,0,0,0,0,0,0,0,0,0,0,0,0,0,0,497,13,0,0,0,0,0,0,0,0,0,0,100,NoArch
a5379026138619fc95e20940939b45aedeb99b11,1,24,1,23,0,0,0,2,20,34,1,1,0,449,498,14,81,77,4,1816,1734,82,50,50,0,1,100,NoArch
0da70121d415552f772f3bf380300ae70a2d7812,0,0,0,0,0,0,0,0,0,0,0,0,0,0,499,15,0,0,0,0,0,0,0,0,0,0,100,NoArch
47abda2a7d26629ef8428000c664af6f9487bc4c,1,15,18,3,0,0,0,2,4,34,1,1,0,214,500,16,19,20,1,1058,1097,39,4,4,0,0,99.95390112,NoArch
5401cf8365ae56a0662fb648738fca94a178d10a,1,4,1,3,0,0,0,3,16,193,1,1,0,285,501,17,42,42,0,1493,1467,26,19,19,0,0,100,NoArch
4404311534d6c418e6c6db1b10ffd60c9c81bafd,1,6,2,4,0,0,0,2,5,0,1,1,0,211,502,18,19,19,0,1075,1058,17,4,4,0,0,100,NoArch
6f9cfad67b7056879facf98f0f842281ccb7caa2,6,10,10,0,0,0,0,2,3,271,1,2,2.30869497,891,503,19,94,94,0,4463,4443,20,63,63,0,0,100,NoArch
9befb114358205afe025f8e9a92324f874f54572,2,44,26,18,0,0,0,2,5,32,1,2,0.799759411,798,504,19,116,113,3,5399,5253,146,30,30,0,1,100,NoArch
7f0e13571f8547f1f079dbc4cfc3bba42f646e9e,4,126,13,113,0,0,0,3,18,277,1,3,1.67073593,876,505,20,146,127,19,4765,4086,679,73,69,4,1,99.96542982,NoArch
3a4f3d5bd9afb69f124b8a31adf2229b243cab5e,1,5,21,16,0,0,0,2,5,177,1,1,0,161,506,21,15,16,1,815,924,109,7,8,1,0,100,NoArch
e423bc58a03f3f02212f1696f96b8fb3e5929468,1,13,1,12,0,0,0,2,12,56,1,1,0,133,507,22,22,19,3,661,598,63,10,8,2,1,100,NoArch
b4b8499be5cff49f89273a654dcfee8266d7f655,6,95,86,9,0,0,0,2,16,162,1,3,1.968841931,1260,508,23,160,161,1,5222,5376,154,96,96,0,0,100,NoArch
6d550302a2a606415abb9bdc1fd18c9af5c7a84f,0,0,0,0,0,0,0,0,0,0,0,0,0,0,509,24,0,0,0,0,0,0,0,0,0,0,100,NoArch
dc98d967b59397aa1e977e4006c78fda4297a367,8,1306,0,1306,8,0,8,1,1,0,1,1,2.296031424,0,510,25,169,0,169,6512,0,6512,77,0,77,0,96.54979276,Arch
1ac3421e361f62f938bc3d306cb7290f40e68581,3,59,7,52,0,0,0,1,25,241,1,2,1.548736037,845,511,26,149,138,11,4667,4406,261,79,75,4,1,100,NoArch
4213222264ca82d9f6e71711c3c1b14426daaf54,184,1468,11036,9568,9,77,86,0,30,9,9,66,6.551436907,37262,479,3,3568,4817,1249,119271,163506,44235,1837,2434,597,1,91.81077075,Arch
530884a2d99104a864531b27132e2a0ae825f996,186,11115,1470,9645,79,9,88,1,33,69,9,66,6.572155883,27694,512,27,4823,3568,1255,163672,119271,44401,2437,1837,600,1,93.09407287,Arch
be742f233988761f5804b572d8df2dd7838630be,1,2,1,1,0,0,0,1,3,0,1,1,0,628,513,28,87,87,0,3916,3905,11,22,22,0,0,100,NoArch
7113c5efd8de177c549f53774291936243a83093,1,9,1,8,0,0,0,1,2,434,1,1,0,257,514,29,35,34,1,1687,1642,45,26,26,0,1,100,NoArch
81b9a08d55564795cfc05fc8b7ce2cc74e3623fe,186,1468,11114,9646,9,79,88,0,30,9,9,66,6.571314647,37340,480,4,3568,4823,1255,119271,163683,44412,1837,2437,600,1,93.09407287,Arch
0d9c764bf5411770a4b63a3c29f9788f457f403f,186,11123,1470,9653,79,9,88,1,33,69,9,66,6.571412813,27694,115,19,4826,3568,1258,163708,119271,44437,2437,1837,600,0,93.09407287,Arch
6d9e5b59518ec6f8ad3e577f2a2e300087d25a43,2,4,3,1,0,0,0,1,6,7,1,2,0.985228136,350,116,20,46,46,0,2070,2047,23,14,14,0,0,100,NoArch
20f08f48a8cc12b4004faa1987e354dee0326783,1,13,8,5,0,0,0,1,7,0,1,1,0,79,117,21,10,9,1,466,439,27,2,2,0,0,100,NoArch
7a853a45bfef228d58990fdab6a8e0b40ce45123,0,0,0,0,0,0,0,0,0,0,0,0,0,0,9,0,0,0,0,0,0,0,0,0,0,0,100,NoArch
be47d4066cf01141336a0b857b2f08d736418960,0,0,0,0,0,0,0,0,0,0,0,0,0,0,10,1,0,0,0,0,0,0,0,0,0,1,100,NoArch
0803e6308bd7936ed39beb4822247d7929240c41,1,1,1,0,0,0,0,3,3,394,1,1,0,168,461,7,13,13,0,524,522,2,6,6,0,1,100,NoArch
98dcd68429cb19d9cbd8e0a165fdbbf8790dbe41,1,1,0,1,0,0,0,3,3,394,1,1,0,243,462,8,38,38,0,1037,1030,7,18,18,0,1,100,NoArch
8a960016ede3b90ead640c2ba5a1363672232e7a,0,0,0,0,0,0,0,0,0,0,0,0,0,0,463,9,0,0,0,0,0,0,0,0,0,0,100,NoArch
96f78a2c088e1d82787fad4bb67850ccce85ed19,0,0,0,0,0,0,0,0,0,0,0,0,0,0,464,10,0,0,0,0,0,0,0,0,0,0,100,NoArch
b9d303224620864b80c382ba9d28bc1e2d91237b,1,3,3,0,0,0,0,2,4,431,1,1,0,69,465,11,6,6,0,253,253,0,1,1,0,1,99.98700286,NoArch
10fe0ff7fa9bab38db7997de79f9c40229ea66aa,7,0,3090,3090,0,7,7,1,4,552,1,1,2.156627852,3090,515,29,0,826,826,0,14061,14061,0,159,159,0,99.72634871,NoArch
0d7597d4c93ff75846c8dce68905bb219c85bd56,196,4562,11132,6570,16,79,95,0,30,8,10,70,6.421228796,37834,481,5,4451,4884,433,135137,165572,30435,2021,2462,441,0,92.82988004,Arch
c250fa5f6c7d43dbfe04773fc03d5018b8b857fd,196,11135,4565,6570,79,16,95,1,34,84,10,70,6.42212179,31264,132,2,4884,4451,433,165578,135137,30441,2462,2021,441,1,92.82988004,Arch
cf7ee97cf663d12e77a68bcc0637430641a7e1ec,2,3,10,7,0,0,0,2,11,26,1,1,0.391243564,378,118,22,59,62,3,1936,1955,19,30,31,1,0,100,NoArch
cedf2fc4081aa08c1e8a17d6aac93de68960acc9,0,0,0,0,0,0,0,0,0,0,0,0,0,0,119,23,0,0,0,0,0,0,0,0,0,0,100,NoArch
76d2eccf7c58a4a7900fe164d978011189084542,0,0,0,0,0,0,0,0,0,0,0,0,0,0,120,24,0,0,0,0,0,0,0,0,0,0,100,NoArch
9f3fcde5666235be4e695142e09617f6fa0d0f77,2,101,2,99,0,0,0,1,6,18,1,2,0.646251622,535,121,25,103,91,12,3622,3135,487,47,37,10,0,99.94773292,NoArch
480433bd7414d22229fc1c03745fef7c30bbab55,4,67,23,44,0,0,0,3,35,111,1,2,1.32912323,2533,466,11,291,291,0,9098,9098,0,177,177,0,1,100,NoArch
db39e50583eaba7e0f0293b6de7253afcfb42565,1,1,1,0,0,0,0,3,6,0,1,1,0,89,467,12,2,2,0,586,586,0,2,2,0,0,100,NoArch
4b08ea5c0406d88d8be37f74f3439464f0a9111b,2,88,22,66,0,0,0,4,36,0,1,1,0.93806215,2409,468,13,286,284,2,8320,8289,31,172,170,2,0,100,NoArch
0c2c5c6a19aee93a8f08b59d04d43d198227b68f,1,3,0,3,0,0,0,2,9,233,1,1,0,145,469,12,18,18,0,795,783,12,10,10,0,0,100,NoArch
9324b597ac7c8c65128ad3a917e494e8a5f2841e,1,4,1,3,0,0,0,3,9,86,1,1,0,210,470,12,38,37,1,835,818,17,14,14,0,1,100,NoArch
399981fe74ace6fc1b6469ac7178111e23b46b28,0,0,0,0,0,0,0,0,0,0,0,0,0,0,516,30,0,0,0,0,0,0,0,0,0,0,100,NoArch
1f6aa57df62ae72d75a44ad61d859d499f6ca196,28,2,1880,1878,0,22,22,2,19,280,1,3,4.209446996,3601,517,31,160,361,201,8648,17777,9129,59,151,92,0,96.08931656,Arch
98b61e439e40f1cdeb18b38ccd11113eb841b8c3,12,13,13,0,0,0,0,4,20,0,1,2,3.546593564,2139,518,32,205,205,0,9707,9707,0,101,101,0,0,98.46853314,NoArch
a4070b6315982322c5961771f50928960f38af20,196,4657,11419,6762,17,80,97,0,30,15,10,69,6.437556575,38018,482,6,4471,4909,438,134906,165520,30614,2037,2482,445,1,93.61979167,Arch
80c76a8882dbc4d0fdc037bc3ef375ffebca5c3d,11,1497,0,1497,11,0,11,1,7,0,1,1,2.732083585,0,483,7,175,0,175,7012,0,7012,80,0,80,1,97.91549296,Arch
f0713fecc386beda377f2cfbcf730d34e542c397,7,95,207,112,0,1,1,2,15,228,1,4,2.151337959,1370,484,8,157,164,7,5181,5995,814,94,99,5,1,100,NoArch
1702c9b15f322544dfeb2e3553848480199c168e,1,24,1,23,0,0,0,2,19,308,1,1,0,442,485,9,79,75,4,1793,1711,82,49,49,0,1,100,NoArch
4493e89ed71634a5e115b7097d477fa46c475eac,180,9805,4451,5354,69,16,85,1,36,91,10,68,6.262678076,30326,519,33,4639,4373,266,154783,130449,24334,2350,1980,370,0,93.38701162,Arch
466ccddc1fde7810cd5d1ee91cf50f4b10518473,1,15,1,14,0,0,0,5,41,210,1,1,0,1169,471,11,186,183,3,5066,5027,39,98,96,2,1,100,NoArch
4383d00d81456f3e29dc4c27eacbba49c381fa3e,2,67,7,60,1,0,1,1,4,103,1,1,0.93526914,103,472,12,9,6,3,630,533,97,7,4,3,0,99.93871798,NoArch
36278a2c26f60d8bdc2e6bc78018f40de949feeb,0,0,0,0,0,0,0,0,0,0,0,0,0,0,122,26,0,0,0,0,0,0,0,0,0,0,100,NoArch
8b215705a264a30d81e6708b15f51738715aab4d,2,2,2,0,0,0,0,1,5,6,1,1,1,195,520,34,32,32,0,895,879,16,26,26,0,0,100,NoArch
371e892e2c733e06718a5c10d1c26a9b4abfeb0f,183,4455,9883,5428,16,70,86,0,40,14,10,69,6.2862525,37026,486,10,4562,4834,272,136009,160479,24470,2080,2455,375,0,93.32365747,Arch
104305bac0b2f7f5d75631938eb0287f9f96bbde,184,9890,4461,5429,70,16,86,1,41,93,10,69,6.289685932,31642,521,35,4838,4566,272,160561,136088,24473,2459,2084,375,0,93.32365747,Arch
1b0a344feac82eccd163a21633146db2a794021c,183,4455,9883,5428,16,70,86,0,40,14,10,69,6.2862525,37026,487,11,4562,4834,272,136009,160479,24470,2080,2455,375,0,93.32365747,Arch
5b26cd83c91b34e9eeddd50b21d8803e89eb5918,184,9910,4463,5447,70,16,86,1,41,94,11,70,6.295280671,31711,522,36,4849,4570,279,161111,136457,24654,2457,2082,375,0,93.32365747,Arch
a49017fb10cb831d46943bec03a4ada17323c16b,0,0,0,0,0,0,0,0,0,0,0,0,0,0,523,37,0,0,0,0,0,0,0,0,0,0,100,NoArch
8b0f2930a381f4000ae1fbcb8d0c1826cd95fd1e,1,145,0,145,1,0,1,1,1,0,1,1,0,0,524,38,11,0,11,610,0,610,3,0,3,0,99.9755022,NoArch
fcb5d9ed5f7aaf049d32311161038b1db435d972,10,1962,0,1962,10,0,10,1,1,0,1,1,2.889738995,0,525,39,390,0,390,10639,0,10639,97,0,97,0,99.7312813,NoArch
a4b13add627fe00f3f280450d0e0c874bbb0d2f3,0,0,0,0,0,0,0,0,0,0,0,0,0,0,526,40,0,0,0,0,0,0,0,0,0,0,100,NoArch
65162d01333b2ce0bd9cfe179cdcb556e8ac1959,2,118,2,116,0,0,0,2,2,248,1,1,0.999799616,0,527,41,4,4,0,303,303,0,4,4,0,0,100,NoArch
a88906f0e4fd710477b821c88440431308954615,57,6375,6092,283,0,0,0,1,13,26,5,17,5.414246736,6094,528,42,779,779,0,28157,28157,0,413,413,0,0,100,NoArch
9f7dcf713982c445bc88cc22b20dcc9962540c5c,0,0,0,0,0,0,0,0,0,0,0,0,0,0,529,43,0,0,0,0,0,0,0,0,0,0,100,NoArch
1c0d2eb88672a318b62b7dfd7007cade0d03ba80,0,0,0,0,0,0,0,0,0,0,0,0,0,0,530,44,0,0,0,0,0,0,0,0,0,0,100,NoArch
e454d9e52abb6407d8e07e9dbc0fa252f1234d93,0,0,0,0,0,0,0,0,0,0,0,0,0,0,531,45,0,0,0,0,0,0,0,0,0,0,100,NoArch
ae69568307d41c5a8b0c5cdcd205bd205c90f100,0,0,0,0,0,0,0,0,0,0,0,0,0,0,532,46,0,0,0,0,0,0,0,0,0,0,100,NoArch
36aa31a734fb930b7e2c5d757b3ce56b3b784a07,0,0,0,0,0,0,0,0,0,0,0,0,0,0,533,47,0,0,0,0,0,0,0,0,0,0,100,NoArch
7c416e5f4afaaef3916fd431e73c1fb4bb9349d2,0,0,0,0,0,0,0,0,0,0,0,0,0,0,534,48,0,0,0,0,0,0,0,0,0,0,100,NoArch
8245f68d7963266723fc6b596c12af6876832e7b,0,0,0,0,0,0,0,0,0,0,0,0,0,0,67,0,0,0,0,0,0,0,0,0,0,0,100,NoArch
7c6798ad8d83980185ae2ff492c0b83e47ed324a,0,0,0,0,0,0,0,0,0,0,0,0,0,0,68,1,0,0,0,0,0,0,0,0,0,0,100,NoArch
a48afebe70337999484d0c2dbc893a5a824f073f,0,0,0,0,0,0,0,0,0,0,0,0,0,0,11,2,0,0,0,0,0,0,0,0,0,0,100,NoArch
ec77ecd315f1d8ef94c68113ace3b73b1580c51b,0,0,0,0,0,0,0,0,0,0,0,0,0,0,12,3,0,0,0,0,0,0,0,0,0,0,100,NoArch
1a447b896bd44e18491f9130c17319baf6418ac3,0,0,0,0,0,0,0,0,0,0,0,0,0,0,13,4,0,0,0,0,0,0,0,0,0,1,100,NoArch
a5971e69ab96ba5ecde47f06bfe3e6f9d4c955f3,0,0,0,0,0,0,0,0,0,0,0,0,0,0,473,13,0,0,0,0,0,0,0,0,0,0,100,NoArch
06a5829c14237418e142b4c79ed3777aed837de6,7,60,8,52,0,0,0,3,24,154,1,2,2.727764893,1798,474,14,318,308,10,8534,8354,180,243,237,6,1,100,NoArch
27b58d6f61379bc69d0f984cf01d5ce886aea1f4,208,4942,12941,7999,16,81,97,0,40,12,14,75,6.531219527,42449,488,12,5039,5727,688,150003,186011,36008,2401,2882,481,1,93.02815049,Arch
16d403f5354ff7428e54f78ea0fbd360b54259b1,207,12943,4938,8005,81,16,97,1,41,88,14,74,6.528953782,33575,535,49,5586,4896,690,181714,145631,36083,2824,2343,481,1,93.02815049,Arch
251b25de928a7cc7dc93629a658bc380e47c4e17,209,5132,12939,7807,17,81,98,0,40,13,14,75,6.548004618,41781,489,13,4968,5623,655,147684,182700,35016,2356,2831,475,1,93.00460224,Arch
d320676ae1d031f61f7ee099b5aedf844a874296,207,12943,4938,8005,81,16,97,1,41,88,14,74,6.528953782,33575,536,50,5586,4896,690,181714,145631,36083,2824,2343,481,1,93.03364879,Arch
c9ab0d01d1c25adc6b306cba48e345014d1fbc7c,0,0,0,0,0,0,0,0,0,0,0,0,0,0,475,15,0,0,0,0,0,0,0,0,0,0,100,NoArch
c06ad3169261352cacdba8f8f9e3801cbb9535ff,0,0,0,0,0,0,0,0,0,0,0,0,0,0,476,16,0,0,0,0,0,0,0,0,0,0,100,NoArch
a677c21240ac154a9fdd4cb1aca9001a5cb16472,54,6012,0,6012,54,0,54,1,1,0,1,3,5.378188196,0,477,17,431,0,431,25471,0,25471,266,0,266,0,94.59210678,Arch
8cff4529607cfe6edccf5b33085aba0b96388357,0,0,0,0,0,0,0,0,0,0,0,0,0,0,478,18,0,0,0,0,0,0,0,0,0,0,100,NoArch
35ce059a69148900d49df7e11c5db2896e13dd62,0,0,0,0,0,0,0,0,0,0,0,0,0,0,479,19,0,0,0,0,0,0,0,0,0,1,100,NoArch
288f8767c3c22b5c30ade4f844d23f498824c415,49,0,5308,5308,0,41,41,2,5,389,1,1,5.266338173,5300,480,20,0,390,390,0,21967,21967,0,243,243,1,96.83013033,Arch
6df6d58efea43b369cd088d609d077aa901482e4,1,26,2,24,0,0,0,3,16,209,1,1,0,193,481,21,23,20,3,856,724,132,11,10,1,1,100,NoArch
b662f6065c9dccdd5b119e92f63a4eb984f6548f,0,0,0,0,0,0,0,0,0,0,0,0,0,0,69,2,0,0,0,0,0,0,0,0,0,0,100,NoArch
9b07e4323a2d37b5f30f592f39b75b1e4fed7473,2,54,3,51,0,0,0,2,11,74,1,1,0.831474388,314,482,22,39,32,7,1580,1372,208,20,18,2,0,100,NoArch
fddc01d97cbad6d00a0ba32062d1ee9df2a89b7c,10,299,58,241,0,0,0,2,6,10,1,4,2.348525056,1024,123,18,174,144,30,8074,5911,2163,60,55,5,0,99.9664392,NoArch
7450969cb7b6bddf5efd6db5d97497e7ae32344f,5,4,5,1,0,0,0,2,7,0,1,3,1.879964949,773,124,19,100,99,1,5514,5548,34,47,47,0,0,100,NoArch
94df6d1b05f286feafa7b78b92cdd54df848da2c,1,2,2,0,0,0,0,2,5,0,1,1,0,152,125,20,20,20,0,1108,1107,1,3,3,0,0,100,NoArch
e4266c33f603f22101940d01dc111f242eec803e,1,1,1,0,0,0,0,2,8,0,1,1,0,401,126,21,46,46,0,2991,2991,0,26,26,0,0,100,NoArch
fe3785c9baf467c8b74f17e20769cfef30795f41,264,5149,14167,9018,19,89,108,0,40,23,14,75,6.659830533,48005,490,14,5299,6090,791,167714,210455,42741,2592,3119,527,0,89.46047679,Arch
2fe01ce355cfa527f24e9c787b9a2fcc8697713b,261,13966,4942,9024,86,16,102,1,41,47,13,75,6.598884435,38987,537,51,6071,5299,772,209771,167714,42057,3104,2592,512,0,89.46047679,Arch
23e80fdbc14cac424109cef69ef823c444157a9c,264,5070,14051,8981,16,86,102,0,40,26,14,75,6.628096206,48447,491,15,5358,6123,765,169894,211693,41799,2622,3128,506,2,89.46047679,Arch
ff30070bea5bdeb12deaf3d59cf639087033c8b8,261,13966,4942,9024,86,16,102,1,41,47,13,75,6.598884435,38987,538,52,6071,5299,772,209771,167714,42057,3104,2592,512,2,89.46047679,Arch
eafa72d7cb39e80b5ef3e5cebb5b031da9aded84,264,5020,13976,8956,16,86,102,0,40,27,14,76,6.616082343,48811,492,16,5400,6164,764,171886,213717,41831,2651,3159,508,1,89.46047679,Arch
cf5ee40d6397ad5e6106e74612620c797561cbd9,261,13966,4942,9024,86,16,102,1,41,47,13,75,6.598884435,38987,539,53,6071,5299,772,209771,167714,42057,3104,2592,512,1,89.46047679,Arch
43cba856e40ed9ccfb2c0dc988a825ec6b242b2f,262,4965,13964,8999,16,86,102,0,40,24,14,75,6.604423764,48082,493,17,5313,6081,768,168146,210041,41895,2602,3111,509,1,89.44528112,Arch
87666fa1948d22b89fd8cf547d5b4ef86044b9d7,261,13966,4942,9024,86,16,102,1,41,47,13,75,6.598884435,38987,540,54,6071,5299,772,209771,167714,42057,3104,2592,512,1,89.44528112,Arch
c69b9becc78ba1a859566e2762fe87aa0528740d,262,4943,13965,9022,16,86,102,0,40,25,14,75,6.600538235,48222,494,18,5336,6108,772,169049,211096,42047,2601,3113,512,0,89.44528112,Arch
40958b688fc5fc028fcbd4eef9aa0301d9374414,261,13966,4942,9024,86,16,102,1,41,47,13,75,6.598884435,38989,541,55,6071,5299,772,209781,167724,42057,3104,2592,512,0,89.44528112,Arch
fd6ae201af136082394dc55332ae874d6132374e,262,4939,13963,9024,16,86,102,0,40,25,14,75,6.59885036,48107,495,19,5309,6081,772,168053,210110,42057,2598,3110,512,0,89.44528112,Arch
d6c75ee25ec7c9cf3955d1610208d70445fdf619,261,13966,4942,9024,86,16,102,1,41,47,13,75,6.598884435,38989,542,56,6071,5299,772,209781,167724,42057,3104,2592,512,0,89.44528112,Arch
4b3b6186a46dd69ff85e4d5fa99d4b11128a5782,262,5074,13964,8890,16,86,102,0,40,26,14,76,6.612115454,48099,496,20,5335,6085,750,168571,210100,41529,2617,3116,499,1,89.44528112,Arch
1250a6d023092e739700ca8260ecfdc3c6a20cc6,261,13966,4942,9024,86,16,102,1,41,47,13,75,6.598884435,38989,543,57,6071,5299,772,209781,167724,42057,3104,2592,512,1,89.44528112,Arch
8432e7a790523d8a37e612e37398562d4f36369a,262,4942,13962,9020,16,86,102,0,40,25,14,76,6.599490455,48105,497,21,5311,6082,771,168174,210218,42044,2596,3108,512,1,89.44528112,Arch
75fde7165e9541da926ecc9763c905b9783f4c82,261,13966,4942,9024,86,16,102,1,41,47,13,75,6.598884435,38989,544,58,6071,5299,772,209781,167724,42057,3104,2592,512,1,89.44528112,Arch
f4de30d2d979dff284844c325fa612e10a5d79dc,264,5190,14187,8997,16,86,102,0,40,26,14,76,6.625474471,49222,498,22,5494,6262,768,173697,215563,41866,2665,3181,516,2,89.44528112,Arch
ad2546fa8d3982f6671e8022e05e3fb21f32227c,261,13966,4942,9024,86,16,102,1,41,47,13,75,6.598884435,38989,545,59,6071,5299,772,209781,167724,42057,3104,2592,512,2,89.44528112,Arch
8a4db98776fe9fd191e0e77d36c63ee40aedbfb7,0,0,0,0,0,0,0,0,0,0,0,0,0,0,546,60,0,0,0,0,0,0,0,0,0,0,100,NoArch
829e86f72e774f7bf067ee596fb5d91366921731,0,0,0,0,0,0,0,0,0,0,0,0,0,0,547,61,0,0,0,0,0,0,0,0,0,0,100,NoArch
79527ce44bb1248e8352bc09179f960d0cb87047,261,4938,13962,9024,16,86,102,0,40,24,14,75,6.597998507,48013,499,23,5299,6071,772,167724,209781,42057,2592,3104,512,0,89.44528112,Arch
6722a0327ea311f7710273371056f66a6bc8e204,261,13966,4942,9024,86,16,102,1,41,47,13,75,6.598884435,38989,548,62,6071,5299,772,209781,167724,42057,3104,2592,512,0,89.44528112,Arch
d1ff5abf481aba0d30ac60a56191ebf6a898f0b1,2,29,2,27,0,0,0,2,13,16,1,2,0.869137581,282,127,19,51,41,10,1462,1281,181,27,25,2,0,100,NoArch
43742775af7893afcaaf8b9f0118d816d43670bc,1,4,0,4,0,0,0,3,14,0,1,1,0,232,128,20,39,39,0,1270,1238,32,15,15,0,0,100,NoArch
2116b04dbb6fd5dc47a89dad659e695b5efc6079,0,0,0,0,0,0,0,0,0,0,0,0,0,0,483,23,0,0,0,0,0,0,0,0,0,0,100,NoArch
ffd1ccb6b8a382e315f0f6d06d5c52d825f095f6,0,0,0,0,0,0,0,0,0,0,0,0,0,0,484,24,0,0,0,0,0,0,0,0,0,0,100,NoArch
857cc8c30931076b5702d87bcfe9ed1cb894ade1,4,48,5,43,0,0,0,2,11,346,1,1,1.607506067,343,485,25,18,16,2,951,749,202,18,16,2,1,99.92171774,NoArch
0e91a73c616b98e2dae9cb24d12de8dd389c85c1,0,0,0,0,0,0,0,0,0,0,0,0,0,0,486,26,0,0,0,0,0,0,0,0,0,0,100,NoArch
1ea430e557060809f726229ad9dffa6ee0ada649,2,9,9,0,0,0,0,4,24,200,1,2,0.918295834,704,549,63,126,127,1,3035,3037,2,47,47,0,1,100,NoArch
ca60ebbf73e551f8d4d45405593609f9934f5ce0,265,4943,14041,9098,16,86,102,0,40,24,14,75,6.61221726,48430,500,24,5314,6098,784,168465,210937,42472,2608,3124,516,1,89.3753136,Arch
afba7231914cd9cac32be3e7a870f0871d73c57f,265,14045,4947,9098,86,16,102,1,41,46,13,75,6.613095975,39332,550,64,6098,5314,784,210937,168465,42472,3124,2608,516,1,89.3753136,Arch
e2fc905581aeb754521ecf587939c33f3014a399,0,0,0,0,0,0,0,0,0,0,0,0,0,0,129,19,0,0,0,0,0,0,0,0,0,0,100,NoArch
c67a8838f360c721221b81cb50548496e3eaf57c,0,0,0,0,0,0,0,0,0,0,0,0,0,0,551,65,0,0,0,0,0,0,0,0,0,0,100,NoArch
244bee4404db7f6c2ff8df2535933653f949e5d8,0,0,0,0,0,0,0,0,0,0,0,0,0,0,130,20,0,0,0,0,0,0,0,0,0,0,100,NoArch
d7a872c4b5b821b5aef53da2f9377af5b2ab1f0b,0,0,0,0,0,0,0,0,0,0,0,0,0,0,131,20,0,0,0,0,0,0,0,0,0,0,100,NoArch
d1211992a1404d14e6f3ac920c96fb600a03d304,0,0,0,0,0,0,0,0,0,0,0,0,0,0,132,20,0,0,0,0,0,0,0,0,0,0,100,NoArch
73d5b6feea246c20f26b949aa3d34974095752ee,0,0,0,0,0,0,0,0,0,0,0,0,0,0,133,21,0,0,0,0,0,0,0,0,0,0,100,NoArch
5f7c6b73ba6862345f8ae9d19e0706dc66155650,0,0,0,0,0,0,0,0,0,0,0,0,0,0,552,66,0,0,0,0,0,0,0,0,0,1,100,NoArch
91e6c64f1e9f70ac4033d800110e1ddd6e53ae42,265,4943,14041,9098,16,86,102,0,40,24,14,75,6.61221726,48430,501,25,5314,6098,784,168465,210937,42472,2608,3124,516,1,89.3753136,Arch
eb48eb63ef02b2bf6b940c49f5aceec007b231e2,1,2,1,1,0,0,0,3,16,24,1,1,0,307,502,26,42,42,0,1093,1084,9,26,26,0,0,100,NoArch
f2f428101bd3f35c30c2433f38eeaeba6dc4bf64,265,14045,4947,9098,86,16,102,1,41,46,13,75,6.613095975,39333,553,67,6098,5314,784,210946,168474,42472,3124,2608,516,0,89.3753136,Arch
fe7ab1c01f5dafffc5834faba94b0c8c4dd8abc3,0,0,0,0,0,0,0,0,0,0,0,0,0,0,554,68,0,0,0,0,0,0,0,0,0,1,100,NoArch
f3e1ea888820fed858c1682282fe68a49b048fe2,265,4943,14041,9098,16,86,102,0,40,24,14,75,6.61221726,48431,503,27,5314,6098,784,168474,210946,42472,2608,3124,516,1,89.3753136,Arch
f2d90cd97cc457d63b066ed53a231ccccd5ab449,265,14045,4947,9098,86,16,102,1,41,46,13,75,6.613095975,39333,555,69,6098,5314,784,210946,168474,42472,3124,2608,516,1,89.3753136,Arch
2fc2c285164b51d9fb756b074cd59343f42e34a1,1,3,2,1,0,0,0,2,4,441,1,1,0,221,134,21,34,34,0,1114,1114,0,8,8,0,0,100,NoArch
2d9190f56a29381bc3a240007b7ec84e56ff6d9d,0,0,0,0,0,0,0,0,0,0,0,0,0,0,70,3,0,0,0,0,0,0,0,0,0,0,100,NoArch
9758b12a085e8b45e8cd3f7a72f3e05a14b83582,0,0,0,0,0,0,0,0,0,0,0,0,0,0,556,70,0,0,0,0,0,0,0,0,0,0,100,NoArch
b2aa0749664577ffdb0b24d8fee2bddb0fd359d4,0,0,0,0,0,0,0,0,0,0,0,0,0,0,557,71,0,0,0,0,0,0,0,0,0,1,100,NoArch
397e9ccee5c923ce755f1e6bce14ade703e7a9f5,0,0,0,0,0,0,0,0,0,0,0,0,0,0,558,72,0,0,0,0,0,0,0,0,0,0,100,NoArch
02fffb44b06386fbee2d6fb5cdcf2a1482d3415f,0,0,0,0,0,0,0,0,0,0,0,0,0,0,559,73,0,0,0,0,0,0,0,0,0,0,100,NoArch
3a59e68649ae5e36012eae1c7be2714e7fb6b656,1,2,0,2,0,0,0,3,5,2,1,1,0,222,19,0,34,34,0,1140,1114,26,8,8,0,0,100,NoArch
68c8c643f269ea113259b60c735a5b195f89fdec,5,97,112,15,0,0,0,2,18,136,1,2,1.568784335,853,560,69,110,111,1,3231,3191,40,68,69,1,0,100,NoArch
d966a8c4c18bea1547c59150dd2f0604918c2109,0,0,0,0,0,0,0,0,0,0,0,0,0,0,487,26,0,0,0,0,0,0,0,0,0,0,100,NoArch
d64a9087bc41ddf4435f7b1df56768c7383d8e43,0,0,0,0,0,0,0,0,0,0,0,0,0,0,488,27,0,0,0,0,0,0,0,0,0,0,100,NoArch
9b6942f4c1f8148fb8d63a698bec90f425aa2623,0,0,0,0,0,0,0,0,0,0,0,0,0,0,489,28,0,0,0,0,0,0,0,0,0,0,100,NoArch
1fd01f0888072b0da9e8d9761385145a0f97a8ec,0,0,0,0,0,0,0,0,0,0,0,0,0,0,490,29,0,0,0,0,0,0,0,0,0,0,100,NoArch
ea63d69242f37146b5ce19fb315735ed14210950,0,0,0,0,0,0,0,0,0,0,0,0,0,0,491,30,0,0,0,0,0,0,0,0,0,0,100,NoArch
3fcd7ca39c6e7d0a6ff31c414f2a075a5641474f,1,1,1,0,0,0,0,2,7,212,1,1,0,604,492,31,142,142,0,2636,2636,0,68,68,0,0,100,NoArch
fd3c5104df89ee7d2a7de5634760add0354d4d84,5,20,11,9,0,0,0,1,42,56,1,4,1.527142572,1525,493,32,232,230,2,6304,6271,33,131,129,2,1,100,NoArch
82004d852356601a779e5a923691899e96079988,0,0,0,0,0,0,0,0,0,0,0,0,0,0,494,33,0,0,0,0,0,0,0,0,0,0,100,NoArch
da1204a1a804055f13a9d84efbf9191a025335b6,0,0,0,0,0,0,0,0,0,0,0,0,0,0,561,67,0,0,0,0,0,0,0,0,0,0,100,NoArch
c6b98adac458a263dc8a714944cc2dfe25d637d2,0,0,0,0,0,0,0,0,0,0,0,0,0,0,495,34,0,0,0,0,0,0,0,0,0,0,100,NoArch
6c5a0c634b6726eabd1ce0fe59c16e547bc49b2b,0,0,0,0,0,0,0,0,0,0,0,0,0,0,496,35,0,0,0,0,0,0,0,0,0,0,100,NoArch
40db04a2a8b6d6cc3fb3fa49307e941ab37f528f,0,0,0,0,0,0,0,0,0,0,0,0,0,0,497,36,0,0,0,0,0,0,0,0,0,0,100,NoArch
7b154cfacff9bed0f4e8ab2434f4adddcd17bf5a,0,0,0,0,0,0,0,0,0,0,0,0,0,0,498,37,0,0,0,0,0,0,0,0,0,0,100,NoArch
e0f168a58d4492fb2577f1975726fb9b95625484,1,17,0,17,0,0,0,2,6,330,1,1,0,226,499,33,36,34,2,742,710,32,21,19,2,1,100,NoArch
bc344c96279f3165da86c57fed6945e85378ce5a,1,6,0,6,0,0,0,3,18,34,1,1,0,299,500,34,46,43,3,1554,1516,38,20,20,0,0,100,NoArch
457093c386dbb689b75a14042ac7b482d88f82fb,0,0,0,0,0,0,0,0,0,0,0,0,0,0,562,30,0,0,0,0,0,0,0,0,0,0,100,NoArch
b3d89a755bb5d3831a8fb5f46c6bbadaf8ca81d4,2,4,0,4,0,0,0,1,2,342,1,1,1,92,501,28,6,6,0,186,186,0,6,6,0,0,100,NoArch
c13a547e1eadfae0ec407be185830db5dd175e03,1,69,0,69,1,0,1,1,1,0,1,1,0,0,502,29,5,0,5,279,0,279,3,0,3,0,99.97765363,NoArch
a2630500ba05f19ecefc227e6470105c90deb148,279,5541,14328,8787,20,89,109,0,40,24,14,79,6.716019426,50205,504,16,5643,6394,751,176964,218318,41354,2778,3275,497,0,89.31077694,Arch
bd37ac540a5cda9d26b1d11fce1a1141254415f4,1,5,0,5,0,0,0,2,11,383,1,1,0,133,505,17,20,19,1,619,598,21,9,8,1,1,100,NoArch
2fc3e8ee7f672cf75e8a028bd72780d923287ab4,277,14332,5146,9186,89,18,107,1,42,48,14,78,6.694946922,41019,563,28,6392,5600,792,218111,175419,42692,3273,2754,519,0,89.13458913,Arch
98a6f181ca990fd2e66bb1c8d696168bae1da74e,1,5,0,5,0,0,0,2,13,55,1,1,0,145,564,29,23,22,1,682,661,21,11,10,1,1,100,NoArch
c59908b429998374b15822cb32e6cd3809a77f9c,277,5136,14315,9179,18,89,107,0,40,24,14,78,6.68995983,50210,506,18,5601,6395,794,175275,218339,43064,2754,3276,522,1,89.13458913,Arch
a83351fc9f9aa80914cd6c64fe7e3ce4f7aeb440,1,11,2,9,0,0,0,1,2,0,1,1,0,314,507,19,36,36,0,1465,1403,62,22,22,0,0,100,NoArch
1bcd631bf913558d6213ce1e66946444a88a7a16,277,14319,5140,9179,89,18,107,1,42,48,14,78,6.690799906,41031,565,30,6393,5603,790,218132,175482,42650,3274,2756,518,0,89.13458913,Arch
ea35563b49e11ff9ce5c7aca70bc2dbbc58853e2,1,43,39,4,0,0,0,4,37,47,1,1,0,1863,503,30,207,207,0,6217,6204,13,116,116,0,1,100,NoArch
6f4c286d66d91d3443a9ce09d26772fa21a04c22,15,1114,216,898,3,0,3,1,7,129,1,3,3.15889964,2919,133,0,567,400,167,16529,13008,3521,282,209,73,0,99.8037163,NoArch
c94d6362412518f6832f162314d7d10cd1619c9a,1,0,261,261,0,1,1,1,2,272,1,1,0,261,134,1,0,48,48,0,1539,1539,0,19,19,0,99.82997646,NoArch
b26b6e809a3a965a8269613089256a5d86eff16b,0,0,0,0,0,0,0,0,0,0,0,0,0,0,504,31,0,0,0,0,0,0,0,0,0,0,100,NoArch
4806b2b4cbabb22792d5fbb57ad1ada2cff97729,0,0,0,0,0,0,0,0,0,0,0,0,0,0,505,32,0,0,0,0,0,0,0,0,0,0,100,NoArch
1ac701c48af7d3acbe7b7a5362976865785c79e4,1,0,276,276,0,1,1,2,3,44,1,1,0,276,135,2,0,38,38,0,644,644,0,22,22,0,99.60640252,NoArch
dc5b15ecd2806ec0de9c582417979932bff7d533,1,154,0,154,1,0,1,2,4,0,1,1,0,0,136,3,0,0,0,154,0,154,0,0,0,0,99.60640252,NoArch
4f131fdc2686c441a6ce3e2c68346fb64fb886fa,1,1,0,1,0,0,0,4,17,30,1,1,0,857,137,4,142,142,0,4370,4363,7,54,54,0,0,100,NoArch
8dd454ed08e6e9021fcbd79251b5da908bd344d4,0,0,0,0,0,0,0,0,0,0,0,0,0,0,506,25,0,0,0,0,0,0,0,0,0,0,100,NoArch
ac6e8fc52245e65f12b4e8cfc26563ede76200d8,285,5616,15315,9699,19,92,111,0,40,23,14,80,6.805367909,52166,406,0,5828,6749,921,182327,228349,46022,2848,3420,572,0,89.0313779,Arch
a0e3831ab8228c273a570bf2af14f9ab90ec88dd,285,15316,5617,9699,92,19,111,1,42,40,14,80,6.80604513,42467,14,0,6701,5878,823,226696,184073,42623,3400,2869,531,0,89.0313779,Arch
f8734f79c6933d3a8b80b5b4a73bea236b559edf,0,0,0,0,0,0,0,0,0,0,0,0,0,0,507,26,0,0,0,0,0,0,0,0,0,0,100,NoArch
e2f0ef3c5e9bab692d19ff935009e0b632caafbc,1,16,12,4,0,0,0,1,5,344,1,1,0,78,508,27,3,3,0,389,351,38,1,1,0,0,100,NoArch
90d0c4b38b715e5fca91126e8fc673e7e9c67bf2,6,368,60,308,3,0,3,2,43,84,1,2,2.41449923,2000,509,28,368,325,43,9265,8231,1034,214,191,23,1,95.74984821,Arch
7dac80141702225c2c367d98822b7e6af07e3d9e,1,1,0,1,0,0,0,1,2,2,1,1,0,92,510,28,10,10,0,369,363,6,4,4,0,0,100,NoArch
68d7c9e2fdc1b49a971004e68905a3e0d20c9cb0,0,0,0,0,0,0,0,0,0,0,0,0,0,0,511,29,0,0,0,0,0,0,0,0,0,0,100,NoArch
7339c6efeae63a2d62b7028e4327b312799e5fa1,6,69,20,49,0,0,0,2,38,232,1,3,2.216038143,2865,512,30,325,318,7,9994,9772,222,208,203,5,1,99.98865699,NoArch
fb6af074475ba333637544e68c3a6fea6895d57d,1,1,0,1,0,0,0,4,25,101,1,1,0,840,513,31,127,127,0,3379,3368,11,41,41,0,0,100,NoArch
7d704bc3db375bca1f1a9a7b14735af4691bb553,0,0,0,0,0,0,0,0,0,0,0,0,0,0,514,32,0,0,0,0,0,0,0,0,0,0,100,NoArch
0094ff726991d3870ee8a7c3e2c39879d1c5f7b8,2,110,0,110,2,0,2,1,1,0,1,1,1,0,515,33,14,0,14,272,0,272,10,0,10,1,99.80773581,NoArch
387805efeb3492b63c521a66ac1e6983b135a0b1,1,5,1,4,0,0,0,1,6,8,1,1,0,82,516,34,3,3,0,412,389,23,1,1,0,0,100,NoArch
7d0d25ba3273a465fed09b923eb1e7386cd6034d,1,0,1,1,0,0,0,1,7,0,1,1,0,86,517,35,3,3,0,399,412,13,1,1,0,0,99.93234863,NoArch
8f8fddc70c840a725193b8eed369baffab2298c8,4,180,2,178,2,0,2,1,44,157,1,3,1.829069926,1325,518,36,217,201,16,6132,5498,634,117,107,10,0,99.83064243,NoArch
29081a8b1010fa6f7f3788205662782d1ab2f784,1,15,16,1,0,0,0,5,45,0,1,1,0,1212,519,36,191,191,0,5150,5161,11,101,101,0,0,99.85325658,NoArch
71154628f84b0587f2c3b760c7165144d6b3f755,1,2,3,1,0,0,0,1,3,6,1,1,0,93,520,37,10,10,0,369,369,0,4,4,0,0,100,NoArch
50a649538981b0a72102456c6ad1d4ca683ebc3e,1,1,4,3,0,0,0,3,7,324,1,1,0,113,566,29,14,16,2,334,363,29,9,9,0,0,100,NoArch
a42fac78b015b24c1e6d5ec2862ceb2244e1878b,1,0,1,1,0,0,0,3,10,267,1,1,0,320,567,30,33,33,0,1501,1512,11,17,17,0,0,100,NoArch
94e0dd614a2bb5cdbc7bcc5a48d1cf785d588b46,0,0,0,0,0,0,0,0,0,0,0,0,0,0,568,31,0,0,0,0,0,0,0,0,0,0,100,NoArch
859caee9d2f55b6ec1b2de7ea0a9ffef9fa18869,0,0,0,0,0,0,0,0,0,0,0,0,0,0,569,32,0,0,0,0,0,0,0,0,0,0,100,NoArch
b5f54e500b638804e174fa2cfc873507042eb36a,300,5705,16028,10323,19,99,118,0,40,24,14,82,6.895913642,54210,508,7,6008,7002,994,187820,235848,48028,2971,3591,620,1,89.19395466,Arch
089102b51b37d154eca6ea8d777e195bac81a962,1,0,6,6,0,0,0,1,5,0,1,1,0,297,509,8,63,65,2,1874,1898,24,7,7,0,1,100,NoArch
643fde4d28cb406dc64b18620643a19a68a75fe1,0,0,0,0,0,0,0,0,0,0,0,0,0,0,510,9,0,0,0,0,0,0,0,0,0,0,100,NoArch
91156e667e743c78d608077f0ad84853ac96ca79,5,64,12,52,1,0,1,1,6,334,1,3,1.664144854,900,511,10,110,107,3,3876,3783,93,41,39,2,0,99.25714286,NoArch
95fec7d0db7381fa0f06b736f746d5d0e13267f5,295,15971,5694,10277,98,19,117,1,45,41,14,79,6.881898375,42981,15,1,6844,5949,895,230319,185759,44560,3530,2953,577,1,89.40005042,Arch
07b3cb329b58abf2243004985ed04ee0fb4b6f9f,0,0,0,0,0,0,0,0,0,0,0,0,0,0,16,2,0,0,0,0,0,0,0,0,0,1,100,NoArch
643a1cad0b33e6b1a2fc5ba2cf4ccd158146647a,295,5693,15970,10277,19,98,117,0,40,24,14,79,6.881215257,53258,508,7,5899,6892,993,184013,231972,47959,2932,3550,618,0,89.40005042,Arch
8176dca67fe93c4b0fcb09fa333270a249ae18d7,295,15971,5694,10277,98,19,117,1,45,41,14,79,6.881898375,42981,570,18,6844,5949,895,230319,185759,44560,3530,2953,577,1,89.40005042,Arch
fdde1661cb1d5bd2b3ef3089131a7da57fb186a8,0,0,0,0,0,0,0,0,0,0,0,0,0,0,5,0,0,0,0,0,0,0,0,0,0,0,100,NoArch
3372966d2001eff5cf846fa8062d2456956a1b97,298,5705,15971,10266,19,98,117,0,40,26,14,80,6.884616636,54254,512,8,6067,7058,991,188970,236880,47910,3015,3633,618,1,89.40005042,Arch
f2a80acac5f0f8b38e7abbc7f197c44d8fd34f7c,298,15972,5706,10266,98,19,117,1,45,40,14,80,6.885302843,43988,20,1,7010,6117,893,235227,190716,44511,3613,3036,577,0,89.40005042,Arch
da67a386967bd03bd21af1e3dff3b89f72fc8cc9,17,737,68,669,11,1,12,1,46,19,1,5,3.656383975,2620,521,34,486,420,66,15208,13059,2149,273,217,56,0,95.24793388,Arch
876d9cf64e0d6eedbf0745ed5ecbbf4714200396,1,78,0,78,1,0,1,1,1,0,1,1,0,0,522,35,3,0,3,351,0,351,1,0,1,0,99.90644369,NoArch
370734c8213b87b40d02e16e5af87276f2a3a10d,5,181,5,176,2,0,2,1,47,0,1,3,1.864558697,1398,523,36,223,207,16,6549,5986,563,122,108,14,0,99.90649836,NoArch
f1db92fb0799e6b1bdc56601064dda4423293a61,1,0,81,81,0,1,1,1,2,0,1,1,0,81,524,37,0,5,5,0,296,296,0,5,5,0,99.97663005,NoArch
4ae7e1cedefd7effd84d78a2ae978a6b8d97db3d,5,192,8,184,2,0,2,1,4,55,1,3,1.612554048,280,525,38,43,26,17,1481,809,672,33,20,13,0,96.38721047,Arch
bd8d07d948d38f9954555137d0beba8bb144518b,1,0,85,85,0,1,1,1,8,9,1,1,0,85,526,39,0,3,3,0,399,399,0,1,1,0,99.97271487,NoArch
519649994617123a4981111d181ed7fc0964f8c5,0,0,0,0,0,0,0,0,0,0,0,0,0,0,527,40,0,0,0,0,0,0,0,0,0,0,100,NoArch
4bd8a8bf852507b1d5d03eba0c20aa28a7e69f8b,2,80,1,79,1,0,1,1,48,0,1,2,0.635489638,1267,528,41,207,198,9,5705,5397,308,113,105,8,1,99.97271487,NoArch
8abb655e82501b33336316b6ba0d863fdfc01bf4,8,160,92,68,0,0,0,3,49,101,1,3,2.183731143,3135,529,42,523,510,13,13869,13653,216,376,364,12,0,100,NoArch
acd599606e4d72f6d83342b9c561bc324fa502cf,4,16,5,11,0,0,0,1,39,261,1,4,1.648238713,2867,571,11,375,373,2,11177,11128,49,199,199,0,1,100,NoArch
1bd8c0b47fed8dcd3875a170f963352201860ed5,1,0,2,2,0,0,0,4,40,0,1,1,0,1873,572,12,207,207,0,6220,6229,9,116,116,0,1,100,NoArch
1a070b7a23773a782e4d3ebe9e9a9c04ad937e69,1,23,2,21,0,0,0,3,12,0,1,1,0,186,530,43,36,34,2,1013,958,55,34,33,1,0,100,NoArch
7eff7f008cca5796d86c362ffb1cd53d0fb61e78,317,5848,17243,11395,20,113,133,0,40,23,14,82,7.039752424,56395,509,5,6182,7298,1116,193919,245888,51969,3092,3810,718,1,90.18567639,Arch
6bb1cf9d989d03dd3b6bf9433f5b81e371056ea3,0,0,0,0,0,0,0,0,0,0,0,0,0,0,510,6,0,0,0,0,0,0,0,0,0,0,100,NoArch
57b494132549ebef6877bf47da3c3d5d776286e0,1577,30436,17578,12858,159,66,225,1,50,0,20,224,9.316854933,187645,573,13,22259,21628,631,799277,772561,26716,12643,12205,438,0,90.18567639,Arch
96d92110a388905b33e48e9cbd6353e798a84a61,0,0,0,0,0,0,0,0,0,0,0,0,0,0,574,13,0,0,0,0,0,0,0,0,0,0,100,NoArch
7f883f6fe207cd40211ad897ec96a56d33c46aa9,137,1835,1482,353,0,0,0,2,41,254,8,40,7.050142885,19341,575,14,2374,2374,0,79783,79783,0,1280,1280,0,0,100,NoArch
8c9a6ebb53395b520536020ecef18cd767236d19,10,0,1875,1875,0,9,9,2,10,0,1,1,2.898070198,1874,576,15,0,366,366,0,10338,10338,0,73,73,0,99.6443715,NoArch
a23f329fb78613bc67d7c6660c818e3018e3ec6c,1670,20458,31384,10926,76,159,235,0,40,0,21,236,9.453918471,209458,513,9,22420,23885,1465,792455,864960,72505,12618,13590,972,0,89.90478857,Arch
c36ea1aa9b11ab1cf8763ba6744b79df1cae6460,1670,31397,20460,10937,159,76,235,1,50,0,21,236,9.45441397,198532,531,43,23117,23166,49,832069,825174,6895,13242,12943,299,1,89.90478857,Arch
6e755a5cc521a2d6d87b6a3ccd1c549f48b97476,7,194,194,0,0,0,0,3,5,0,1,4,0.590285591,659,135,0,70,70,0,2909,2909,0,49,49,0,0,99.94513032,NoArch
c1e4384db2d657bbc9b2054c422c58602480e32e,0,0,0,0,0,0,0,0,0,0,0,0,0,0,136,1,0,0,0,0,0,0,0,0,0,0,100,NoArch
dffe336851234a3389b983effe79bad287d6d1d5,0,0,0,0,0,0,0,0,0,0,0,0,0,0,137,2,0,0,0,0,0,0,0,0,0,0,100,NoArch
8e85dd25ed1202808144da353cabfa2050a18da5,0,0,0,0,0,0,0,0,0,0,0,0,0,0,138,3,0,0,0,0,0,0,0,0,0,0,100,NoArch
795166e87a57fcf790ac619ae39ce7b45808cbeb,1,2,2,0,0,0,0,3,3,1,1,1,0,270,139,4,33,33,0,1265,1265,0,26,26,0,0,100,NoArch
1d1f6597df78edb4a57d17f87f9a2893deb82e5a,0,0,0,0,0,0,0,0,0,0,0,0,0,0,532,39,0,0,0,0,0,0,0,0,0,0,100,NoArch
73d14ce879200b4da6f4c24df92e037ca0e24e40,0,0,0,0,0,0,0,0,0,0,0,0,0,0,533,38,0,0,0,0,0,0,0,0,0,0,100,NoArch
d44765df12783f96c663192d5803ff03ade0b1ce,1671,20636,31573,10937,77,160,237,0,40,0,21,236,9.455196304,209469,514,10,22420,23913,1493,792455,865978,73523,12618,13607,989,0,89.86278353,Arch
34f3c8c65a303f969627d804d3c2d711d927a66c,0,0,0,0,0,0,0,0,0,0,0,0,0,0,515,11,0,0,0,0,0,0,0,0,0,0,100,NoArch
5d7f578d296bb0c7644abeb3c090be61c44abd01,0,0,0,0,0,0,0,0,0,0,0,0,0,0,516,12,0,0,0,0,0,0,0,0,0,0,100,NoArch
cd906313bc37ed21ff14cfdf84c60c15ebc32159,1503,10035,8372,1663,0,0,0,1,41,0,17,212,10.4898613,195329,517,13,21586,21586,0,777946,777946,0,12457,12457,0,0,100,NoArch
cb77064b88d3ce3558ac6bd91ee7cc8b5abd3a7c,324,17061,7780,9281,114,31,145,1,50,10,13,81,7.101728724,46404,534,37,7069,6786,283,238980,213257,25723,3720,3218,502,1,89.86278353,Arch
3f1f8a626aec47267b3e38265f27b776111cde53,0,0,0,0,0,0,0,0,0,0,0,0,0,0,535,36,0,0,0,0,0,0,0,0,0,0,100,NoArch
82942f9e318f87b5658b330a007f19aa886fe1cd,0,0,0,0,0,0,0,0,0,0,0,0,0,0,536,37,0,0,0,0,0,0,0,0,0,0,100,NoArch
fc68c3a6e5e3cefaa220d9e1be4004f8726a0ab3,0,0,0,0,0,0,0,0,0,0,0,0,0,0,21,1,0,0,0,0,0,0,0,0,0,0,100,NoArch
f4d37277d3fb12a63cbfdb868e0e2c98e93408a0,2,2,2,0,0,0,0,2,5,8,1,1,1,347,140,5,55,55,0,1365,1365,0,29,29,0,0,100,NoArch
bc71842394d0b618006947014c0c0fe7cbbd85b4,1,7,3,4,0,0,0,3,4,8,1,1,0,270,141,6,35,33,2,1284,1265,19,26,26,0,0,100,NoArch
518e981b4b3ed07fbc238219c98c7d0cccd4f9c7,0,0,0,0,0,0,0,0,0,0,0,0,0,0,537,38,0,0,0,0,0,0,0,0,0,0,100,NoArch
5ad120242694a0db524863aab3e03ab34be9c390,0,0,0,0,0,0,0,0,0,0,0,0,0,0,538,39,0,0,0,0,0,0,0,0,0,1,100,NoArch
b2f9eba23a0c550c1b27c756df92fe4a373ceb69,0,0,0,0,0,0,0,0,0,0,0,0,0,0,577,15,0,0,0,0,0,0,0,0,0,0,100,NoArch
b3001f22b14b738e29e9d1fc3981b72981ddd9e4,6,13,3,10,0,0,0,2,8,6,1,3,2.477217001,588,578,16,81,81,0,1821,1821,0,57,57,0,0,100,NoArch
dd5c9e6e132f6da8eb52b904528ce2b7a7d17532,1,8,0,8,0,0,0,2,12,10,1,1,0,185,539,40,34,32,2,787,757,30,24,22,2,0,100,NoArch
c45c69b30adaaa4750cc97e0641f4126e56b00c9,0,0,0,0,0,0,0,0,0,0,0,0,0,0,6,1,0,0,0,0,0,0,0,0,0,0,100,NoArch
794acb667c18436d3c0ffc2a1f48442804a5d47a,2,12,6,6,0,0,0,2,28,12,1,1,0.99107606,934,540,39,154,152,2,4450,4435,15,88,86,2,0,100,NoArch
3badddac8794043691cb8956771dfd73cbfc5774,0,0,0,0,0,0,0,0,0,0,0,0,0,0,541,40,0,0,0,0,0,0,0,0,0,0,100,NoArch
5fbf634cfb61dfdfad421c0722f06385f72e01bd,1,10,2,8,0,0,0,2,6,13,1,1,0,134,542,41,22,21,1,544,501,43,13,12,1,1,100,NoArch
65f67c6530079e4c3e4ceaae640c6486841cf414,0,0,0,0,0,0,0,0,0,0,0,0,0,0,543,42,0,0,0,0,0,0,0,0,0,0,100,NoArch
6b03bd3f9be483fc861b28a40e8ea3ae8956263b,1,6,1,5,0,0,0,2,7,13,1,1,0,186,544,43,12,11,1,625,606,19,8,7,1,0,100,NoArch
b7446c45b1dfae15c4ae3522e91971726aa84efb,1671,20833,32228,11395,77,160,237,0,40,0,21,236,9.451573824,209517,511,7,22418,23927,1509,792406,866183,73777,12618,13614,996,0,89.86278353,Arch
4c1cc956cc72b600a5fc4764b343d23183e45bd0,1671,32214,20835,11379,160,77,237,1,50,0,21,236,9.451737004,198122,579,17,23126,23192,66,832230,826107,6123,13248,12960,288,0,89.86278353,Arch
cc004efa3e65f75af5c24224258179de25764ab4,333,7790,17096,9306,31,114,145,0,41,109,13,83,7.113604397,57654,518,14,6650,7804,1154,207362,261228,53866,3260,4042,782,0,89.86278353,Arch
f998bc73981050d1cc69364df5e337ad7dd91bb8,333,17098,7792,9306,114,31,145,1,50,10,13,83,7.114168974,48348,580,18,7356,7068,288,247137,221313,25824,3890,3383,507,0,89.86278353,Arch
75e0c114786dfdcb2d017827d02ae5391e107c49,333,7790,17096,9306,31,114,145,0,41,109,13,83,7.113604397,57654,519,15,6650,7804,1154,207362,261228,53866,3260,4042,782,0,89.86278353,Arch
902a8ea864d4a8bda65d7ea76f12411f3104202d,339,17184,7798,9386,114,31,145,1,50,10,13,84,7.132105517,49378,138,5,7492,7192,300,250935,224875,26060,3966,3451,515,0,89.86278353,Arch
a797efb3dc3d821c81bcda8eac3c9cc22bad6101,0,0,0,0,0,0,0,0,0,0,0,0,0,0,17,3,0,0,0,0,0,0,0,0,0,1,100,NoArch
c3a8de8b53350852dae87e11787a7ed6f2878e0c,0,0,0,0,0,0,0,0,0,0,0,0,0,0,581,19,0,0,0,0,0,0,0,0,0,0,100,NoArch
9c92f186a5f7a12a28e75160c5758431e5f7f045,0,0,0,0,0,0,0,0,0,0,0,0,0,0,582,20,0,0,0,0,0,0,0,0,0,0,100,NoArch
98f35453031680770119763e77f68ccce6682927,1,42,0,42,0,0,0,1,5,16,1,1,0,558,583,21,40,38,2,3465,3255,210,28,26,2,0,100,NoArch
0462d1d3d05008ec44236e7cbbd8e1d7408898cd,0,0,0,0,0,0,0,0,0,0,0,0,0,0,545,41,0,0,0,0,0,0,0,0,0,0,100,NoArch
df09548bdecc6670527473a43a5f73b71ce35c0b,0,0,0,0,0,0,0,0,0,0,0,0,0,0,546,42,0,0,0,0,0,0,0,0,0,0,100,NoArch
b62e5cd91eb907f36f07a7d61b1714c01305d02a,0,0,0,0,0,0,0,0,0,0,0,0,0,0,547,43,0,0,0,0,0,0,0,0,0,1,100,NoArch
6cf216953372cc95c493a1848361558c6599d971,4,115,9,106,1,0,1,1,42,12,1,3,1.152013497,2124,548,44,255,248,7,7654,7182,472,143,137,6,0,99.94515289,NoArch
4d2b20b1b22b8f3177f974fbe2644d5d51575df6,1,3,0,3,0,0,0,2,6,19,1,1,0,116,549,43,19,18,1,537,518,19,9,9,0,0,100,NoArch
a97462501685811e9524b031439d4218c7bbe31b,1,2,1,1,0,0,0,1,2,0,1,1,0,92,550,44,3,3,0,412,401,11,3,3,0,0,100,NoArch
51829f56a1f9c13d4fd45f8f11c97da57b30fcc4,1,3,1,2,0,0,0,4,11,19,1,1,0,633,139,2,112,112,0,2066,2072,6,86,86,0,0,100,NoArch
fd96598b25ae02834ffb03266c93a6d549965106,1,9,6,3,0,0,0,4,19,19,1,1,0,859,140,3,143,142,1,4408,4370,38,54,54,0,0,100,NoArch
541d9fe3f3566bf2379c03727d442a23af095dcc,2,0,278,278,0,2,2,2,4,54,2,1,0.998169816,278,71,0,0,26,26,0,1242,1242,0,5,5,1,99.94514536,NoArch
d8ff65aab0b2659708b9ab85f42e449555250a37,2,278,0,278,2,0,2,1,1,0,1,2,0.998169816,0,72,1,26,0,26,1242,0,1242,5,0,5,1,99.94514536,NoArch
5ae67695efb336a9b0b0759d500bfda8e9d9fd94,0,0,0,0,0,0,0,0,0,0,0,0,0,0,551,44,0,0,0,0,0,0,0,0,0,0,100,NoArch
427a397e113628fa6dbfe18f731efc2f45a033f1,0,0,0,0,0,0,0,0,0,0,0,0,0,0,73,2,0,0,0,0,0,0,0,0,0,1,100,NoArch
365960e40c0615ae6d033a11362988e28da3021c,0,0,0,0,0,0,0,0,0,0,0,0,0,0,552,45,0,0,0,0,0,0,0,0,0,0,100,NoArch
f76e23ce2f2da73496f2a6f4f654ac0e768bb8ab,0,0,0,0,0,0,0,0,0,0,0,0,0,0,553,46,0,0,0,0,0,0,0,0,0,0,100,NoArch
c68f455cab4b7396dee32aeb435847f2ff5685ac,0,0,0,0,0,0,0,0,0,0,0,0,0,0,554,47,0,0,0,0,0,0,0,0,0,0,100,NoArch
5e5febb4de1ad7881aad345ebc897cc779be837e,0,0,0,0,0,0,0,0,0,0,0,0,0,0,74,3,0,0,0,0,0,0,0,0,0,1,100,NoArch
bf4d7538f8924ed266cbbc76b1b7b29d93fdd2e2,2,13,6,7,0,0,0,1,51,30,1,2,0.899743759,1368,584,17,209,209,0,5613,5613,0,114,114,0,0,100,NoArch
8b9b09181b7242fbff0d37ec31516c64e404e6bb,0,0,0,0,0,0,0,0,0,0,0,0,0,0,75,4,0,0,0,0,0,0,0,0,0,1,100,NoArch
0ee6047d012249eb5896fad101f20cec21d1dbd0,1,4,5,1,0,0,0,2,3,33,1,1,0,313,141,3,60,60,0,838,849,11,22,22,0,0,100,NoArch
353ba22e31af4b3d7e46811b9a3143a9efb12dde,345,7814,17363,9549,32,116,148,0,41,107,12,87,7.165187978,59755,520,8,6842,8034,1192,215159,270626,55467,3372,4172,800,0,89.78306508,Arch
cc5f94d4ed4898bce6020c1ed7b53705f04da337,345,17365,7816,9549,116,32,148,1,51,10,12,87,7.165753477,50206,585,15,7571,7268,303,255903,229558,26345,4018,3497,521,0,89.78306508,Arch
b7e322d832b13b66463e2682fbab7f5be9dfcd0c,1673,20857,32479,11622,78,162,240,0,40,0,20,238,9.464053359,209744,512,4,22418,23962,1544,792406,867759,75353,12618,13631,1013,0,89.78306508,Arch
cab35d7553a284a52dca655241196c6f84c4e5df,1673,32485,20859,11626,162,78,240,1,51,0,20,238,9.464134214,198122,555,34,23150,23200,50,833225,826555,6670,13264,12962,302,0,89.78306508,Arch
08e4b7ba19b39a70b8887b65caffedb2c2728515,1,3,0,3,0,0,0,2,15,34,1,1,0,464,556,35,76,75,1,2060,2048,12,40,40,0,0,100,NoArch
c96f327bfa5da8d2860ed7717a26332ea6a5299d,1,0,10,10,0,0,0,2,16,35,1,1,0,174,557,36,19,19,0,803,803,0,9,9,0,1,100,NoArch
2b6f6371e01ece219cc0160f61bdb4ca804d99e5,1,2,2,0,0,0,0,4,7,35,1,1,0,278,558,37,37,37,0,1171,1171,0,14,14,0,1,100,NoArch
a7b9e8ce9ca24b6e2127ef4bd63b5245de54f78a,1,34,5,29,0,0,0,3,16,36,1,1,0,317,142,4,60,52,8,1463,1367,96,38,36,2,1,100,NoArch
e7e15b5559a8c293c7d9d2e0b6f1413b3a3e11e0,5,151,33,118,3,0,3,2,24,14,1,3,2.287257107,803,559,38,133,128,5,3768,3581,187,66,62,4,1,99.90414898,NoArch
cb11447386909c15e9aa7e3b28d3e78c430e2e44,0,0,0,0,0,0,0,0,0,0,0,0,0,0,560,39,0,0,0,0,0,0,0,0,0,1,100,NoArch
75952abdbb2b8bd3f11bf9bf2c7b5ac80e5c1f7d,0,0,0,0,0,0,0,0,0,0,0,0,0,0,561,40,0,0,0,0,0,0,0,0,0,1,100,NoArch
171e3223c19b17658633a53732a93519e015f94b,4,20,10,10,0,0,0,2,18,36,1,2,1.425605199,471,562,41,61,59,2,1977,1909,68,27,27,0,1,100,NoArch
3e945b5a9177af205129e7b3844d238fa33021af,2,540,0,540,2,0,2,1,1,0,1,2,0.82280886,0,563,42,70,0,70,2536,0,2536,49,0,49,1,99.94530289,NoArch
ed49ada6045e5f409a94422d70a1e34778546a73,1,2,1,1,0,0,0,3,6,37,1,1,0,97,143,5,12,12,0,446,450,4,4,4,0,1,100,NoArch
21f9bb8367664326accacb15b100cdeb73694310,4,58,1,57,0,0,0,2,9,36,1,3,1.972369333,901,144,6,139,133,6,4563,4436,127,65,59,6,1,100,NoArch
a96820ed1727f1a99644a4f4a1e9b973e3b4fd0b,0,0,0,0,0,0,0,0,0,0,0,0,0,0,76,5,0,0,0,0,0,0,0,0,0,0,100,NoArch
c3fae7767ddbd24f9ffcca2eda1dbe3de8f7b9b1,0,0,0,0,0,0,0,0,0,0,0,0,0,0,564,33,0,0,0,0,0,0,0,0,0,0,100,NoArch
9d671b70aa73067d07e2c20edc2128ae7448dc0e,16,188,2,186,1,0,1,3,29,27,1,4,3.090772396,4339,565,34,644,620,24,19993,19182,811,410,392,18,1,99.93170332,NoArch
6e3a634518d7166f9dad5476312f5abddda4759c,4,118,1,117,1,0,1,1,27,20,1,3,1.170947131,1088,566,35,177,167,10,4548,4067,481,73,66,7,1,99.94542229,NoArch
dd55c215aaaf1e3a55b6576e5dc720c714045446,53,0,0,0,0,0,0,1,1,0,1,15,0,6060,567,36,764,764,0,28490,28490,0,381,381,0,0,97.19039825,Arch
59a28777cdc662854154a08d1a0660b9627a8d1b,0,0,0,0,0,0,0,0,0,0,0,0,0,0,586,13,0,0,0,0,0,0,0,0,0,0,100,NoArch
1ff804699006659048cf78625e1780a9f898bda1,59,59,0,59,59,0,59,1,1,0,1,1,5.882643049,0,587,14,120,0,120,8648,0,8648,113,0,113,0,92.10205078,Arch
cd9ce2e93deb41b812900c865de663ede361aff6,0,0,0,0,0,0,0,0,0,0,0,0,0,0,568,37,0,0,0,0,0,0,0,0,0,0,100,NoArch
c26d8a9d0d58beac27d2e7033a6c65ef452e8a98,62,772,1,771,61,0,61,1,10,0,1,2,1.426128325,118,588,13,572,16,556,32912,379,32533,472,15,457,0,96.03971318,Arch
fb5a3730db561c0567d8f84625689ee5e46cb95b,2,12,4,8,0,0,0,1,5,21,1,1,0.954434003,227,569,37,28,27,1,998,996,2,20,19,1,0,100,NoArch
06c560c081570feafdceb409bf74342cc4d8e224,1,1,1,0,0,0,0,2,8,42,1,1,0,329,570,38,44,44,0,2097,2097,0,29,29,0,0,100,NoArch
befb3adc32cbfb8398fa4f30ae01dfafde364a28,0,0,0,0,0,0,0,0,0,0,0,0,0,0,589,12,0,0,0,0,0,0,0,0,0,0,100,NoArch
7711c7450d2cb459df9278a6a975100619af2c0a,1,23,0,23,0,0,0,3,7,43,1,1,0,146,590,13,22,20,2,407,377,30,22,20,2,0,100,NoArch
1c0e39f7c942cae683225138e85eae7e34cb3a4b,490,7892,19334,11442,32,243,275,1,41,49,12,93,7.298393955,65367,521,3,7302,9300,1998,230915,331947,101032,3607,5066,1459,0,84.70632155,Arch
492952b4bb25451fd85b294e504dd1d85212af3b,490,19325,7883,11442,243,32,275,3,51,7,12,93,7.298683378,53925,571,36,8835,7728,1107,317182,245314,71868,4910,3732,1178,0,84.70632155,Arch
b84c864d856a3fe1828544471bff659d769c15ac,0,0,0,0,0,0,0,0,0,0,0,0,0,0,572,37,0,0,0,0,0,0,0,0,0,0,100,NoArch
f012622ff410566f6dccd3479ad56b49795080f2,0,0,0,0,0,0,0,0,0,0,0,0,0,0,18,1,0,0,0,0,0,0,0,0,0,1,100,NoArch
e427cc99a68852a1b24fb05c16363369336aeaa6,490,7892,19334,11442,32,243,275,1,41,49,12,93,7.298393955,65367,522,4,7302,9300,1998,230921,331947,101026,3607,5066,1459,1,84.70632155,Arch
7d4cddd4524508f760177901904e881b07b52177,491,19435,7944,11491,243,32,275,3,51,7,12,94,7.303824866,54554,0,0,8927,7815,1112,321341,249223,72118,4934,3754,1180,0,84.70632155,Arch
85df0e62d7208435531fd117c9b5b07a2377054e,1,1,2,1,0,0,0,5,23,0,1,1,0,686,1,1,32,32,0,2910,2915,5,23,23,0,0,100,NoArch
c578b76f140511a8aca62c1b54ef029d3d9f5fa7,0,0,0,0,0,0,0,0,0,0,0,0,0,0,19,1,0,0,0,0,0,0,0,0,0,0,100,NoArch
aaccbd3bd4cbc4a44afbb4818ce69d75982ccd5e,2,172,47,125,1,0,1,3,9,30,1,2,0.71456172,156,145,6,51,27,24,1173,673,500,27,18,9,0,99.94493998,NoArch
d0da99a08cada064dcf1cd11633ecab707159bdf,2,26,19,7,0,0,0,2,6,60,1,1,0.26231122,486,146,7,59,59,0,2148,2063,85,24,24,0,0,100,NoArch
73e5a3024c93cd459484f1e4ef4e3e41b03f638a,0,0,0,0,0,0,0,0,0,0,0,0,0,0,573,22,0,0,0,0,0,0,0,0,0,1,100,NoArch
8f112fe2089888d6239b407a47706170a3c72384,1,0,152,152,0,1,1,2,2,21,1,1,0,152,591,7,0,9,9,0,484,484,0,2,2,0,99.97797842,NoArch
ee2462da4162185a33578d61a7d9e7404dfb3f57,4,222,121,101,1,0,1,1,52,38,1,3,1.417904012,1673,574,19,253,238,15,7368,7078,290,138,131,7,0,98.61810391,NoArch
36553b336dfae95f3086491a4874b12efd387fa4,0,0,0,0,0,0,0,0,0,0,0,0,0,0,575,20,0,0,0,0,0,0,0,0,0,0,100,NoArch
bc005fd1e63f71ba2081f6f99a14bb616d8c0a3b,1,41,25,16,0,0,0,3,10,3,1,1,0,238,147,6,51,49,2,1165,1118,47,27,25,2,0,100,NoArch
80433801272408b62b3ae6d949b2133c90d1cd85,1,2,0,2,0,0,0,2,6,72,1,1,0,318,576,21,56,56,0,1544,1532,12,46,46,0,0,100,NoArch
58d4605661f1563e4303f9279fa583af6c07c206,3,6,0,6,0,0,0,4,22,65,1,1,1.251629167,1061,592,7,166,166,0,5230,5202,28,67,67,0,1,100,NoArch
960dce70d345ce50b9a341f064fdbf26d32da8f7,31,502,6,496,0,0,0,2,3,372,4,12,4.952558899,2901,593,8,313,313,0,13118,13118,0,146,146,0,1,100,NoArch
935859a63d5fefbd7e49daa111c232c9980eb1aa,498,8137,19860,11723,32,244,276,1,41,48,12,95,7.335215667,67381,523,3,7532,9568,2036,239769,341521,101752,3722,5200,1478,1,84.9011095,Arch
07c1e65c225415b09302a058dcade55c3adcab36,498,19851,8128,11723,244,32,276,3,52,7,12,95,7.335494876,55658,594,9,9102,7958,1144,326759,254168,72591,5043,3847,1196,1,84.9011095,Arch
7b8c1b10be1fc1dfe3a8e924f1cd8b9fca0f4bfc,498,8137,19860,11723,32,244,276,1,41,48,12,95,7.335215667,67381,524,4,7532,9568,2036,239769,341521,101752,3722,5200,1478,1,84.9011095,Arch
3b8ad873f88200ac6815973f50228acf3ac52e7a,0,0,0,0,0,0,0,0,0,0,0,0,0,0,525,5,0,0,0,0,0,0,0,0,0,1,100,NoArch
6a12e9cdebfcfbd4bc3aab767e56e4bc9cc60cb4,499,19912,8136,11776,244,32,276,3,52,7,12,95,7.341253696,55983,595,9,9156,8002,1154,328006,255225,72781,5090,3888,1202,1,84.9011095,Arch
4ce744b16b79897c5c31ad2cad61dd0ed6d5e839,0,0,0,0,0,0,0,0,0,0,0,0,0,0,577,22,0,0,0,0,0,0,0,0,0,0,100,NoArch
73ef5bea0497a6b7a9b6c3a1f801aeb473f5053b,0,0,0,0,0,0,0,0,0,0,0,0,0,0,578,19,0,0,0,0,0,0,0,0,0,0,100,NoArch
4b6b61b82078a75ef5a0d298daa2fa1ef2bd67f4,3,260,0,260,2,0,2,2,7,26,1,2,0.954139882,58,596,10,39,5,34,1128,105,1023,33,5,28,0,98.50602924,NoArch
d4a834743f6513dbc587d0c7f836bf703f4cfde6,1,17,2,15,0,0,0,3,20,78,1,1,0,302,579,15,45,42,3,1170,1122,48,28,26,2,0,100,NoArch
4f715a2f8ac98a79cfdfcafda55f2dc78b45c8cd,2,6,1,5,0,0,0,2,16,61,1,1,0.591672779,560,580,16,87,86,1,2458,2429,29,44,44,0,1,100,NoArch
7685e4d2f303d0d06a0c7c6e76ce2c44e7f9b9a6,0,0,0,0,0,0,0,0,0,0,0,0,0,0,581,17,0,0,0,0,0,0,0,0,0,0,100,NoArch
20a4ebd8086dc52e93384c92e9b8ac32bdd34c40,0,0,0,0,0,0,0,0,0,0,0,0,0,0,582,18,0,0,0,0,0,0,0,0,0,0,100,NoArch
9431f934cdcff79a9a078ae5a5f33909d6bd4aff,0,0,0,0,0,0,0,0,0,0,0,0,0,0,583,19,0,0,0,0,0,0,0,0,0,0,100,NoArch
6e714a2fe5bc5727ef55ce18c33d99128e73f8a5,1,1,1,0,0,0,0,4,26,79,1,1,0,524,584,20,102,102,0,2320,2318,2,36,36,0,1,100,NoArch
53082e6a14af5d80904b0b72b6f7ae2a98648ec3,1,42,3,39,0,0,0,5,53,15,1,1,0,1339,585,21,217,209,8,5785,5612,173,114,111,3,0,100,NoArch
d4a50a7340a4c9004a919042135c5d88cdb81684,2,28,10,18,0,0,0,2,17,36,1,2,0.74248757,659,586,22,115,110,5,2916,2847,69,68,64,4,0,100,NoArch
a420312a404483fd48488832975767d19a4fc5a9,1,25,17,8,0,0,0,3,22,41,1,1,0,320,587,22,50,49,1,1694,1662,32,21,21,0,0,100,NoArch
d21381d21b01057944e1bf14ca34f99a38aad0d9,1,15,0,15,0,0,0,3,21,5,1,1,0,317,588,17,48,45,3,1218,1170,48,30,28,2,0,100,NoArch
aa3b9acd5a78e48292d4cba7654e6141842e27c3,3,35,5,30,0,0,0,2,25,72,1,2,1.472246299,1348,589,18,219,211,8,6222,6101,121,108,106,2,1,100,NoArch
09990f2eab45e9db3be0c2b1ec300f224bc0c208,1,2,1,1,0,0,0,2,3,84,1,1,0,79,590,19,3,3,0,369,351,18,1,1,0,0,100,NoArch
fbad105e7d9ea7ac1635b30918b5e8fc4f986ab5,6,213,158,55,0,0,0,3,10,78,1,1,1.362621607,1612,591,20,225,216,9,6135,5955,180,132,127,5,1,100,NoArch
b54ce41de25a6fe2575e7b7a9dfbe0dc80094a26,2,141,4,137,1,0,1,1,26,0,1,2,0.457968524,616,592,21,110,97,13,3616,3018,598,51,43,8,1,99.97815163,NoArch
1ad52f420959e7b55cf301f0f8f61c8d4f4aef98,1,27,8,19,0,0,0,3,10,85,1,1,0,417,593,22,72,69,3,1687,1627,60,32,30,2,1,100,NoArch
e8c8abcd5bd1d8fe28a6afd84e818ba0bda062c1,4,209,57,152,1,0,1,1,23,42,1,3,1.208311272,808,594,23,136,128,8,5098,4375,723,74,69,5,1,95.46029192,Arch
fdb9c4153bcbfe17dc31530b71cdbb814e208d90,2,55,0,55,1,0,1,1,7,42,1,2,0.225363639,292,595,24,69,64,5,1858,1701,157,17,14,3,0,99.9757517,NoArch
9479de76fa3049921a911ee3988fcfd55595d1e5,6,449,99,350,1,0,1,2,27,56,1,3,1.773932042,1169,596,25,177,145,32,6780,5245,1535,94,70,24,1,99.91522345,NoArch
b3538319995aef836446ec91651df8aecb804469,0,0,0,0,0,0,0,0,0,0,0,0,0,0,30,0,0,0,0,0,0,0,0,0,0,1,100,NoArch
1e7d8d8b73c640ba9e94ce831fe7a8c1b921a6e0,0,0,0,0,0,0,0,0,0,0,0,0,0,0,597,6,0,0,0,0,0,0,0,0,0,0,100,NoArch
46c6ff97ac52486e30072506963d181bfabf22ab,0,0,0,0,0,0,0,0,0,0,0,0,0,0,77,0,0,0,0,0,0,0,0,0,0,1,100,NoArch
ebf60bb3cae7585d75cf9d40b557f3db789ffa10,1,35,11,24,0,0,0,3,6,99,1,1,0,113,78,1,24,18,6,457,365,92,18,14,4,1,100,NoArch
f48b4eb3a360b9b0c792a0c512f36e8a11c8bee1,1,5,1,4,0,0,0,4,22,26,1,1,0,884,148,3,149,148,1,4502,4475,27,56,56,0,0,100,NoArch
bfaff9b37c815c32ec18911bf038d03724c753d4,34,1202,341,861,7,0,7,2,30,63,1,7,4.037714998,6039,149,2,964,845,119,31697,28283,3414,485,420,65,1,94.84320557,Arch
9d4c74fb74e6206f13ca43718bf922410744d09e,1,16,4,12,0,0,0,5,54,24,1,1,0,1378,150,3,219,217,2,5859,5785,74,115,114,1,0,100,NoArch
1c0de6bda4dd2dd83771a33cb8ccb4c0701cbbcb,1,6,2,4,0,0,0,1,5,104,1,1,0,280,598,6,48,48,0,1235,1184,51,32,32,0,1,100,NoArch
88acb0ede755808266ee9748fcf3d04ee6415e3d,80,1217,291,926,11,0,11,2,22,58,4,32,4.866633259,17255,599,7,2419,2305,114,84241,79651,4590,1155,1062,93,1,97.035486,Arch
e2bd38c7a2e3b78b2ff0c770864ce04e2a6d5ff1,9,0,17,17,0,0,0,1,4,0,2,3,0,1364,600,8,140,140,0,6333,6538,205,89,89,0,1,99.01308494,NoArch
fe0243ade385095c8c0916b0e0c0a5185b9bac40,1,7,3,4,0,0,0,3,13,105,1,1,0,257,151,4,39,39,0,1432,1375,57,20,20,0,0,100,NoArch
2b51c3357e5594a49972cd68e5c5266d045bd13b,0,0,0,0,0,0,0,0,0,0,0,0,0,0,601,9,0,0,0,0,0,0,0,0,0,0,100,NoArch
e16114f99bdef263f3d79deacea32302f99cd9bf,1,8,2,6,0,0,0,3,17,69,1,1,0,346,602,10,62,60,2,1494,1463,31,38,38,0,0,100,NoArch
a19bfd4c9a969d41faacb858be855d9fda338bba,5,100,41,59,0,0,0,2,29,26,1,2,1.50935113,1507,603,11,232,221,11,6315,6092,223,93,93,0,1,100,NoArch
51902f45f57e892fa2ab37a7653dc7dc528797e2,0,0,0,0,0,0,0,0,0,0,0,0,0,0,152,4,0,0,0,0,0,0,0,0,0,1,100,NoArch
7d1e6bcdeec58eff5f937adb6c5aa355d0a0ec13,17,609,87,522,4,0,4,1,55,21,1,6,3.22368628,4604,153,5,780,734,46,22685,20878,1807,480,447,33,1,98.89693593,NoArch
a7891c3dca7b598b4664574bc88e0802e16df6ef,3,32,15,17,0,0,0,2,3,24,1,2,0.945086191,259,604,12,30,29,1,930,821,109,29,28,1,1,99.95607292,NoArch
e78edb1ea73fd0e708a1a6c75ea7825f2d55da4e,1,13,5,8,0,0,0,3,9,28,1,1,0,265,154,6,40,40,0,827,799,28,23,23,0,0,100,NoArch
9da7781c49d15b1c21e9530f4965af5b8c76efa1,0,0,0,0,0,0,0,0,0,0,0,0,0,0,605,13,0,0,0,0,0,0,0,0,0,0,100,NoArch
8029b8d5572c48c81fa7ae1efc31434aad9bbcd5,1,133,11,122,0,0,0,1,3,9,1,1,0,192,606,14,49,27,22,1712,847,865,42,22,20,0,99.94509718,NoArch
96356920b1818f08de10dfe35208aa20790b9ce5,1,0,381,381,0,1,1,2,10,9,1,1,0,381,607,15,0,18,18,0,2268,2268,0,9,9,0,99.53627029,NoArch
ac66a09dab2a3a756def13c35e54a8a2e11017b8,10,173,108,65,1,0,1,1,27,22,1,9,2.642813357,3718,608,16,581,576,5,17373,17026,347,270,270,0,2,99.97779751,NoArch
b75a6dac1bbf4d153b177fc3a36c9aeb6ffa5ea3,15,25,16,9,0,0,0,2,43,63,1,9,2.943520657,9501,609,17,1299,1299,0,36968,36836,132,602,602,0,1,100,NoArch
cde8b34227709d91a6d0006ce70e56b555d2a46c,611,10207,25371,15164,36,276,312,0,41,32,13,110,7.743597313,85928,526,3,9394,11986,2592,304934,426007,121073,4632,6475,1843,1,83.34166458,Arch
802296d5d90da499ed7d442f62f0c4d2da9c12bc,612,25435,10180,15255,277,36,313,1,55,0,13,110,7.749781668,70764,610,18,11425,9922,1503,406463,324629,81834,6257,4821,1436,0,83.32083958,Arch
3fe77a2cf8de036cdfcdf4c0fc6889e71265ac88,2,42,2,40,0,0,0,3,56,3,1,2,0.875663392,1636,155,7,269,262,7,6963,6839,124,151,145,6,1,100,NoArch
86d006ab28176f7cb9ce73c50c663d5a401b020b,36,168,98,70,0,0,0,1,12,0,1,6,4.490332215,5884,611,15,856,856,0,24312,23380,932,441,441,0,0,98.52386238,NoArch
de62efbc78bb235e0fe436ebbb2a14d4dd190ddd,652,13723,29071,15348,63,297,360,0,41,0,13,114,7.91975477,87414,527,1,9587,12839,3252,309890,449483,139593,4746,6930,2184,0,82.0375,Arch
2bdded210e2ceb0da5c16fd5cbc99fa35ed9f972,652,29040,13692,15348,304,63,367,1,56,0,13,114,7.919341965,72073,612,16,11625,10675,950,412475,344581,67894,6377,5236,1141,0,82.0375,Arch
937de5bd1183e63456fb79db4c8af12d3b8d3b3e,1,1,1,0,0,0,0,2,19,15,1,1,0,576,613,17,108,108,0,2920,2920,0,38,38,0,1,100,NoArch
861a08912b7ee525496978c0119cd0f84bc7bed6,652,13723,29071,15348,63,304,367,0,41,0,13,114,7.91975477,87421,528,2,9587,12839,3252,309890,449483,139593,4746,6930,2184,1,82.0375,Arch
a2efa7e2e3e52a898048e27e43b2c308e5051637,3,118,68,50,0,0,0,3,28,117,1,2,0.913069755,1454,529,3,262,253,9,7420,7108,312,146,143,3,1,100,NoArch
5b530832748c8ffe49e40cde535e8faf9a2b2380,652,29048,13701,15347,304,63,367,1,56,0,13,114,7.920521412,72123,614,18,11634,10684,950,412787,344893,67894,6380,5239,1141,1,82.0375,Arch
a02fd05f57fafe250c49b032039add7673d9c11d,650,13732,29073,15341,63,304,367,0,41,0,13,114,7.920354668,87269,530,4,9573,12825,3252,309424,448989,139565,4736,6920,2184,1,82.0375,Arch
13277055fb57b9312831598777d52b01bd6d8348,919,27986,48184,20198,297,262,559,2,56,0,15,176,8.793307947,105445,615,18,11359,14150,2791,403833,471972,68139,6220,7338,1118,0,72.58997883,Arch
73da05b8a138fa96ec88b9d4de32ae2e2de03263,26,0,3190,3190,0,23,23,1,4,128,1,11,4.26172369,3187,616,19,0,324,324,0,12810,12810,0,159,159,0,99.17099902,NoArch
1039894721a53f666b656f2b3e23f8c7383a2c07,0,0,0,0,0,0,0,0,0,0,0,0,0,0,617,20,0,0,0,0,0,0,0,0,0,0,100,NoArch
62f798a3dfd5995f1334da991b26b977da52b5da,3,59,8,51,0,0,0,2,31,14,1,3,0.83000452,1445,618,21,222,210,12,6443,6169,274,76,71,5,1,100,NoArch
125fbfed53eab5cb7b60a632a40af54a7467bd33,945,51408,28071,23337,372,297,669,1,41,0,16,187,8.854865003,85382,531,5,13403,12559,844,451033,440010,11023,7004,6780,224,0,71.52006832,Arch
72cc9e9aa0e7d943ecf651ced3db1596c1fbdf7a,945,28040,51377,23337,297,372,669,1,56,0,16,187,8.854675254,108719,619,22,11371,14477,3106,404107,484898,80791,6225,7499,1274,0,71.52006832,Arch
4eef609524f4831de2d294a50f534d112875c556,25,1035,106,929,3,0,3,1,32,67,1,10,3.939808254,5474,156,8,856,716,140,30129,25676,4453,434,361,73,1,92.48415334,Arch
a86a587788e62c801c9aa71cefe7fa703d0ca810,3,13,6,7,0,0,0,4,31,69,1,2,1.377963039,1300,22,0,201,200,1,5999,6009,10,104,104,0,1,100,NoArch
04c3b07a966e89cb207b53c852f16b881f2d5fec,7,249,46,203,0,0,0,4,32,82,1,4,1.767229308,2352,142,0,458,416,42,12684,11459,1225,203,189,14,1,100,NoArch
beb72f6403711596a287b0756c9a76a10d80c6d3,960,51532,29327,22205,372,300,672,1,41,0,16,188,8.887576531,88540,14,0,13644,12982,662,460989,455644,5345,7143,7006,137,1,72.09584471,Arch
dc789d17e6f06a0b05af4e235bad5c51b83bb847,9,359,51,308,2,0,2,4,30,70,1,4,2.404348212,2327,532,6,466,409,57,12908,11353,1555,213,185,28,1,99.91427347,NoArch
295850da01be27b59f90674527af28c5a6dbbab1,962,29101,51817,22716,300,374,674,1,56,0,16,188,8.891612686,111053,620,22,11752,14775,3023,418516,496409,77893,6437,7666,1229,0,72.02606456,Arch
220ad62a5057fec622eb073fb97e0c2a76b2e586,9,360,52,308,2,0,2,4,34,0,1,4,2.398736681,2352,621,23,473,416,57,13014,11459,1555,217,189,28,1,93.8049076,Arch
c9b89056f771d351f0a3a4cfbe8976011290e63f,2,132,17,115,1,0,1,1,57,15,1,2,0.999707555,1461,23,1,243,231,12,6540,6106,434,130,123,7,1,93.78872601,Arch
4f945cf7e13dafc24d55ef9d5e4a9128af371a6a,4,186,12,174,0,0,0,2,23,156,1,3,0.733170936,885,622,11,123,108,15,3770,3007,763,80,75,5,1,99.71075044,NoArch
1a88ac6ac383eccf8a026368c894f8f21646cd3c,29,2990,0,2990,29,0,29,1,1,0,2,9,4.678417525,0,623,12,333,0,333,9916,0,9916,228,0,228,1,92.60869565,Arch
648826b6d29a3be4b6653aa9c026e9131663154e,3,4,67,63,0,1,1,1,6,52,2,2,0.620611413,237,624,13,17,24,7,736,975,239,8,10,2,1,99.91568297,NoArch
ae9ba43296b03df78ace4fc6be778ee273a87e2b,0,0,0,0,0,0,0,0,0,0,0,0,0,0,625,11,0,0,0,0,0,0,0,0,0,0,100,NoArch
4194df7f78dd7038e49d5a1154cf1e3cafbe3f7e,0,0,0,0,0,0,0,0,0,0,0,0,0,0,626,12,0,0,0,0,0,0,0,0,0,0,100,NoArch
635bc2b11a06852bad38e197655ac2d4ab6d03aa,1,63,26,37,0,0,0,4,24,21,1,1,0,334,24,2,56,48,8,1375,1214,161,30,30,0,1,100,NoArch
0d3ff77e264ed9b9a45c879e337807d01036c2fb,991,51529,32311,19218,373,330,703,1,41,0,17,190,8.95895956,91838,15,1,13687,13343,344,462399,466974,4575,7142,7233,91,1,70.84572886,Arch
a47b6e5d386923ecf927ebdb03b51ad6230c5b0b,0,0,0,0,0,0,0,0,0,0,0,0,0,0,41,0,0,0,0,0,0,0,0,0,0,1,100,NoArch
2e7aa919e8a2fef10ec47cf606adbb3a5fd44d1f,991,32293,51511,19218,330,373,703,1,57,0,17,190,8.958501755,111056,597,0,12142,14783,2641,430675,496998,66323,6670,7648,978,0,70.84572886,Arch
dcaf1dffb62e89c026f1dae13b1dce299fbfbc6c,1,1,1,0,0,0,0,2,5,168,1,1,0,133,598,1,14,14,0,484,485,1,10,10,0,0,100,NoArch
f6d4f9f1480745c2aaae2dd9b6738b983dbed865,3,72,5,67,0,0,0,1,20,62,1,3,1.30790775,781,599,2,147,135,12,4064,3758,306,56,52,4,0,98.08105207,NoArch
6e34afc293d6a87963cf3613ada19c2d57b62184,1,67,46,21,0,0,0,2,2,11,1,1,0,129,600,3,19,16,3,703,599,104,5,5,0,0,100,NoArch
c6475bf5dcf5342ec7ad54838de9ad08f5253bfd,991,51533,32403,19130,373,330,703,1,41,0,17,190,8.960998885,91926,533,1,13687,13358,329,462399,467383,4984,7142,7237,95,1,72.31309991,Arch
ef5fd15b8470c91470c63917b570c4ef6ae7671e,991,32385,51515,19130,330,373,703,1,57,0,17,190,8.96054177,111056,627,7,12157,14783,2626,431084,496998,65914,6674,7648,974,1,72.31309991,Arch
4b595ea6dc2d0bd3dcd7e80d0ddb670ead17245d,2,128,70,58,0,0,0,2,12,105,1,2,0.195909271,358,601,4,48,41,7,1420,1290,130,32,28,4,1,100,NoArch
7a5c4990e51a98e82ece5d0762cf9b42f86d47ca,2,28,2,26,0,0,0,2,2,52,1,2,1,74,602,5,11,11,0,354,354,0,7,7,0,0,100,NoArch
be5a7673338cacf39ec16f35c45e8106d5f12434,3,18,16,2,0,0,0,2,3,10,1,2,1.583726205,179,603,6,23,23,0,610,610,0,18,18,0,0,100,NoArch
0f9f6f5ba26bcd7b2953560e79b6612de2c3f79d,0,0,0,0,0,0,0,0,0,0,0,0,0,0,604,7,0,0,0,0,0,0,0,0,0,0,100,NoArch
fe1d993bb199e7d12e3be8f88299959d244b51c5,0,0,0,0,0,0,0,0,0,0,0,0,0,0,605,8,0,0,0,0,0,0,0,0,0,0,100,NoArch
9388d7c96c2cdd8fcba77394dc0570b3a6e4a470,994,51607,32563,19044,373,330,703,1,41,0,17,190,8.965931929,92249,407,0,13716,13401,315,463288,468674,5386,7164,7267,103,0,72.31309991,Arch
2d93db145b65694a45fee35129bab0b2883989e4,0,0,0,0,0,0,0,0,0,0,0,0,0,0,408,1,0,0,0,0,0,0,0,0,0,0,100,NoArch
3df5af05ecd7bbcb60cc2ea55d8cdd7113fb485b,994,32545,51589,19044,330,373,703,1,57,0,17,190,8.965476477,111293,628,8,12193,14819,2626,432103,498161,66058,6700,7674,974,0,72.31309991,Arch
83c8c1bd5962ca9b5b561ce0215730d5e33cabf8,963,43264,32563,10701,342,330,672,1,41,0,16,181,8.933765206,92249,534,2,13032,13406,374,428592,468826,40234,6838,7272,434,0,72.94021517,Arch
23330cf755d331c7ba548e9a28a1c4f62743bc8a,0,0,0,0,0,0,0,0,0,0,0,0,0,0,535,3,0,0,0,0,0,0,0,0,0,0,100,NoArch
6db53b43e218cd7ce41d37e6119fb43fd564019b,8,289,150,139,0,0,0,1,4,705,1,2,2.085734549,3117,536,4,830,830,0,14126,14143,17,162,162,0,0,100,NoArch
d3e41e3ddd0a3fd6e33e98f0cba4ca6fe5570d54,4,63,21,42,0,0,0,1,5,0,1,1,1.371945582,2871,537,5,819,805,14,13721,13296,425,161,151,10,0,100,NoArch
d90b781b00b52cd7e840fb8dd596044998281dc0,967,33012,43419,10407,334,342,676,1,57,0,16,182,8.941325003,103131,143,1,12260,14149,1889,433793,463998,30205,6743,7358,615,1,72.8781284,Arch
8427665555aea78805dd6bea7dcc090616d85ddb,0,0,0,0,0,0,0,0,0,0,0,0,0,0,606,9,0,0,0,0,0,0,0,0,0,0,100,NoArch
cd4e31881a7fce0a216a3fdae0ed53d4cd97b226,967,43437,33030,10407,342,334,676,1,41,0,16,182,8.941772501,92724,409,2,13046,13474,428,429000,470645,41645,6848,7316,468,0,72.8781284,Arch
2b11b8c36d29bc5f444b081fdf54e3974c5468a1,969,33150,43557,10407,336,344,680,1,57,0,16,182,8.95036576,103131,25,3,12260,14166,1906,433793,464649,30856,6743,7364,621,1,72.76931447,Arch
094f00750fafea213c176f5d10a1a0a0dad9ede5,4,62,9,53,0,0,0,2,21,107,1,3,1.045900146,1194,607,10,192,190,2,5942,5777,165,105,104,1,1,100,NoArch
5de5a0647916578f49f582c39380d093bcbba13f,971,43584,33230,10354,344,336,680,1,41,0,16,182,8.953786167,93144,542,5,13086,13533,447,431095,473556,42461,6876,7351,475,0,72.76931447,Arch
77f1ed2207804238cd01e0b47dc1e11b42d7a5e6,971,41168,43566,2398,336,344,680,1,57,0,16,182,9.105959765,103498,629,9,12302,14206,1904,436053,466744,30691,6772,7392,620,0,72.76931447,Arch
0935193f858c7485b4b8fa05e52657ee69658fea,0,0,0,0,0,0,0,0,0,0,0,0,0,0,630,10,0,0,0,0,0,0,0,0,0,0,100,NoArch
32f06120595bb9b59053253caa4b5c48e4bd7ec0,59,3476,59,3417,0,0,0,1,3,116,1,1,5.874748765,59,631,11,120,120,0,8648,8648,0,113,113,0,0,100,NoArch
bd0ad6860ac62c40ae2616d399d164ce17074641,68,3938,1490,2448,12,5,17,1,4,12,2,3,4.937272612,4954,632,12,808,533,275,35346,18838,16508,290,186,104,0,99.32259714,NoArch
eaa5c9991b23685d7f2909a8e6ecae4dae6ac379,0,0,0,0,0,0,0,0,0,0,0,0,0,0,633,13,0,0,0,0,0,0,0,0,0,0,100,NoArch
45055d353219be9f96cf287257f6aa5f11395118,0,0,0,0,0,0,0,0,0,0,0,0,0,0,608,11,0,0,0,0,0,0,0,0,0,0,100,NoArch
91bcbda6e06a7d88ed21a701f145c74d7127cb05,2,59,5,54,0,0,0,3,24,70,1,2,0.661976064,765,7,0,104,102,2,4238,3834,404,55,54,1,1,99.9744898,NoArch
833eefb3455efef6ed0f412b8f60fdb1686a56f5,2,10,4,6,0,0,0,3,8,98,1,1,1,353,609,12,48,46,2,1012,984,28,34,34,0,0,100,NoArch
4879b9cbd34f3e0c8b0f58768a9339ce1cbf2d3f,0,0,0,0,0,0,0,0,0,0,0,0,0,0,634,12,0,0,0,0,0,0,0,0,0,0,100,NoArch
766bf5021551ed4e7f66b4e95e494b9dc26a6136,979,43593,47354,3761,344,344,688,1,41,0,16,182,9.218926618,107259,16,1,13086,13785,699,431095,490400,59305,6876,7445,569,1,72.61129207,Arch
3c441d03aed96f092ec686e2666f2d264d0af51e,979,47402,43575,3827,344,344,688,1,57,0,16,182,9.21928267,103498,144,1,12635,14091,1456,454321,463013,8692,6884,7374,490,1,72.61129207,Arch
72491912adc21bee4a5adccdf2fbc789d110f66e,2,28,26,2,0,0,0,3,44,76,1,1,0.380946586,3644,610,13,348,348,0,10621,10615,6,200,200,0,0,100,NoArch
a8abf2e3912546118a693144021a9ce7f74cf02a,1,1,7,6,0,0,0,3,21,0,1,1,0,1765,611,14,139,139,0,4362,4362,0,82,82,0,0,100,NoArch
0552c2bf0d0f8aa2a62befa72f638d92e7698266,1,25,6,19,0,0,0,6,58,45,1,1,0,1500,26,2,243,239,4,6332,6242,90,127,126,1,1,100,NoArch
039c2310c41349aa7ef82364c6f2621dde50d133,978,43623,47462,3839,344,344,688,1,41,0,16,181,9.220220795,107115,66,0,13052,13755,703,429981,489775,59794,6868,7438,570,1,72.61129207,Arch
1550b2a35617ba97638d77fd9a6c386eaf0884cd,1,3,0,3,0,0,0,4,10,191,1,1,0,417,67,1,69,69,0,1635,1627,8,30,30,0,1,100,NoArch
097a4183ed9c102ab763bf03b0aa08ace4ff87e4,2,2,1,1,0,0,0,2,4,190,1,2,0.918295834,413,68,2,51,51,0,1561,1552,9,24,24,0,0,100,NoArch
e8bae06604e3d1dee6007b9a23b5476fcdcde5d0,977,47659,43608,4051,345,344,689,1,58,0,15,179,9.221584992,102866,79,0,12577,14006,1429,452740,460355,7615,6861,7342,481,1,72.59158752,Arch
61308b8ff9491e5c4f5deb60a193bd302d9081df,1,1,1,0,0,0,0,1,1,0,1,1,0,216,80,1,23,23,0,1024,1024,0,8,8,0,0,99.94900561,NoArch
aa532c16618cd581aab738f57d81f69d1f8a4f3c,1,1,1,0,0,0,0,1,2,0,1,1,0,216,81,2,23,23,0,1024,1024,0,8,8,0,0,100,NoArch
8f0490178bf96f8ed921f8ea09b2fcdfbe0021d4,935,39293,47673,8380,302,345,647,2,41,0,13,163,9.146834203,106917,538,5,12581,13727,1146,412127,489190,77063,6631,7422,791,0,73.56985699,Arch
c5eae1896f4c1ed3ab9e37bdcc071028f015ba85,0,0,0,0,0,0,0,0,0,0,0,0,0,0,539,6,0,0,0,0,0,0,0,0,0,1,100,NoArch
fa4279c43341154ba1bf632190291df0e1f6e0e1,935,47659,39279,8380,345,302,647,3,58,0,13,163,9.146272213,98537,635,13,12577,13583,1006,452740,444016,8724,6861,7124,263,1,73.56985699,Arch
62cb1b6cb08f14db41934ae1f922511274e08346,1,31,22,9,0,0,0,4,27,98,1,1,0,457,27,3,71,71,0,3280,3228,52,33,33,0,1,100,NoArch
917927fe6da93b718774314261aaff8b1b668236,1,2,1,1,0,0,0,3,11,116,1,1,0,436,612,15,74,72,2,1694,1687,7,32,32,0,1,100,NoArch
8d42a5af7f1c1102b4486918e1f5c1a4ac8d6883,2,3,1,2,0,0,0,3,8,149,1,2,1,276,613,16,25,25,0,814,802,12,11,11,0,0,100,NoArch
4e1ec02590b821defbe3288dfc3551a4c2b18e08,1,3,0,3,0,0,0,2,7,97,1,1,0,505,614,17,41,40,1,1093,1078,15,27,27,0,0,100,NoArch
dfddf6910332e7981f6dc9c0df050ceaab441151,1,20,0,20,0,0,0,2,3,9,1,1,0,216,636,9,23,23,0,1024,1024,0,8,8,0,0,100,NoArch
cc11683bf6f2bba6a7cba93d91e841ff00c74b89,0,0,0,0,0,0,0,0,0,0,0,0,0,0,637,10,0,0,0,0,0,0,0,0,0,0,100,NoArch
afcb55e547f8d7976b89ebcfa6137b82f3e1ed0c,0,0,0,0,0,0,0,0,0,0,0,0,0,0,638,11,0,0,0,0,0,0,0,0,0,0,100,NoArch
00282727b838988daa3328595d3f9058d86fdf6d,1,13,11,2,0,0,0,2,7,204,1,1,0,327,615,18,72,71,1,2118,2104,14,10,9,1,0,100,NoArch
09ebb720d3c5553c0945f1b3cf793e8861fa4196,3,162,117,45,0,0,0,2,8,101,1,3,1.223447426,2521,145,2,395,379,16,11777,11457,320,76,64,12,1,99.9872514,NoArch
44aece50206f871ebbec2b44b6a23ec1d8664a16,1,7,4,3,0,0,0,4,28,5,1,1,0,466,639,12,71,71,0,3295,3280,15,33,33,0,0,100,NoArch
17946e532570199820b019b947c9110cc28155a0,28,1611,869,742,0,0,0,2,15,85,1,10,3.540479311,6631,157,0,997,895,102,30104,27207,2897,498,445,53,1,95.20999177,Arch
6e8044251947ebb95ad504646144c85228d9711b,7,355,0,355,7,0,7,1,1,0,1,3,2.769262325,0,158,1,12,0,12,648,0,648,12,0,12,1,94.95212038,Arch
ac4beb12f94b63d3a83fdf678e0a618542016ee3,0,0,0,0,0,0,0,0,0,0,0,0,0,0,82,3,0,0,0,0,0,0,0,0,0,1,100,NoArch
a3cd7da9c1631b8e584c1db670555f0144502b21,1,6,7,1,0,0,0,2,8,0,1,1,0,362,159,2,58,58,0,1866,1887,21,24,24,0,0,100,NoArch
374971febe969b72b7684bb79e7b00384ed6d44c,1,1,1,0,0,0,0,2,5,207,1,1,0,83,160,3,12,12,0,245,241,4,11,11,0,0,100,NoArch
bcca6682e0f0739a174be5c90bd7c60575f55934,2,17,1,16,0,0,0,2,11,208,1,2,0.964078765,344,640,13,48,44,4,2016,1934,82,17,16,1,1,100,NoArch
5a58837f8e629c3cc190fb76c34b9659309260f3,1,1,4,3,0,0,0,2,3,209,1,1,0,60,641,14,1,1,0,159,180,21,1,1,0,0,100,NoArch
8c5aadf6a064f67e3e3de1540822d65225691930,0,0,0,0,0,0,0,0,0,0,0,0,0,0,642,15,0,0,0,0,0,0,0,0,0,0,100,NoArch
e353513bcd4e7eb28a4fc6078ef1a0182516e6e0,0,0,0,0,0,0,0,0,0,0,0,0,0,0,643,16,0,0,0,0,0,0,0,0,0,0,100,NoArch
cc1a9be9c84d5887e7ec390e98b647a851f1094b,0,0,0,0,0,0,0,0,0,0,0,0,0,0,644,17,0,0,0,0,0,0,0,0,0,0,100,NoArch
f8485e3b36878d84a146af3ca15ba39a6e972aa8,6,333,256,77,2,0,2,3,10,104,1,2,1.809926566,972,2,0,122,119,3,5776,5376,400,38,33,5,0,99.94934144,NoArch
ff7bee0e49928c7d6d770167f6c78fef9a4ad14f,1,4,4,0,0,0,0,5,35,65,1,1,0,795,146,3,132,132,0,4317,4317,0,54,54,0,0,100,NoArch
4208134b5e90fda367fbef75cb49cbc5a32a667c,1,11,9,2,0,0,0,2,4,16,1,1,0,236,83,4,23,23,0,1024,1024,0,8,8,0,0,100,NoArch
2a22129eddd7761f2ba3daf2406399afa7037461,0,0,0,0,0,0,0,0,0,0,0,0,0,0,161,4,0,0,0,0,0,0,0,0,0,1,100,NoArch
b6ba20b965ec0fe97ead8f824a88d83d8e0d6400,30,1956,1113,843,5,0,5,1,59,34,1,15,3.685767233,8313,162,5,1246,1143,103,41981,38116,3865,635,578,57,1,99.62087704,NoArch
78035ea26b5e56f422f7473c2690b3965aff4bbc,1,3,1,2,0,0,0,6,60,0,1,1,0,1520,163,6,244,243,1,6347,6339,8,127,127,0,0,100,NoArch
7a6b944e6b2ccba6d9835daf2fb4e3a382c2b281,3,57,12,45,0,0,0,1,3,27,1,2,1.303455145,499,164,7,73,64,9,2535,2255,280,36,34,2,0,100,NoArch
5c4bd063d7673cfde074ec4b55786a862c07464d,9,166,0,166,0,0,0,2,10,91,1,3,2.251148823,1115,165,8,96,84,12,4220,3694,526,86,74,12,0,100,NoArch
9fc2fd6af62747560e894347ccf2f96f8e4acb52,0,0,0,0,0,0,0,0,0,0,0,0,0,0,84,5,0,0,0,0,0,0,0,0,0,0,100,NoArch
daa3c005c532cbe4f3876151bbc92a23ce13243b,1,1,1,0,0,0,0,3,5,18,1,1,0,249,166,9,38,38,0,1226,1226,0,23,23,0,0,100,NoArch
3c9a89ac1a771bc932c4438ce8ab9f18aa0d1ed5,1,0,1,1,0,0,0,3,14,122,1,1,0,261,167,10,39,39,0,1411,1432,21,20,20,0,0,100,NoArch
a20de10f4aa89969900417cb4fc671f81aad8dd1,1,37,31,6,0,0,0,4,29,22,1,1,0,469,168,11,73,71,2,3354,3295,59,33,33,0,0,15.39237951,Arch
19812e7e290d09e56b888ae60f4eff6873134256,28,499,120,379,6,0,6,1,61,51,1,6,4.15338791,7078,170,13,1120,1096,24,32294,31258,1036,675,652,23,0,22.28696286,Arch
171b10894491181500b4cdfc4d9c26f5c054c468,0,0,0,0,0,0,0,0,0,0,0,0,0,0,171,14,0,0,0,0,0,0,0,0,0,1,100,NoArch
9ca56a0049e2009f1725aaf0e7afdf6e4d21d6ee,40,191,162,29,0,0,0,3,45,159,2,21,4.880158901,9992,645,10,1317,1318,1,40129,40275,146,680,680,0,1,94.0635349,Arch
5159e2b9ad4c848cd0939b098aef9bbab5f0316f,1,2,0,2,0,0,0,3,18,132,1,1,0,352,646,11,62,62,0,1514,1494,20,38,38,0,0,100,NoArch
2e08bc7f37b0c714898737a60dd6b909e4787650,1,1,1,0,0,0,0,4,31,114,1,1,0,881,647,11,134,134,0,3559,3560,1,42,42,0,1,100,NoArch
d78c1ff6086757615c5f4b7e791f6743047926d4,2,19,1,18,0,0,0,2,19,136,1,2,0.468995594,467,648,12,62,61,1,1996,1957,39,35,34,1,0,100,NoArch
6bae9594dbf3fd1bc88ca4bf5d60f3dfea1887f1,5,94,26,68,1,0,1,1,19,48,1,3,1.995275266,711,649,13,90,82,8,2742,2524,218,55,51,4,1,99.97521685,NoArch
7416155e42d81d71c6c72566c997eda0e3108785,1,110,0,110,1,0,1,1,1,0,1,1,0,0,172,15,5,0,5,552,0,552,3,0,3,0,94.43867544,Arch
35707b3c565716541dcd0b1b41c3f3a515a03cfb,1,1,1,0,0,0,0,2,5,243,1,1,0,63,28,0,4,4,0,282,282,0,3,3,0,1,100,NoArch
51135a727ae439104ec69a3b3de5ad062cfd68d4,982,40556,51876,11320,302,367,669,2,41,0,13,168,9.203478115,114278,17,0,13075,14246,1171,430282,511390,81108,6877,7750,873,1,74.35158501,Arch
f2dbca05d7f32401446888b794504cce69a5bfac,982,51882,40562,11320,367,302,669,3,61,0,13,168,9.20305017,102958,147,2,13376,13883,507,481754,456523,25231,7293,7294,1,0,74.35158501,Arch
27f15fd9c583f88e22642f2248641475aa9fcee8,2,33,0,33,0,0,0,2,19,136,1,2,0.845350937,691,616,0,117,117,0,2956,2956,0,70,70,0,0,100,NoArch
d96a43d400329bf126dbd9f58db692650b7a94ae,3,2,4,2,0,0,0,6,62,84,1,2,1.584962501,2589,617,1,399,399,0,10411,10411,0,188,188,0,0,100,NoArch
7a1d626a00c9c4d642bf278322807d6ad84af172,0,0,0,0,0,0,0,0,0,0,0,0,0,0,618,2,0,0,0,0,0,0,0,0,0,0,100,NoArch
7da6f3a9745f147a89c2f00b963fe212e656f90a,982,40560,51911,11351,302,367,669,2,41,0,13,168,9.203634508,114309,410,0,13075,14246,1171,430282,511390,81108,6877,7750,873,0,74.35158501,Arch
d287bb1d498bb2e8aabc350bffd3f6d9fd5b78b3,985,51986,40571,11415,368,302,670,3,62,0,13,169,9.206107099,103284,619,3,13421,13921,500,483157,457695,25462,7327,7321,6,1,74.33295753,Arch
55867a9a3a93ed6ae000d124b7c8412f0bf88d9d,985,40565,51980,11415,302,368,670,2,41,0,13,169,9.206535644,114699,540,0,13113,14291,1178,431454,512793,81339,6904,7784,880,0,74.33295753,Arch
8cf0a390c5e2fc99f30f63f52d9be4e93f8b05da,985,51986,40571,11415,368,302,670,3,62,0,13,169,9.206107099,103284,650,11,13421,13921,500,483157,457695,25462,7327,7321,6,0,74.33295753,Arch
0cc41ce86ce31e64b7729fff90276dd27f24a89d,985,40565,51980,11415,302,368,670,2,41,0,13,169,9.206535644,114699,541,1,13113,14291,1178,431454,512793,81339,6904,7784,880,0,74.33295753,Arch
4e98feca9209559ccb8105b9bdc4dd2878a972b4,985,52064,40568,11496,368,302,670,3,62,0,13,169,9.205294288,103284,173,16,13432,13921,489,483483,457695,25788,7332,7321,11,0,74.33295753,Arch
a8b181014185341a0608448fbecdef3db07ba97a,2,15,10,5,0,0,0,1,2,90,1,1,0.40217919,331,651,11,31,27,4,1239,1225,14,10,9,1,1,100,NoArch
796785171ad0c209eaf29729afebd92b800a4ec3,1,2,1,1,0,0,0,1,2,65,1,1,0,641,652,12,103,103,0,4154,4147,7,13,13,0,0,100,NoArch
aab5d8b1feaf448a5c2d105c8fdf2c5b2d56fd3c,4,581,0,581,4,0,4,1,1,0,1,2,1.77942369,0,174,13,88,0,88,1840,0,1840,51,0,51,0,99.89218329,NoArch
39ef23801f3eb99f385bb53c6e63cf1ef9625915,3,17,0,17,0,0,0,1,13,92,1,3,1.16608706,988,653,13,125,123,2,4853,4765,88,94,92,2,0,100,NoArch
6ba79b58d43139fd9b227a7948de6849216c6a4d,0,0,0,0,0,0,0,0,0,0,0,0,0,0,620,4,0,0,0,0,0,0,0,0,0,0,100,NoArch
05586eda6f95eab2132454cf395dac2fd52b8303,1,20,3,17,0,0,0,2,5,250,1,1,0,605,654,14,108,107,1,2554,2474,80,30,30,0,0,100,NoArch
da7ae3932054bf39597a722a4482612d947f9c1a,0,0,0,0,0,0,0,0,0,0,0,0,0,0,655,14,0,0,0,0,0,0,0,0,0,0,100,NoArch
ef8320b2e96fff367380ed20f0a616cd809b58b4,990,40566,52683,12117,302,372,674,2,41,0,13,169,9.215273933,116006,542,2,13220,14504,1284,433928,517602,83674,6934,7873,939,0,74.27427427,Arch
c3f41326ef161ac322444558c750decaf296db78,990,52688,40571,12117,372,302,674,3,62,0,13,169,9.214883557,103889,656,15,13634,14028,394,487986,460169,27817,7416,7351,65,0,74.27427427,Arch
5d6963e78c7e45208e9553bc3889d2285c373714,0,0,0,0,0,0,0,0,0,0,0,0,0,0,657,16,0,0,0,0,0,0,0,0,0,0,100,NoArch
4c7eaca5c5d50a48973abde0b726fb1388f3cd4c,0,0,0,0,0,0,0,0,0,0,0,0,0,0,658,17,0,0,0,0,0,0,0,0,0,0,100,NoArch
af0aa85c8e360021b701b54660a502ff3a51bab4,0,0,0,0,0,0,0,0,0,0,0,0,0,0,659,18,0,0,0,0,0,0,0,0,0,0,100,NoArch
886381edaa0073c2e7fa9ab91f7a41f3a24e91d3,0,0,0,0,0,0,0,0,0,0,0,0,0,0,660,19,0,0,0,0,0,0,0,0,0,0,100,NoArch
d778fa4601c0ee6f461d69b0d06e597ebba71efd,1,75,13,62,0,0,0,3,7,251,1,1,0,225,661,18,44,34,10,1427,1140,287,10,8,2,1,100,NoArch
76efc33cdbfb58f74ca05561341dc48dc633f74b,2,12,4,8,0,0,0,1,3,146,1,1,0.337290067,237,662,17,30,30,0,1282,1249,33,13,13,0,1,100,NoArch
c0454ac32545dc637cb63f70065aecd3cb52871d,991,40580,52759,12179,302,372,674,2,41,0,14,170,9.217416898,116294,543,3,13254,14548,1294,435075,519036,83961,6942,7883,941,0,74.27427427,Arch
29459ed41474b5447214696146508c7f75244293,992,52766,40585,12181,372,302,674,3,62,0,14,170,9.217192558,104385,16,0,13728,14112,384,490431,462327,28104,7464,7397,67,0,74.27427427,Arch
319966c1298daa97b86573c4149cd9a7fa896ce2,1,25,20,5,0,0,0,6,63,7,1,1,0,1544,663,18,248,247,1,6444,6430,14,130,129,1,0,100,NoArch
1bf7a48416ef8c4af5ff7f02f088fc86fd3af602,1,1,1,0,0,0,0,2,9,19,1,1,0,253,621,5,26,26,0,975,975,0,17,17,0,0,100,NoArch
7a25bcf20302019b4fb9b0c675e99adc7ef3a076,0,0,0,0,0,0,0,0,0,0,0,0,0,0,664,19,0,0,0,0,0,0,0,0,0,0,100,NoArch
6429b1d01b370dbf8485b010ca4a49b25505b8b2,992,40597,52783,12186,302,372,674,2,41,0,14,170,9.216774738,116571,544,4,13304,14599,1295,436086,520061,83975,6980,7922,942,0,74.27427427,Arch
a717c86c2f065cf18a4dd2c886963f3be1cb894e,43,0,4312,4312,0,43,43,2,5,258,1,7,5.132847922,4312,545,5,0,401,401,0,13962,13962,0,260,260,0,98.50973236,NoArch
ab23dad4df3de83f338921f56f4a3a75e3266fe4,9,0,832,832,0,9,9,1,6,261,2,3,2.609152281,832,546,6,0,95,95,0,4013,4013,0,48,48,0,99.62674961,NoArch
807e020373fe2733d5f822b399c969860ee97b9d,0,0,0,0,0,0,0,0,0,0,0,0,0,0,547,7,0,0,0,0,0,0,0,0,0,0,100,NoArch
bfdc0ffc08d6429316a2b914437346d87c9cb3f6,0,0,0,0,0,0,0,0,0,0,0,0,0,0,548,8,0,0,0,0,0,0,0,0,0,0,100,NoArch
2771778b77d6f228f9b617879d478802222c1d34,0,0,0,0,0,0,0,0,0,0,0,0,0,0,549,9,0,0,0,0,0,0,0,0,0,0,100,NoArch
e6421076e5d7e0b3820b5ce0e7f54529a034ed13,0,0,0,0,0,0,0,0,0,0,0,0,0,0,550,10,0,0,0,0,0,0,0,0,0,0,100,NoArch
8c65ee2cbb53a52342b039e1e79ee852001f67ec,0,0,0,0,0,0,0,0,0,0,0,0,0,0,551,11,0,0,0,0,0,0,0,0,0,0,100,NoArch
e73f5aabf61468d431d4ac18c1840c90d85820ff,940,52879,35541,17338,372,250,622,3,63,0,11,160,9.116709838,99241,622,6,13730,13622,108,490459,444465,45994,7466,7095,371,0,75.09559011,Arch
0c6165f4bb6c959edd22bfc92ea07d0b7b0f4d32,3,92,2,90,2,0,2,5,24,68,1,2,1.359524583,685,623,7,37,32,5,3186,2910,276,28,23,5,1,99.89235737,NoArch
2ccbdb86573f5ba146f0cdede6dd466cd59ee83f,1,39,0,39,1,0,1,1,1,0,1,1,0,0,624,8,1,0,1,121,0,121,1,0,1,1,99.95698,NoArch
333158a031fe2265f0277ddd4e45b4d364233c1c,18,61,44,17,0,0,0,1,46,142,1,8,3.526172151,8016,665,20,881,879,2,37665,37640,25,466,464,2,0,100,NoArch
b2efb2458b726e3854bb5c67a941a89186d641c9,949,35572,53056,17484,250,375,625,2,41,0,11,160,9.125415563,118155,552,12,12948,14749,1801,424522,527001,102479,6751,8011,1260,0,74.98090145,Arch
c1588f52e11d34ba928fd3140b2192f0a857e5f4,0,0,0,0,0,0,0,0,0,0,0,0,0,0,553,13,0,0,0,0,0,0,0,0,0,0,100,NoArch
a191115187a07585d30222bddf4a14c86fa24dea,949,53061,35577,17484,375,250,625,3,63,0,11,160,9.124990211,100671,666,21,13878,13768,110,497292,451163,46129,7553,7180,373,0,74.98090145,Arch
7b19dd4cece9141274be4c2fdbb2193cb6205429,10,1311,0,1311,10,0,10,1,1,0,1,3,2.621150319,0,625,9,117,0,117,5899,0,5899,55,0,55,0,99.4369489,NoArch
ddde7643fdcd34ca7bae658d1e966e0e0f5013e4,3,202,59,143,0,0,0,1,2,0,1,2,0.654467881,839,626,10,114,97,17,5723,4894,829,41,36,5,0,100,NoArch
0ba4b93c3763e75e1ec0c34806c1b0e087dcbc61,0,0,0,0,0,0,0,0,0,0,0,0,0,0,667,22,0,0,0,0,0,0,0,0,0,0,100,NoArch
aa54a8bec6cb79c99cd555ec58b5ba6b49aedb8c,3,52,9,43,0,0,0,2,22,137,1,2,1.301728854,1024,668,23,205,198,7,4770,4589,181,110,106,4,1,100,NoArch
4f7025083420058e50051c86170e47c91d2af827,1,2,2,0,0,0,0,2,23,0,1,1,0,604,669,24,114,114,0,3054,3042,12,39,39,0,0,100,NoArch
a45a7a3f1dc0107b0eb02b243a9e9880c1a49426,1,1,1,0,0,0,0,5,25,5,1,1,0,690,670,25,33,33,0,2922,2933,11,24,24,0,0,100,NoArch
b68267a341174e23f1369a26b318d2a84351542d,1,2,2,0,0,0,0,2,3,268,1,1,0,181,671,26,18,18,0,938,956,18,9,9,0,0,100,NoArch
9ba6fcc40fa86626d89a7451152ece1d3b581f24,1,1,1,0,0,0,0,2,2,21,1,1,0,51,672,27,4,4,0,160,171,11,4,4,0,0,100,NoArch
7d54de6504327ac06c2ffde6fd4ba7aa887a1837,1,5,7,2,0,0,0,2,3,98,1,1,0,96,673,28,10,10,0,314,369,55,6,6,0,0,100,NoArch
e80e052c278df2b3657bdcfc01b2df4d8a01ccfb,1,1,1,0,0,0,0,2,4,58,1,1,0,57,674,29,1,1,0,146,159,13,1,1,0,0,100,NoArch
0d25d4e211c500e213477bad97b3d1e093a887ba,1,13,13,0,0,0,0,2,6,154,1,1,0,364,675,30,18,18,0,1946,2063,117,9,9,0,0,100,NoArch
b91928db8c8627d4f434934f77cd9fd608809645,1,4,4,0,0,0,0,2,7,268,1,1,0,146,676,31,15,15,0,755,815,60,7,7,0,0,100,NoArch
1b9276d2c14fb74ff2487c627ba5566e4bd64c9a,1,1,2,1,0,0,0,1,8,31,1,1,0,81,677,32,6,6,0,280,284,4,4,4,0,0,100,NoArch
fed2d6b5c7e3029d35d499a9a968ae569e731d0a,1,2,2,0,0,0,0,2,3,249,1,1,0,93,678,33,3,3,0,384,412,28,3,3,0,0,100,NoArch
be0aaf481fff2f01a5072a94b03af9b5b08df4fc,0,0,0,0,0,0,0,0,0,0,0,0,0,0,679,34,0,0,0,0,0,0,0,0,0,0,100,NoArch
e281f0645a0c580c3e87b7206e9c14444c1f1a64,0,0,0,0,0,0,0,0,0,0,0,0,0,0,680,35,0,0,0,0,0,0,0,0,0,0,100,NoArch
ec09a75e7aee5d6b890460ef4de93247df890834,1,7,1,6,0,0,0,2,8,255,1,1,0,191,681,36,12,12,0,625,625,0,8,8,0,1,100,NoArch
02991433bb9c8eb8271572bc72d88210e00cd06e,0,0,0,0,0,0,0,0,0,0,0,0,0,0,682,37,0,0,0,0,0,0,0,0,0,1,100,NoArch
349d0f219fbe1b120a17e862abea8a6749d8ee39,1,2,2,0,0,0,0,1,7,269,1,1,0,405,683,38,65,65,0,2022,2022,0,26,26,0,0,100,NoArch
47a97ef893c48824dfbe4fdad3549c87428c71dc,1,1,1,0,0,0,0,2,8,0,1,1,0,405,3,0,65,65,0,2022,2022,0,26,26,0,0,100,NoArch
04015a5e3ddbdf2c15f5bd0d0818bb9c92f69fa7,0,0,0,0,0,0,0,0,0,0,0,0,0,0,627,11,0,0,0,0,0,0,0,0,0,0,100,NoArch
83573a052ce037405b62ccfbd866d4c08c9e095a,3,75,52,23,0,0,0,1,3,3,1,2,1.300736239,982,628,12,116,114,2,5650,5723,73,41,41,0,0,100,NoArch
9f000ec235afeaec10d4645e0c96688032d6dba8,0,0,0,0,0,0,0,0,0,0,0,0,0,0,629,13,0,0,0,0,0,0,0,0,0,0,100,NoArch
b1ed273f83385b2bd1eea7881771d39f3ee63712,1,8,2,6,0,0,0,2,3,271,1,1,0,45,630,14,3,2,1,184,131,53,1,1,0,0,100,NoArch
efd516866d35fd38ac9ed084282f3a503d75cfab,1,0,3,3,0,0,0,3,34,39,1,1,0,604,631,15,122,122,0,3136,3136,0,67,67,0,0,100,NoArch
f370f916648619ce0cc253c60372fbdae9ed814f,0,0,0,0,0,0,0,0,0,0,0,0,0,0,632,16,0,0,0,0,0,0,0,0,0,0,100,NoArch
41265f2b537b0e214c780e95f075412db9c7d4b1,1,1,1,0,0,0,0,2,8,194,1,1,0,294,684,37,65,65,0,1712,1712,0,14,14,0,0,100,NoArch
148f3bded15c52ba4176a0ba40bcea39831e98a0,9,1076,578,498,3,1,4,1,9,253,1,1,2.840502869,759,685,38,188,120,68,5675,3576,2099,84,26,58,0,99.53246753,NoArch
cb9e5013764d56b202e6bfe0e4e42dcfc9d52a30,971,36349,55857,19508,252,389,641,2,41,0,13,166,9.162399698,121388,560,14,13135,15165,2030,430251,542330,112079,6804,8194,1390,0,74.69625589,Arch
d9ad0437ffb16da04cc215e852816cfdf511f9da,971,55860,36352,19508,389,252,641,3,63,0,13,166,9.161893816,101880,633,17,14277,13975,302,511704,457990,53714,7728,7243,485,0,74.69625589,Arch
49e10d36fc5a3317ee6a3e7a42787c913da5234d,5,259,1,258,3,0,3,1,64,61,1,3,1.607753548,1719,634,18,321,288,33,8367,7401,966,165,143,22,0,97.84451188,Arch
050de10d41953f26721562f4d1972c371b9c4d8e,1,63,0,63,1,0,1,1,1,0,1,1,0,0,635,19,3,0,3,247,0,247,2,0,2,0,99.97870528,NoArch
2672065943f9119df9422ef5b3eea0d177a2e82f,0,0,0,0,0,0,0,0,0,0,0,0,0,0,636,20,0,0,0,0,0,0,0,0,0,1,100,NoArch
07529a5f05cc3940c0ce0c73aecdf26959b983bf,0,0,0,0,0,0,0,0,0,0,0,0,0,0,148,0,0,0,0,0,0,0,0,0,0,1,100,NoArch
fdadd72d9c60339c04921ad13f965281f07bf8a8,0,0,0,0,0,0,0,0,0,0,0,0,0,0,149,1,0,0,0,0,0,0,0,0,0,0,100,NoArch
b93cd9ec13c1d804aafbacdcc3d548eda55bc61a,1,30,1,29,0,0,0,3,4,289,1,1,0,84,175,2,7,4,3,237,149,88,5,3,2,0,100,NoArch
b3e315fcc21e2d96ab151fa4d2516bbdb3d49edf,1,1,1,0,0,0,0,6,65,6,1,1,0,1550,637,17,248,248,0,6457,6468,11,130,130,0,0,100,NoArch
3f74b0e1c0e32746fdb4d37d8cf76cdb04371ce5,2,41,3,38,0,0,0,2,2,170,1,1,0.811278124,506,176,3,99,96,3,2632,2519,113,48,45,3,0,100,NoArch
d01965af0b5f2c959e0fd93ac7b61f4b804731d4,0,0,0,0,0,0,0,0,0,0,0,0,0,0,150,2,0,0,0,0,0,0,0,0,0,0,100,NoArch
c171817a749fdc9ea652c57237404d68bd77ff3e,1,7,3,4,0,0,0,6,12,289,1,1,0,326,177,4,60,59,1,1638,1593,45,29,29,0,0,100,NoArch
12fff7894308fd17ce4117116bfe2f5b29674e3a,0,0,0,0,0,0,0,0,0,0,0,0,0,0,638,18,0,0,0,0,0,0,0,0,0,0,100,NoArch
526cb5bae8a0976e553a4072c8b82ec3fc07c768,7,96,5,91,0,0,0,2,47,228,1,2,2.777230889,3188,178,3,380,366,14,11740,11405,335,237,228,9,0,100,NoArch
330e73140a1188424d64f031434c825fa8f2ea64,2,552,0,552,2,0,2,1,1,0,1,1,0.994984828,0,179,4,100,0,100,2642,0,2642,49,0,49,0,97.06615315,Arch
fdcc973923380d4f14a8696c66e1dd4e7e29b2c6,1,5,11,6,0,0,0,2,4,292,1,1,0,142,180,5,14,15,1,324,333,9,7,8,1,0,100,NoArch
166a04bc58b29d87a9fb6b608ba29158b0084793,1,22,3,19,0,0,0,4,27,29,1,1,0,378,181,6,59,57,2,1405,1374,31,33,31,2,0,100,NoArch
ae687a1182452d6939b48ae34e79b16745ddd9cd,6,11,553,542,0,2,2,2,3,56,1,2,1.249157999,858,182,7,17,116,99,1150,3768,2618,14,62,48,0,97.04349796,Arch
8a8f41c33b904ef38a8e7844f7f6d00ea254bfe0,1,19,0,19,0,0,0,3,8,83,1,1,0,138,183,8,10,9,1,786,648,138,9,8,1,0,100,NoArch
4821b9da7055ba55fa3ce9ead5ff848db4052ff9,127,862,855,7,0,0,0,2,24,125,1,5,6.754002638,18419,184,9,1278,1278,0,69545,69516,29,969,969,0,0,100,NoArch
9c3dc347ca39b9f714ce1f16e12569bce82877e2,1,6,6,0,0,0,0,2,2,109,1,1,0,733,185,10,134,134,0,5210,5210,0,29,29,0,0,100,NoArch
36de58b37136ce37d6c84bcf01cb3a6e07a5b75c,9,62,141,79,0,0,0,4,35,165,1,2,2.946409257,2843,29,0,399,421,22,12833,13038,205,186,213,27,1,100,NoArch
ede5e3f23ed0aeb2fd6b7a6a5fc47b1cb86a0bbc,1,4,2,2,0,0,0,2,2,26,1,1,0,219,186,11,7,7,0,289,275,14,7,7,0,0,100,NoArch
2cc9b26943e3a660067a0952fc121c74842a135f,1,4,3,1,0,0,0,2,6,190,1,1,0,64,187,12,4,4,0,265,251,14,4,4,0,0,100,NoArch
cafe4cbcc4cf31839ff5bdfb5af7a55a682ef075,10,552,206,346,1,0,1,1,36,104,1,6,2.420947028,2647,686,20,420,378,42,14829,12933,1896,191,177,14,1,99.91497502,NoArch
da7478d9d534eefd979404417d0dbb9e7fd84a36,3,788,889,101,0,1,1,4,37,23,1,2,1.124423391,1315,687,21,191,201,10,5981,6346,365,83,92,9,0,95.19129519,Arch
3daf923b510d3c626e9341567593ba7dcfccaad2,6,44,0,44,0,0,0,1,11,103,1,3,2.022629779,762,688,22,67,63,4,2964,2774,190,57,53,4,0,100,NoArch
39b037600129ff8c872dbb5cf717f40a15135f33,2,172,0,172,2,0,2,1,1,0,1,1,0.988166223,0,639,14,15,0,15,702,0,702,9,0,9,0,99.93485342,NoArch
11501cb38e93d7ad59961fdaad0522f5ff7218ea,1,0,2,2,0,0,0,1,2,0,1,1,0,97,640,15,8,8,0,421,425,4,5,5,0,0,100,NoArch
0c93dfde72494a5906b2937d320bde8ef46794e6,2,124,52,72,0,0,0,2,3,0,1,1,0.08970339,170,689,22,28,15,13,1027,698,329,12,9,3,0,100,NoArch
c636b3798f368ebfdd6fed7839e24f2072746e51,2,108,7,101,1,0,1,1,2,7,1,2,0.534339367,253,151,3,43,41,2,1598,1285,313,25,23,2,0,99.97396511,NoArch
da5139c24b083551fd00c88eb90a1f205c054c7c,7,127,69,58,0,0,0,2,37,163,1,4,1.759749175,2252,690,23,324,318,6,9689,9496,193,126,125,1,2,100,NoArch
4b5bc5eb2ddf94c48a2c12917d3bb76c315d2500,1,3,3,0,0,0,0,3,25,17,1,1,0,601,188,13,114,114,0,3010,3007,3,39,39,0,0,100,NoArch
6be185d2ce739ea04c6a85b9bba074771dde4689,0,0,0,0,0,0,0,0,0,0,0,0,0,0,641,14,0,0,0,0,0,0,0,0,0,1,100,NoArch
4e1299d857790ce795f526f859a8a0953d32f968,0,0,0,0,0,0,0,0,0,0,0,0,0,0,691,9,0,0,0,0,0,0,0,0,0,0,100,NoArch
395bf8d74016964e6bb7afa19becb67e603fdec0,2,11,1,10,0,0,0,4,48,22,1,1,0.650022422,2578,692,8,301,300,1,8644,8618,26,184,183,1,0,100,NoArch
219fb2705b213fd5d2d1c53bb9b0713575ab5a92,1,3,0,3,0,0,0,5,35,9,1,1,0,910,30,1,139,139,0,3644,3638,6,43,43,0,1,100,NoArch
18e4e0bfe957310b6ad736c634fbec57384e0e5d,0,0,0,0,0,0,0,0,0,0,0,0,0,0,693,7,0,0,0,0,0,0,0,0,0,0,100,NoArch
b36d87d512d026227279e0fbb2533a810f3dcb7a,0,0,0,0,0,0,0,0,0,0,0,0,0,0,694,8,0,0,0,0,0,0,0,0,0,0,100,NoArch
1eaa3b91686c72eb5ce0fb7c5bc11789237971fa,0,0,0,0,0,0,0,0,0,0,0,0,0,0,695,9,0,0,0,0,0,0,0,0,0,0,100,NoArch
70fa2fc5585896115fccf46728170835c3466ab9,0,0,0,0,0,0,0,0,0,0,0,0,0,0,0,0,0,0,0,0,0,0,0,0,0,0,100,NoArch
1f5f98d1892a0f56882eb5c2678db676bc7c2fd2,1051,37860,58527,20667,253,397,650,2,41,0,13,169,9.214434274,132138,0,0,13758,15903,2145,464212,581577,117365,7319,8752,1433,0,72.79307408,Arch
8be1b5eb5a5f7ddde45656a7e156e8a9ec03b8af,0,0,0,0,0,0,0,0,0,0,0,0,0,0,691,9,0,0,0,0,0,0,0,0,0,0,100,NoArch
0918fba384080081df16c327c52ff5382ae8ebfa,1,59,0,59,1,0,1,1,1,0,1,1,0,0,152,4,5,0,5,234,0,234,3,0,3,1,99.88290398,NoArch
d71bc421f8a7eeec3640b52dc8c93c2db5cb33f8,2,11,1,10,0,0,0,4,48,22,1,1,0.650022422,2578,692,8,301,300,1,8644,8618,26,184,183,1,0,100,NoArch
395bf8d74016964e6bb7afa19becb67e603fdec0,1,0,59,59,0,1,1,0,0,0,1,1,0,59,692,8,0,5,5,0,234,234,0,3,3,0,99.88290398,NoArch
89510235560e625b4c82b3d8d5ac8fb82b6b4156,3,90,1,89,1,0,1,1,31,112,2,3,1.202038276,914,153,5,85,126,41,4559,4143,416,14,59,45,1,99.88290398,NoArch
a8f4f6978c318f186e07d1f6a9fd5326755d15ce,1,7,2,5,0,0,0,5,32,0,1,1,0,788,154,6,119,69,50,3655,3628,27,53,4,49,0,100,NoArch
beaca8a0432d99482301c71ae503605c4b81f971,2,4,2,2,0,0,0,3,7,46,1,1,0.918295834,421,155,7,19,19,0,2112,2092,20,10,10,0,0,100,NoArch
b75b1ee059959b6da708e2b779e9613301978122,0,0,0,0,0,0,0,0,0,0,0,0,0,0,30,1,0,0,0,0,0,0,0,0,0,1,100,NoArch
2510b088adbe75ba744bb6fccc1eb66b46ce38c4,1,3,0,3,0,0,0,5,35,9,1,1,0,910,31,2,139,139,0,3644,3638,6,43,43,0,1,100,NoArch
219fb2705b213fd5d2d1c53bb9b0713575ab5a92,6,6,102,96,0,1,1,0,35,118,2,5,1.762550978,2344,30,1,284,293,9,9879,10342,463,112,116,4,1,99.88290398,NoArch
18e4e0bfe957310b6ad736c634fbec57384e0e5d,0,0,0,0,0,0,0,0,0,0,0,0,0,0,693,7,0,0,0,0,0,0,0,0,0,0,100,NoArch
8396de884b1b20e45e65b3cfb719166cfa00ea29,6,102,6,96,1,0,1,1,35,67,2,5,1.762550978,2248,693,7,293,284,9,10342,9879,463,116,112,4,0,99.88290398,NoArch
b36d87d512d026227279e0fbb2533a810f3dcb7a,6,6,102,96,0,1,1,0,35,118,2,5,1.762550978,2344,694,8,284,293,9,9879,10342,463,112,116,4,0,99.88290398,NoArch
43d2ef0469b5e65076d3896f599581bc9fa1f002,7,104,8,96,1,0,1,1,35,60,2,6,1.921887559,3313,189,14,455,447,8,15575,15120,455,188,184,4,0,99.88290398,NoArch
b376ce24ef21294bc88bacb17e4f15bbfb2af2ea,2,3,2,1,0,0,0,3,9,240,1,1,0.970950594,209,190,15,13,13,0,777,773,4,12,12,0,0,100,NoArch
6b5840f8c191f10f416d07b678403824444a1f97,4,1,456,455,0,3,3,2,6,135,1,2,1.356142504,658,191,16,24,98,74,1066,2766,1700,14,51,37,0,99.51684513,NoArch
9fcfa5c6d249cea2e0300e9c4247f017ea04b116,1,0,127,127,0,1,1,1,2,75,1,1,0,127,192,17,0,14,14,0,141,141,0,14,14,0,99.97377393,NoArch
55f4aad761fa64c0e81fdc1a5b3712bd875d386b,1,3,1,2,0,0,0,2,3,325,1,1,0,134,193,18,29,28,1,551,543,8,12,12,0,0,100,NoArch
6895d009d8f085747573a0955399bc1bad3d7a8d,13,499,347,152,0,0,0,3,38,149,1,3,1.940436718,2838,194,19,419,394,25,12750,11947,803,193,185,8,0,98.66701861,NoArch
636e37b376c084de86032ac919ce38380138d485,0,0,0,0,0,0,0,0,0,0,0,0,0,0,694,8,0,0,0,0,0,0,0,0,0,0,100,NoArch
2d64943d45f555c0467b88ba6d4a02fbbb56489e,0,0,0,0,0,0,0,0,0,0,0,0,0,0,85,0,0,0,0,0,0,0,0,0,0,0,100,NoArch
7a3de7693bb97e63e01772e42fb6712cbb2679c7,1,1,1,0,0,0,0,3,9,1,1,1,0,78,195,20,4,4,0,227,225,2,1,1,0,0,100,NoArch
0e9369f5dd37f87dde425d16be9b28657884e796,0,0,0,0,0,0,0,0,0,0,0,0,0,0,7,0,0,0,0,0,0,0,0,0,0,1,100,NoArch
caa30ffdc02b57cf970ffc7eba5f877af184114b,1,26,23,3,0,0,0,4,17,2,1,1,0,1065,695,9,163,162,1,5275,5233,42,72,72,0,0,100,NoArch
545c909ec98a7a133245da705f2e6f66bd7178ce,27,938,607,331,4,1,5,0,37,119,2,13,3.156755121,6158,695,9,876,822,54,27677,27108,569,405,366,39,0,98.09386092,NoArch
c0bc3e00c13a5a5565744ab340768424a3da340b,31,786,977,191,2,4,6,1,38,135,2,15,3.517619829,6887,696,10,898,931,33,29291,29285,6,418,447,29,1,98.08273145,NoArch
71c5a277d229f05c7360fdeed2d6700004f41970,27,938,607,331,4,1,5,0,37,119,2,13,3.156755121,6158,696,10,876,822,54,27677,27108,569,405,366,39,0,98.12262045,NoArch
ae5cf8ef9e32996bff71a44600afe9736f78319e,27,604,935,331,1,4,5,1,38,118,2,13,3.161065464,6489,697,11,822,876,54,27108,27677,569,366,405,39,1,98.12262045,NoArch
29637ae4c89b388294aacaf71beaebfe6ee50d09,27,938,607,331,4,1,5,0,37,119,2,13,3.156755121,6158,697,11,876,822,54,27677,27108,569,405,366,39,1,98.12262045,NoArch
b243182cf9773ab6dc49bb7d5b007fed95878bd4,27,604,935,331,1,4,5,1,38,118,2,13,3.161065464,6489,698,12,822,876,54,27108,27677,569,366,405,39,0,98.12262045,NoArch
f001db49a95ff1bfcbcbd8a6eea181a022b00231,0,0,0,0,0,0,0,0,0,0,0,0,0,0,699,13,0,0,0,0,0,0,0,0,0,0,100,NoArch
48a1ad8eec5e0125c0a702733c677c5e6ad1b5ee,0,0,0,0,0,0,0,0,0,0,0,0,0,0,700,14,0,0,0,0,0,0,0,0,0,0,100,NoArch
36265ea80286fcd0bcad2ff5081a3e7e71fe63db,1,43,0,43,0,0,0,3,8,77,1,1,0,287,701,15,52,44,8,1692,1427,265,11,10,1,0,100,NoArch
579654ff2ed643fdeb2445451e98b9d11fa49174,27,938,607,331,4,1,5,0,37,119,2,13,3.156755121,6158,698,12,876,822,54,27677,27108,569,405,366,39,1,98.12262045,NoArch
cdf6bee97748f4860c7eeea39fd55bb296907fee,27,604,935,331,1,4,5,1,38,118,2,13,3.161065464,6489,702,16,822,876,54,27108,27677,569,366,405,39,0,98.12262045,NoArch
9e6eb830b35b12fe6c2b15db8ec951d43a006124,0,0,0,0,0,0,0,0,0,0,0,0,0,0,703,17,0,0,0,0,0,0,0,0,0,0,100,NoArch
06a365f12c3051e765466529e44ae192a9d5141c,7,1288,1288,0,0,0,0,2,6,182,2,5,2.57269439,1375,704,18,191,191,0,5679,5679,0,87,87,0,0,100,NoArch
af759961d94df68c07ab70908812755e01999ec6,27,938,607,331,4,1,5,0,37,119,2,13,3.156755121,6158,699,13,876,822,54,27677,27108,569,405,366,39,0,98.12262045,NoArch
0028479281ea4d7f379f8626aea1e0b5c995b28f,27,604,935,331,1,4,5,1,38,118,2,13,3.161065464,6489,705,19,822,876,54,27108,27677,569,366,405,39,0,98.12262045,NoArch
ac1007d705f4740acbd9c3c8f071c54ba3f6186b,27,938,607,331,4,1,5,0,37,119,2,13,3.156755121,6158,700,14,876,822,54,27677,27108,569,405,366,39,0,98.12262045,NoArch
4416123a0076ba1b7cac8b62ea42a7867433c05b,27,604,935,331,1,4,5,1,38,118,2,13,3.161065464,6489,706,20,822,876,54,27108,27677,569,366,405,39,0,98.12262045,NoArch
67673d76a42ebcafdf60a17141fcf73677928f8d,27,938,607,331,4,1,5,0,37,119,2,13,3.156755121,6158,701,15,876,822,54,27677,27108,569,405,366,39,0,98.12262045,NoArch
934e70cb667a4d105cc8d3821ec91cb5a17c205c,27,604,935,331,1,4,5,1,38,118,2,13,3.161065464,6489,707,21,822,876,54,27108,27677,569,366,405,39,0,98.12262045,NoArch
941ed15ae2d6cfaf40b5d2bded4b15ca61881696,27,938,607,331,4,1,5,0,37,119,2,13,3.156755121,6158,702,16,876,822,54,27677,27108,569,405,366,39,0,98.12262045,NoArch
9e454868061cc1145c771c0c3a439fc84ce246e3,27,604,935,331,1,4,5,1,38,118,2,13,3.161065464,6489,708,22,822,876,54,27108,27677,569,366,405,39,0,98.12262045,NoArch
ba7b1d1500afcc95d1741ca6c778cee3474e0f24,27,938,607,331,4,1,5,0,37,119,2,13,3.156755121,6158,703,17,876,822,54,27677,27108,569,405,366,39,0,98.12262045,NoArch
7028ad983668515f77a0171490e6329cbfc059af,0,0,0,0,0,0,0,0,0,0,0,0,0,0,704,18,0,0,0,0,0,0,0,0,0,0,100,NoArch
d0eca5cd83ea1415623948232a0580090ff544b8,0,0,0,0,0,0,0,0,0,0,0,0,0,0,705,19,0,0,0,0,0,0,0,0,0,0,100,NoArch
fe1cde80ae8cb0dde8ce001bad92679789e0a7a2,27,604,935,331,1,4,5,1,38,118,2,13,3.161065464,6489,709,23,822,876,54,27108,27677,569,366,405,39,0,98.12262045,NoArch
5bde1e3003431daa4e92e2fb8cc0bf51955924ed,0,0,0,0,0,0,0,0,0,0,0,0,0,0,710,24,0,0,0,0,0,0,0,0,0,0,100,NoArch
26f74fb53d875447ffa669be6763cd1566f10c0c,27,938,607,331,4,1,5,0,37,119,2,13,3.156755121,6158,706,20,876,822,54,27677,27108,569,405,366,39,0,98.12262045,NoArch
f3105202ef110ee8f125794db7f4af26f13f83bb,27,604,935,331,1,4,5,1,38,118,2,13,3.161065464,6489,711,25,822,876,54,27108,27677,569,366,405,39,0,98.12262045,NoArch
940850910d621a5efa592d272209e56ebc7165ed,3,106,28,78,0,0,0,1,8,45,1,2,1.145290825,398,642,5,84,73,11,2193,1857,336,40,35,5,0,99.85418876,NoArch
540ebc6651451d3bd12e3195e3056c69d45342fd,6,96,15,81,1,0,1,1,5,227,1,5,1.92566119,767,643,6,100,90,10,3037,2797,240,37,32,5,0,99.93373095,NoArch
6b29b8b3ddceae67ece519579da672e15f580c7b,37,981,897,84,4,3,7,0,37,139,3,21,3.744070083,7570,707,21,1039,1016,23,32331,32551,220,472,449,23,0,97.95221843,Arch
ba476b36f05a9f2fdd7fe39c513d2ddbe43967a5,36,806,978,172,2,4,6,1,38,129,3,20,3.646455618,7654,712,26,1006,1039,33,32338,32331,7,443,472,29,0,97.95221843,Arch
af416908d42ceb0f334e816d2c20d4d2f6f025f1,36,981,809,172,4,2,6,0,37,145,3,20,3.641821318,7482,708,22,1039,1006,33,32331,32338,7,472,443,29,0,97.95221843,Arch
9260e941f951462c1234795f7e7a75650b7fb871,37,851,985,134,2,4,6,1,38,121,4,21,3.729087019,8259,644,6,1082,1111,29,36520,36269,251,471,499,28,0,97.89971121,Arch
bc7d758fa049809adb3e380881bf8a1e33acfc93,0,0,0,0,0,0,0,0,0,0,0,0,0,0,713,27,0,0,0,0,0,0,0,0,0,0,100,NoArch
1c89c9221790a77b29d322bf91e9e19fb5400ccc,0,0,0,0,0,0,0,0,0,0,0,0,0,0,645,7,0,0,0,0,0,0,0,0,0,0,100,NoArch
fc6ab9c6877c83d5dbcf95c5da4cf04e50f389bb,4,153,71,82,0,0,0,2,7,192,1,3,1.821216483,1417,196,18,241,225,16,6465,6067,398,111,108,3,0,94.01399326,Arch
34fb326a0abb2cad4b443bb981787002d23de5e1,1,116,0,116,1,0,1,1,1,0,1,1,0,0,646,7,7,0,7,537,0,537,2,0,2,1,99.97465146,NoArch
86faaef7c9e5e01f0563ebbea610d01e9511cecc,11,459,26,433,5,0,5,1,49,57,2,3,3.158777637,5960,647,8,680,642,38,20110,18692,1418,366,338,28,1,99.83552632,NoArch
a218949c58e9957722f684854e6fa17f0736e337,0,0,0,0,0,0,0,0,0,0,0,0,0,0,648,9,0,0,0,0,0,0,0,0,0,0,100,NoArch
86ad069c2b77b25d2de384a05738430c43c9969c,0,0,0,0,0,0,0,0,0,0,0,0,0,0,649,10,0,0,0,0,0,0,0,0,0,0,100,NoArch
822df45e38f40e1945160b88991b9b9599b1f408,0,0,0,0,0,0,0,0,0,0,0,0,0,0,714,28,0,0,0,0,0,0,0,0,0,0,100,NoArch
4f3f52392d3ee4053b75b8e41b577fb224f924d6,7,474,50,424,2,0,2,1,16,54,1,2,1.785412958,1089,715,29,223,174,49,7322,5644,1678,105,82,23,0,99.78559717,NoArch
93ee7d9f5f3c9dcf58b04968f8599089c171efd5,1,20,20,0,0,0,0,3,6,3,1,1,0,135,650,11,18,16,2,513,493,20,7,7,0,0,100,NoArch
415b561cf26fea311870d352c14f236c21fe44ea,59,1155,2076,921,4,10,14,1,48,110,5,29,4.808258632,16733,152,1,2013,2096,83,63028,67330,4302,984,1012,28,1,93.62763916,Arch
a58d36b9b3665b3493fd252e28996c849174fd95,62,2430,1163,1267,11,4,15,1,49,89,5,30,4.841122061,16841,716,30,2295,2190,105,72992,66992,6000,1136,1098,38,1,93.60368428,Arch
2df306cc7ad07b78a3ff9f2db1599a6f9297bf99,1,8,2,6,0,0,0,3,5,3,1,1,0,230,156,5,25,23,2,1015,965,50,3,3,0,1,100,NoArch
f08fccc5cbc440f6ecacfc39117421bf8fb700c1,62,1164,2431,1267,4,11,15,1,48,113,5,30,4.840424566,18114,153,2,2192,2297,105,67042,73042,6000,1098,1136,38,1,93.60368428,Arch
849d2f330ea978f959b6632523db10126457fb6f,65,2635,1175,1460,14,4,18,1,49,79,5,30,4.9316937,16847,717,31,2310,2192,118,73795,67042,6753,1144,1098,46,0,93.46405229,Arch
86cbdfd5db5b1c90c4a5f4dcdef702b0cf4901ce,305,462,463,1,0,0,0,1,66,170,10,90,7.93324472,61900,718,32,7550,7550,0,261337,263587,2250,3973,3973,0,0,100,NoArch
69e5439718e655ba4171e14f9cda94e7beb5d2d1,0,0,0,0,0,0,0,0,0,0,0,0,0,0,719,33,0,0,0,0,0,0,0,0,0,0,100,NoArch
c1d82a43c6b5edafd27afb751e07db1a0d6bc73c,2,3,3,0,0,0,0,2,11,27,1,1,0.918295834,521,32,2,100,98,2,2609,2596,13,42,42,0,1,100,NoArch
e582e2fd402dbcde2b77039371c6be8e35c6d4a4,1,2,1,1,0,0,0,3,10,9,1,1,0,78,197,9,5,4,1,237,227,10,1,1,0,0,100,NoArch
9dcd00823b64553a153ed1f1651f574ad8875aad,3,154,1,153,2,0,2,1,3,112,1,2,1.556424071,63,33,3,21,5,16,653,123,530,19,5,14,1,99.59590857,NoArch
3b28c7c3ec80dfb5db369148ac9d00e958908f3e,1,17,7,10,0,0,0,5,36,1,1,1,0,900,198,10,142,140,2,4267,4235,32,59,57,2,0,100,NoArch
629bc81fb2ab21f8ee4bd879b53e3dda0e459226,25,975,524,451,2,0,2,2,17,81,1,8,4.065016246,5901,199,11,842,781,61,29626,28584,1042,472,415,57,0,93.89907105,Arch
e8e8b43b76acb0f6bd7992834b452e5493b44b51,366,2127,4201,2074,4,18,22,1,65,112,13,103,6.440021255,72035,709,23,8589,8787,198,298261,304378,6117,4540,4659,119,1,96.9044586,Arch
e0fdce4f01acb4e7e669bb7a228d25f9cf59a8de,366,4308,2186,2122,18,4,22,1,66,0,13,103,6.485866596,69961,720,34,8793,8589,204,304571,298261,6310,4660,4540,120,0,96.9044586,Arch
57a4071d94519377c2f788d512e30fcd3d0d6358,1,3,2,1,0,0,0,2,8,0,1,1,0,186,721,35,27,27,0,1013,1014,1,11,11,0,0,100,NoArch
f65acf552bbc15aeb68b8fbd331600aefd895dae,1,1,0,1,0,0,0,2,6,2,1,1,0,333,722,36,68,68,0,1810,1803,7,32,32,0,0,100,NoArch
94f16ac6ab4e546a684d04b1d607ada5ab13b8ac,1,47,0,47,1,0,1,1,1,0,1,1,0,0,723,37,1,0,1,178,0,178,1,0,1,0,99.96256551,NoArch
411e750806e0c8055f881f018fab8615aad85896,1,6,0,6,0,0,0,2,8,1,1,1,0,240,724,38,40,40,0,1076,1076,0,21,21,0,0,100,NoArch
f9a159723cccce1a80416b2ba18e21660029dcd7,1,1,0,1,0,0,0,1,2,0,1,1,0,47,725,39,1,1,0,185,178,7,1,1,0,0,100,NoArch
87f2f502d78e7e76723ec454f5e63638f0765d12,1,2,1,1,0,0,0,2,9,0,1,1,0,187,726,40,27,27,0,1013,1013,0,11,11,0,0,100,NoArch
d47855ace38ff748f18c72bb376b4d5f5799eba2,2,28,13,15,0,0,0,2,10,1,1,1,0.947435136,253,727,41,41,37,4,1391,1305,86,20,18,2,0,100,NoArch
5f68126945dd7e6fd6181665cad88d8237cff220,1,1,1,0,0,0,0,2,11,0,1,1,0,188,200,12,27,27,0,1043,1043,0,11,11,0,0,100,NoArch
51e6a0d593524a201bcfc7281d765e842d045a87,4,26,15,11,0,0,0,2,12,0,1,1,1.456931756,429,728,42,57,58,1,1895,1903,8,35,34,1,0,100,NoArch
ab66037b1219a602c8a0d1714a85552b3bb91faf,1,86,0,86,1,0,1,1,1,0,1,1,0,0,201,13,8,0,8,392,0,392,6,0,6,0,99.91263105,NoArch
97d0a6105738591aab33d015216cd6fd837e8fea,5,51,58,7,0,0,0,1,7,0,1,1,2.215430642,1677,729,43,244,245,1,8617,8628,11,106,107,1,0,100,NoArch
979c5d55eec2d7312f05c0b28ad82a8ef8c6da89,4,112,2,110,0,0,0,3,38,16,1,2,0.47614139,3043,34,4,317,313,4,10017,9439,578,152,150,2,1,100,NoArch
45b71de844bb59891edfebaa39192b8c5e8994cb,370,2259,4544,2285,4,20,24,1,65,112,13,103,6.555843218,72692,31,1,8622,8837,215,300199,307159,6960,4563,4692,129,1,96.77624873,Arch
b02ca01826b297f833258968aefe004938bdd40e,371,4572,2260,2312,20,4,24,1,66,0,13,104,6.568340732,70496,35,5,8849,8631,218,307605,300513,7092,4703,4572,131,1,96.77624873,Arch
ea3456e791d047e551aaa30f1b5995c0b845b29b,371,2266,4548,2282,4,20,24,1,65,111,13,104,6.558835763,72808,32,2,8635,8849,214,300664,307605,6941,4574,4703,129,1,96.77624873,Arch
5367f1ecb078074ac02e673a8a911d8aed6ed3ec,375,4616,2431,2185,20,4,24,1,66,0,13,104,6.602970377,71487,202,14,9020,8810,210,310690,303987,6703,4794,4669,125,0,92.90998767,Arch
7dde85b821034c804dd287e9f61f7249ab6bac81,2,8,1,7,0,0,0,3,15,178,1,1,0.764204507,791,36,6,142,141,1,2606,2569,37,107,106,1,1,100,NoArch
2e44c7e98c0339f7a140f936ab2f699e0432559a,376,2445,4630,2185,4,20,24,1,65,108,13,104,6.603821477,73821,33,3,8836,9046,210,304470,311173,6703,4688,4813,125,1,92.90998767,Arch
ea66d50338aa912063e815e32f988509e1c4ba5d,376,4618,2432,2186,20,4,24,1,66,0,13,104,6.604768617,71636,730,43,9046,8836,210,311188,304470,6718,4813,4688,125,0,92.90998767,Arch
06072268313140b632b4cf828f3a069670cad920,7,998,0,998,6,0,6,1,3,1,1,4,2.501196829,57,731,44,161,8,153,5309,171,5138,98,8,90,0,99.78944906,NoArch
ecb50234ec17abe5293d265b93ecda0817341da4,2,7,8,1,0,0,0,2,39,8,1,2,0.721928095,1534,732,45,184,184,0,7153,7144,9,73,73,0,1,100,NoArch
f4a7b26f2826a26fb6db20f6c7e1bd4b41fb89ec,382,2444,5628,3184,4,26,30,1,65,107,13,107,6.635047156,74819,710,23,8836,9199,363,304479,316335,11856,4688,4903,215,1,92.75255322,Arch
878b9645ce9b0538816c0dca715843c87496f4ec,385,6350,3135,3215,28,4,32,1,66,0,13,107,6.467029579,71700,203,15,9207,8842,365,316988,304597,12391,4912,4694,218,0,92.60992733,Arch
e34cbc1b075ce78879abfdcb3a023df005686f7e,1,13,2,11,0,0,0,6,67,12,1,1,0,1550,37,7,249,248,1,6482,6441,41,130,130,0,1,100,NoArch
2eba7ef00af114e53745917f2bd5802c0480823f,385,3147,6362,3215,4,28,32,1,66,105,13,107,6.472378359,74926,34,4,8843,9208,365,304638,317029,12391,4694,4912,218,1,92.60992733,Arch
e78a6f7ee952ebd32f03f22eb8109c712860b7bb,385,6358,3138,3220,28,4,32,1,67,0,13,107,6.470366883,71711,204,15,9209,8843,366,317056,304638,12418,4912,4694,218,0,92.60992733,Arch
5e1da9a9a64e093acf88ada86d06ec287660fb69,1,7,4,3,0,0,0,2,20,6,1,1,0,541,205,16,98,98,0,3197,3161,36,42,42,0,0,100,NoArch
41b9089ac37f032ffcefe2e1aef0dbbbacf4a76d,1,1,1,0,0,0,0,5,16,6,1,1,0,649,206,17,117,116,1,2133,2127,6,88,88,0,0,100,NoArch
eb827e27802282702f9eaca280b8461a6987e29c,6,318,52,266,3,0,3,2,8,174,1,2,2.047020827,871,651,9,128,101,27,5124,4172,952,74,59,15,1,99.80137867,NoArch
9e02c22529779e929a16de785859d9f05ac13975,1,1,1,0,0,0,0,1,2,0,1,1,0,55,652,10,6,6,0,194,205,11,3,3,0,0,100,NoArch
e00678027f52d17cc2670e5a965f52a39049d631,10,125,37,88,2,0,2,1,37,63,1,3,2.491984781,1720,207,18,256,255,1,7436,7170,266,124,122,2,0,93.81418388,Arch
d81997d3eb5e4c7041def58d58f014628a144881,1,9,9,0,0,0,0,4,5,345,1,1,0,274,86,1,35,35,0,1284,1284,0,26,26,0,1,100,NoArch
be6fac15e2c853ad5b0c3d610dc58e2eed98f449,1,16,0,16,0,0,0,4,8,108,1,1,0,218,208,19,30,28,2,746,719,27,22,20,2,0,100,NoArch
3bf0245e763d74b5489ba0f872b09303fef8c7d7,25,446,214,232,3,0,3,1,38,30,1,11,3.130368442,6500,209,20,932,901,31,34264,33126,1138,433,418,15,5,94.12722264,Arch
118c8069073bd56e1c3fef834d2aca64a3915326,32,2895,584,2311,17,4,21,1,21,16,1,9,4.225090169,3845,733,40,875,568,307,28804,18227,10577,400,254,146,0,99.30131004,NoArch
9359e9f6ca110f7d9b4edcfd4a82f90d4c042afa,4,221,56,165,0,0,0,1,23,14,1,2,0.91821888,781,210,21,134,101,33,3674,2840,834,70,59,11,1,98.28868169,NoArch
6e3bb5d6827810b887c8ca79540e3593bea2ed0e,6,0,0,0,0,0,0,1,1,0,1,3,0,989,734,41,151,151,0,5087,5087,0,89,89,0,0,99.71894323,NoArch
24b005c3dae67d1aad0ea206da525741b27df003,0,0,0,0,0,0,0,0,0,0,0,0,0,0,735,42,0,0,0,0,0,0,0,0,0,0,100,NoArch
ec63977e81936ba14aec2cb29e8601157f95fbc2,8,228,200,28,0,0,0,2,40,6,1,2,2.340375186,2817,211,22,439,434,5,12639,12532,107,194,192,2,0,100,NoArch
c9e75006df5e669e122424a0e40c5f3af85be9ec,2,14,3,11,0,0,0,1,2,0,1,1,0.873981048,238,736,43,45,45,0,835,733,102,32,32,0,0,100,NoArch
a11060452b5383bae75cc35af777208a11637098,23,264,156,108,1,0,1,2,41,140,1,7,3.949381147,3781,212,23,517,505,12,17234,16819,415,270,269,1,0,99.90996061,NoArch
e78e72f957475122a86eccb16c91efb13e6d8a8c,7,239,22,217,1,0,1,3,6,307,1,2,2.649228184,915,38,6,151,128,23,4452,3826,626,98,82,16,1,99.94371905,NoArch
4f7aeecc1e4ddef019fce57ce474d7f78dcd4552,4,176,5,171,2,0,2,1,4,99,1,2,1.736644699,179,653,11,35,15,20,1273,740,533,22,9,13,1,99.86475826,NoArch
935fde037784cecd92cb2292d0a83194fa4142a3,2,77,1,76,1,0,1,1,7,16,2,2,0.619382195,622,654,12,110,108,2,2906,2546,360,31,30,1,1,99.97743173,NoArch
ed1537b79d440b4a4f7c5811fd6130dabf30a908,2,37,6,31,1,0,1,1,6,145,1,2,0.820363643,99,655,13,11,11,0,458,398,60,5,4,1,1,99.97744191,NoArch
fbce65019cd8eb9716d4d3dc10b619f2df51681f,1,7,2,5,0,0,0,1,2,2,1,1,0,66,656,14,1,1,0,323,291,32,1,1,0,0,100,NoArch
9eb343b322a25c0e1acf337d99e26b956901f4df,444,3803,10680,6877,5,55,60,1,66,92,14,113,6.978690748,83065,642,0,9383,10218,835,323724,352320,28596,5022,5469,447,0,92.82608696,Arch
1dde38ee901c36ebeb147985d52421a92c2fbf9c,1,0,71,71,0,1,1,1,2,0,1,1,0,71,643,1,0,1,1,0,323,323,0,1,1,0,99.9739922,NoArch
11266b8df40423a0011c99abacbee5e6e42dd427,2,82,1,81,1,0,1,1,6,59,2,2,0.596104546,622,644,2,110,108,2,2946,2554,392,31,30,1,1,99.9739922,NoArch
5c587a2f1319474aed07671faa5801cfc271edbb,444,10668,3793,6875,55,5,60,1,67,0,14,113,6.976301925,76198,213,17,10213,9387,826,351918,324166,27752,5465,5025,440,0,92.82608696,Arch
d871d0e304be00f16cb95e3b63e1c6ca1f1d25cf,1,5,0,5,0,0,0,2,7,11,1,1,0,1014,214,18,171,171,0,4338,4318,20,66,66,0,0,100,NoArch
346119bfc4cc8dba17979b8cf4c85d535ab9bd6d,2,81,12,69,0,0,0,3,4,188,1,2,0.955418991,198,39,7,32,15,17,1191,760,431,16,14,2,1,99.96616669,NoArch
789d4e55416f42fe7bdb794f2c3da5fffe9f8094,1,6,5,1,0,0,0,3,13,65,1,1,0,174,737,23,36,36,0,685,681,4,17,17,0,1,100,NoArch
4597dddf79cf250c5b29e2d59cb4f7457bc62ea1,13,182,70,112,1,0,1,1,68,8,1,8,3.257732743,5040,215,18,776,762,14,23765,23220,545,398,390,8,0,96.5210356,Arch
a9d1f21c0515afeebb5b49f68689f5eb29906d03,0,0,0,0,0,0,0,0,0,0,0,0,0,0,87,1,0,0,0,0,0,0,0,0,0,1,100,NoArch
5bb32abe03bfe22a4179cae02b023afc5fcdc75e,446,3856,10917,7061,5,56,61,1,66,93,14,113,6.998509983,83349,711,2,9395,10261,866,324074,353636,29562,5032,5490,458,1,92.9200248,Arch
415d46cf466067411d3a52a1ca8206fb456470ed,447,10960,3846,7114,56,5,61,1,69,0,14,113,7.004841245,76380,216,19,10279,9410,869,353697,324721,28976,5500,5044,456,0,92.9200248,Arch
f1a989da9e464b6b016e61e7e08d756f923b8d0d,1,1,1,0,0,0,0,6,70,0,1,1,0,1564,217,20,249,249,0,6508,6508,0,130,130,0,0,100,NoArch
4554b5d22fe075cf7c244660208a3e6f05c2c9cd,0,0,0,0,0,0,0,0,0,0,0,0,0,0,657,6,0,0,0,0,0,0,0,0,0,0,100,NoArch
870401217a35f3eba495eac167ab0199ab41cec7,3,159,52,107,0,0,0,3,8,50,1,1,1.564413234,621,17,0,122,102,20,3166,2676,490,83,72,11,1,99.98814885,NoArch
fc9ebeb00552019dc5dc928982ad1aa4f1c178d7,448,3918,11139,7221,5,56,61,1,66,93,14,113,7.03045437,83753,645,3,9430,10328,898,324905,355185,30280,5056,5531,475,0,92.90762554,Arch
704754defe00fa6927804ecba19126ac9e7a927c,0,0,0,0,0,0,0,0,0,0,0,0,0,0,712,1,0,0,0,0,0,0,0,0,0,0,100,NoArch
0a361e504ac78d7b79ae9232844e59be787ce09c,448,11119,3898,7221,56,5,61,1,70,0,14,113,7.033184843,76532,738,1,10322,9433,889,354744,325278,29466,5526,5059,467,0,92.90762554,Arch
16546f951a7786c56881bbd62535d8eb0c70ba33,1,30,3,27,0,0,0,3,5,38,1,1,0,136,40,1,27,23,4,703,610,93,13,12,1,1,100,NoArch
747acfef69ec19b1690892008a687ae9281b28c6,1,1,1,0,0,0,0,3,12,37,1,1,0,159,18,1,25,24,1,743,743,0,18,18,0,0,100,NoArch
e413e8711b00fdc8ed1c5f29d4dfa5b79e60cde3,0,0,0,0,0,0,0,0,0,0,0,0,0,0,88,1,0,0,0,0,0,0,0,0,0,1,100,NoArch
87d15d6b98bd654774c05484234d6bf60d4926c3,2,80,3,77,1,0,1,1,41,32,1,2,0.564336444,936,157,0,150,145,5,4063,3726,337,47,45,2,1,98.46277389,NoArch
e500f2ecc4854d841e6e1e52e2e13bdb83c346bb,1,74,78,4,0,0,0,4,25,78,1,1,0,1774,218,0,142,142,0,4409,4394,15,84,84,0,0,100,NoArch
419ed2ee91432459d58ece793b3287a97c98db8b,1,23,20,3,0,0,0,6,42,0,1,1,0,941,658,1,147,146,1,3704,3773,69,45,45,0,1,100,NoArch
f6972ec84aa855d3099ca4fb527f04c16258ddc4,1,7,12,5,0,0,0,1,4,107,1,1,0,111,219,1,12,12,0,262,334,72,10,10,0,0,100,NoArch
08a32a93b9e168a8cd912cd1aaa1474b9adde49f,449,4023,11342,7319,5,57,62,1,66,90,14,113,7.048688727,83851,17,0,9430,10339,909,324890,355489,30599,5056,5534,478,0,92.12607862,Arch
958c41a12b64d9107f4514092c61cb31ed4013eb,449,11327,4003,7324,57,5,62,1,70,0,14,113,7.052889676,76532,220,2,10334,9433,901,355096,325263,29833,5529,5059,470,0,92.12607862,Arch
213ffce94def0a858a4513f31058cf8b0374537f,450,4028,11352,7324,5,57,62,1,66,90,14,114,7.053478083,83966,154,0,9443,10353,910,325299,355926,30627,5065,5543,478,1,92.12607862,Arch
2b903d446ad57e0ab84cee7556a9a68542d72d29,449,11327,4003,7324,57,5,62,1,70,0,14,113,7.052889676,76532,158,1,10334,9433,901,355096,325263,29833,5529,5059,470,1,92.12607862,Arch
9a14a4bbf87a3f8c3d26523260e17c3f13447462,449,4023,11347,7324,5,57,62,1,66,90,14,113,7.050240876,83856,18,1,9430,10340,910,324890,355537,30647,5056,5534,478,1,92.12607862,Arch
2550bc44b7718a7bfdb8844d3e928a58368a271d,449,11327,4003,7324,57,5,62,1,70,0,14,113,7.052889676,76532,19,1,10334,9433,901,355096,325263,29833,5529,5059,470,1,92.12607862,Arch
3be01132280a2f4c5d2436941ded3089a541358b,0,0,0,0,0,0,0,0,0,0,0,0,0,0,221,3,0,0,0,0,0,0,0,0,0,0,100,NoArch
d8674a0fedd3c5322a35e88e070398ec20f43ba3,1,62,48,14,0,0,0,4,42,80,1,1,0,511,222,4,84,79,5,2467,2363,104,26,26,0,1,100,NoArch
c651ace525c7f96892ab909bffbd503679e2125e,1,28,20,8,0,0,0,4,43,2,1,1,0,525,223,5,85,84,1,2513,2467,46,26,26,0,0,100,NoArch
e6a418b13b3800df2b4b86b1ecbe17c1c94a9540,1,213,113,100,0,0,0,4,12,116,1,1,0,423,224,6,137,75,62,2701,2275,426,47,47,0,0,100,NoArch
ef0b33eeb64cc59b97ec1ec208d6dc7b5fea17f9,2,374,0,374,2,0,2,1,1,0,1,1,0.980084489,0,225,7,19,0,19,2047,0,2047,12,0,12,0,99.8111321,NoArch
de64939643e139485b0941d37b18ba13677ac8ed,1,121,133,12,0,0,0,3,12,120,1,1,0,375,226,8,37,37,0,1414,1337,77,25,25,0,0,100,NoArch
63ec47942331e7524ebf2d71caad50fdcd434408,1,0,2,2,0,0,0,3,13,0,1,1,0,363,227,9,37,37,0,1392,1414,22,25,25,0,0,100,NoArch
bc03f37ebe8b2180031eb21aca37b92a4521e644,1,51,10,41,0,0,0,6,71,84,1,1,0,1564,228,9,257,249,8,6682,6508,174,133,130,3,1,99.8776146,NoArch
27ded73ca6380e3e9d8bc2e39a86ca5f906ed62f,1,18,18,0,0,0,0,4,19,125,1,1,0,1068,229,10,163,163,0,5225,5243,18,72,72,0,0,100,NoArch
3093ea0f6eaf4ebaea02b272e944c2980e420ebf,1,43,35,8,0,0,0,2,6,125,1,1,0,238,230,11,30,30,0,1307,1268,39,14,14,0,0,100,NoArch
b1c94aa00b883f505018928dd4bcb50b45948692,2,130,88,42,1,0,1,1,12,46,1,1,0.975576108,189,231,12,35,28,7,1318,1119,199,20,14,6,0,94.98013723,Arch
4a16f4527ae6fc7fa4a6de1c6abb6bee02c713fa,1,113,77,36,0,0,0,2,6,125,1,1,0,303,232,13,46,46,0,1576,1422,154,24,24,0,0,100,NoArch
e5efc58cd42aa75e77a7f6a6fc1be46454c6ec9c,5,59,10,49,0,0,0,1,11,88,1,1,1.575237825,912,233,14,148,138,10,3294,3098,196,88,82,6,0,100,NoArch
974ec34df5ca0c68e6a8dd82c1fae06878bc734b,1,2,2,0,0,0,0,3,6,102,1,1,0,124,234,15,9,9,0,387,387,0,9,9,0,0,100,NoArch
5b33fefd41c437e81596c696ecff1d95aacec394,0,0,0,0,0,0,0,0,0,0,0,0,0,0,235,16,0,0,0,0,0,0,0,0,0,0,100,NoArch
710e2fd8ebb34b9b625419058e44c55af30f8c10,0,0,0,0,0,0,0,0,0,0,0,0,0,0,236,17,0,0,0,0,0,0,0,0,0,0,100,NoArch
17f8a7ebcc4e4b374543738c178c2357a3fe35a4,0,0,0,0,0,0,0,0,0,0,0,0,0,0,237,18,0,0,0,0,0,0,0,0,0,0,100,NoArch
81920f61cc571177662563078464e560cc915bc0,1,0,4,4,0,0,0,3,5,93,1,1,0,133,238,19,13,13,0,585,592,7,9,9,0,0,100,NoArch
63d78acccc64cc99ed92dad5744ce1e5887f00d5,2,17,4,13,0,0,0,1,3,165,1,1,0.453716339,215,239,20,19,16,3,1275,1124,151,8,8,0,0,100,NoArch
a70f96bd3781c1f7aff4580296367b8e4a75520f,1,5,0,5,0,0,0,3,5,397,1,1,0,86,240,21,9,8,1,352,310,42,7,7,0,0,100,NoArch
69647479123d6b59a6ece464c7778ca9257759b3,1,25,2,23,0,0,0,2,11,102,1,1,0,441,241,22,54,54,0,2249,2159,90,24,24,0,0,100,NoArch
d2e606208db8d320c072ee137f06169c6bdd4e90,7,142,73,69,0,0,0,3,44,94,1,1,1.920298768,3036,242,23,506,493,13,15159,14764,395,214,213,1,0,100,NoArch
d7a9feb0a641f87c6138000e946dad38b1c3faed,1,1,1,0,0,0,0,6,43,44,1,1,0,944,243,24,147,147,0,3704,3704,0,45,45,0,1,100,NoArch
8b0f88a2573602ecfea38fdb89e2ad3fcd08f9b5,1,487,571,84,0,0,0,4,20,2,1,1,0,1068,244,25,163,163,0,5243,5225,18,72,72,0,0,100,NoArch
cd687e389c8556c948229a849b33b2e9e2b2ab93,4,80,47,33,0,0,0,2,16,72,1,3,1.628020467,763,245,26,128,116,12,4322,4272,50,57,49,8,0,99.06589891,NoArch
8bc7f8636c4c5edb23724c4c49d122839d3caeb7,1,3,0,3,0,0,0,2,12,105,1,1,0,247,246,27,42,41,1,1115,1101,14,21,21,0,0,100,NoArch
3d0191e29ee640523204178f7d49f431c3388740,2,4,1,3,0,0,0,2,13,52,1,2,0.970950594,626,247,28,101,100,1,3164,3150,14,45,45,0,0,100,NoArch
71e44ce436ce9c8fffab330595f24d469ace0d3c,0,0,0,0,0,0,0,0,0,0,0,0,0,0,248,29,0,0,0,0,0,0,0,0,0,0,100,NoArch
fe3f49232108dd57af244f9545dbc342c19478e6,1,8,4,4,0,0,0,4,8,79,1,1,0,192,249,30,31,30,1,736,698,38,20,20,0,0,100,NoArch
7351c4bd0d0229750eba5bfccc380f04ce8c67db,1,1,1,0,0,0,0,3,13,52,1,1,0,159,250,31,26,25,1,751,743,8,18,18,0,0,100,NoArch
2a682e2fb2b0f4fc212e89dc13d08a61c3cc1aea,1,9,2,7,0,0,0,4,26,129,1,1,0,883,251,32,150,149,1,4502,4466,36,56,56,0,1,100,NoArch
7695676339af398d2b3f46b9f518d70903b1a027,2,51,23,28,0,0,0,2,45,57,1,2,0.303374836,698,739,0,116,109,7,3261,3165,96,42,42,0,0,100,NoArch
6ddeac7bc0e52336b92673ee7e908894bc058cab,1,6,4,2,0,0,0,4,46,1,1,1,0,550,252,33,92,90,2,2605,2593,12,27,27,0,0,100,NoArch
b91103a8300e054f63539e9c3d1c6b619d167000,1,1,1,0,0,0,0,4,27,4,1,1,0,890,253,34,150,150,0,4502,4502,0,56,56,0,0,100,NoArch
a810f4300a9acdcf981a4409f56858564929a4c9,1,11,2,9,0,0,0,2,7,2,1,1,0,176,740,1,28,26,2,714,668,46,15,15,0,0,100,NoArch
3070d33275dc03fea5068975d2dba36ff59fd37d,3,54,19,35,0,0,0,4,9,325,1,3,1.381791562,754,741,2,104,99,5,3760,3542,218,63,59,4,0,100,NoArch
4cd0a27f91ac6f0146b26053f5dd6915f5d127dc,2,53,40,13,0,0,0,3,6,370,1,2,0.302173618,174,254,35,23,19,4,775,678,97,18,18,0,1,100,NoArch
81c5b1500bc324e269ff462308094c6eda766021,1,7,3,4,0,0,0,6,72,14,1,1,0,1605,255,36,257,257,0,6691,6682,9,133,133,0,0,100,NoArch
61d56b290ab80d8bf694a107759e7dbed12dd295,1,21,35,14,0,0,0,6,73,0,1,1,0,1609,256,36,257,257,0,6691,6691,0,133,133,0,0,100,NoArch
207816b308b0c3cda78a365764ef3dc9a0878a6b,2,8,8,0,0,0,0,1,2,114,1,1,0.954434003,427,742,3,54,54,0,2831,2823,8,26,26,0,0,100,NoArch
0afb7f934f0c0f1c4de98d9a850d8bd875f2a489,38,226,1982,1756,0,5,5,2,41,113,1,13,3.300912519,9097,743,4,956,1190,234,32763,41220,8457,484,594,110,0,98.25429911,NoArch
481fc1ee3a408117526a90922d9b839a363a2c24,18,2419,13,2406,12,0,12,2,18,6,1,5,3.194120856,1485,744,5,516,239,277,18733,7552,11181,260,115,145,0,94.28884559,Arch
158dbc66e7354f36843c84a0a7948b28bd0ad825,1,276,319,43,0,0,0,4,47,11,1,1,0,552,257,36,89,92,3,2479,2605,126,27,27,0,0,100,NoArch
75b1c94ddcb535779340538945d9b0032a84d151,11,237,143,94,0,0,0,1,7,86,1,5,2.614760415,2554,745,6,362,344,18,12849,12558,291,172,170,2,0,95.89406921,Arch
a4c432ab4586596639117e098ee73bccb4a2d227,1,48,0,48,1,0,1,1,1,0,1,1,0,0,746,7,3,0,3,146,0,146,3,0,3,0,99.97757345,NoArch
62c850b7dec852692090be5f79baf4b6d3c0b944,0,0,0,0,0,0,0,0,0,0,0,0,0,0,747,8,0,0,0,0,0,0,0,0,0,0,100,NoArch
ced50c994004c952a38fe026df29868f528d22c7,5,36,31,5,0,0,0,1,3,0,1,3,1.938071321,1698,748,9,227,228,1,8229,8105,124,108,107,1,0,100,NoArch
88eab92328540cdb8c9d7ff6d891992c09b42407,3,29,21,8,0,0,0,1,4,0,1,1,1.163990458,1376,749,10,188,182,6,6830,6807,23,83,83,0,0,100,NoArch
a664b0b917ef1f03d0f2669ebd64b3d5fe2c2376,1,43,0,43,1,0,1,1,1,0,1,1,0,0,750,11,1,0,1,103,0,103,1,0,1,0,99.9775835,NoArch
720a19c5bf93c952d97312e41c05d25d02c48f84,1,1,1,0,0,0,0,3,10,137,1,1,0,222,258,37,45,45,0,770,774,4,26,26,0,0,100,NoArch
d2bff5d8edcfe8bd378e93f4527992a714419546,1,3,4,1,0,0,0,2,6,148,1,1,0,44,259,38,2,2,0,116,121,5,2,2,0,0,100,NoArch
aebb18cc575a034127d8060d9e0d8c8009c9e341,1,1,1,0,0,0,0,3,15,4,1,1,0,265,260,39,40,40,0,1337,1337,0,26,26,0,0,100,NoArch
f89d4dcaeb28e2afc9dd6ba6bd75974ac997f4ea,1,4,2,2,0,0,0,2,5,148,1,1,0,136,261,40,29,29,0,552,551,1,12,12,0,0,100,NoArch
c1612b5e063ec605490d5baf75abdbeac59a43ab,0,0,0,0,0,0,0,0,0,0,0,0,0,0,751,12,0,0,0,0,0,0,0,0,0,0,100,NoArch
e30a9dddde94245184c891b5febf08eba6610eef,12,981,19,962,8,0,8,1,5,10,2,4,3.01503534,1358,752,13,299,207,92,12049,7381,4668,156,98,58,0,95.17892072,Arch
8e8b82024b06da33a4258be700054e17922d6abc,11,1028,0,1028,11,0,11,1,1,0,1,2,3.291213523,0,753,14,104,0,104,3822,0,3822,64,0,64,0,99.70529294,NoArch
e76feb6b8e8d8c844cf008dd120c898a605b13f8,1,7,2,5,0,0,0,2,8,152,1,1,0,62,262,40,7,6,1,198,169,29,6,6,0,1,99.79976443,NoArch
e349089a8d3920cb2d8f2ec1252f944b93aece7f,1,43,33,10,0,0,0,4,28,20,1,1,0,890,263,40,153,150,3,4568,4502,66,56,56,0,1,100,NoArch
79f326ad53dbdb30257ed4bfe30ffa4f528be454,1,1,5,4,0,0,0,2,9,7,1,1,0,67,264,39,6,7,1,180,198,18,6,6,0,0,100,NoArch
b21113962ba3d23fb77c66655a2c548807da6ad8,0,0,0,0,0,0,0,0,0,0,0,0,0,0,754,15,0,0,0,0,0,0,0,0,0,0,100,NoArch
f19a3a66d62acd7765c744b02e82c4ecebf1ea78,1,28,24,4,0,0,0,3,13,164,1,1,0,253,265,37,51,51,0,1145,1138,7,26,27,1,0,97.85202864,Arch
f30b0d81133f53e04f65e96148dac8a7d2dd5864,3,175,91,84,1,0,1,3,9,112,1,2,1.056074612,465,159,0,78,70,8,2488,2205,283,20,18,2,2,99.95986756,NoArch
ba7519049fce1bf14c844844a154b811fff01125,0,0,0,0,0,0,0,0,0,0,0,0,0,0,160,1,0,0,0,0,0,0,0,0,0,0,100,NoArch
f490982c3874059a3c65d25026e98234be1916ca,3,10,10,0,0,0,0,1,4,177,1,2,1.156779649,216,41,0,21,21,0,653,653,0,19,19,0,1,100,NoArch
6e26195cd86777c2a971896bf912ed75d96e7653,1,1,0,1,0,0,0,1,2,149,1,1,0,32,659,0,1,1,0,71,64,7,1,1,0,1,100,NoArch
0aac7f5d5c4ecf014a2d944663d71f707f5c132d,5,64,8,56,0,0,0,5,28,307,1,4,1.76214721,1348,660,1,117,110,7,5682,5491,191,71,67,4,1,96.02686066,Arch
28a7312f2e470f69d04b6a142baeae1ca017797f,1,1,1,0,0,0,0,3,19,201,1,1,0,169,266,1,25,25,0,716,716,0,11,11,0,0,100,NoArch
1a448be8257384a89259cbeeb2d19f70a1a8c0f2,1,2,1,1,0,0,0,3,7,202,1,1,0,498,267,2,66,66,0,2972,2966,6,20,20,0,1,100,NoArch
21391ceab4d9228e7ce700899d77ae68955d2eaa,1,1,1,0,0,0,0,3,29,78,1,1,0,242,268,3,42,42,0,1270,1269,1,19,19,0,0,100,NoArch
30716b15197c541dc7dc333c59d9b6611727d9b3,1,2,2,0,0,0,0,4,48,58,1,1,0,509,269,4,89,89,0,2481,2479,2,27,27,0,0,100,NoArch
af249b6b862b676c93e4d96c29138a4dd8dd9ad7,1,3,1,2,0,0,0,3,6,541,1,1,0,177,270,5,17,17,0,852,840,12,14,14,0,0,100,NoArch
22e007f0a33d8600cd08276949c8c6d10b694c7d,1,2,2,0,0,0,0,4,34,208,1,1,0,549,271,5,106,106,0,2456,2447,9,36,36,0,0,100,NoArch
0552f4a1b04ac729bcb7fffa7e237065bb7e67eb,1,1,1,0,0,0,0,4,29,54,1,1,0,900,272,6,153,153,0,4568,4568,0,56,56,0,0,100,NoArch
1b8148cd37d9b5cc8660df97a960ebeb9336382f,1,2,2,0,0,0,0,5,17,191,1,1,0,649,273,7,117,117,0,2133,2133,0,88,88,0,0,100,NoArch
b036d4d2fafb2a4ac7e289d87c68d13baa7b78d1,4,212,148,64,0,0,0,1,25,105,1,2,1.215759296,979,274,8,153,139,14,3940,3709,231,83,75,8,0,100,NoArch
fb56fd9c768da77f4b9f78e3e562468b48d22af9,1,38,11,27,0,0,0,2,6,183,1,1,0,171,275,9,31,27,4,862,767,95,18,18,0,1,100,NoArch
10abf6727ac026ac622355893e995646da678acb,1,39,51,12,0,0,0,2,7,0,1,1,0,198,276,10,31,31,0,862,862,0,18,18,0,1,100,NoArch
f0d9464da03efd554371bac2c9c7d528ea616a8f,7,62,454,392,1,2,3,2,16,141,1,5,2.018203789,2422,277,11,282,350,68,9054,10971,1917,127,155,28,0,95.21601686,Arch
0c0be94a312fd432f3076fbe8ab91a2080e65043,27,434,240,194,3,0,3,1,74,142,1,5,3.607895617,7184,278,12,1129,1116,13,31934,31230,704,641,638,3,0,94.60891243,Arch
b54ff7acff55ec6ec3bceaad29d00944b5d42d48,1,62,0,62,1,0,1,1,1,0,1,1,0,0,279,13,2,0,2,302,0,302,2,0,2,0,94.37698927,Arch
89d39bbf271eefd25d02be5d1d4785d74a9b4ee9,521,8153,19114,10961,13,100,113,1,66,72,14,120,7.425974274,92634,713,0,9990,11395,1405,345969,396465,50496,5460,6171,711,1,88.85249879,Arch
be35271fdc0f73e0fc53f62fbc31bee311b96f04,519,19029,8000,11029,99,12,111,1,74,1,14,120,7.409317156,81550,755,0,11300,10068,1232,392213,349380,42833,6122,5500,622,1,88.86732961,Arch
99e51ac4bb1ffc3dcde544304322a7d92dfecfab,0,0,0,0,0,0,0,0,0,0,0,0,0,0,0,0,0,0,0,0,0,0,0,0,0,0,100,NoArch
80aba76121355cb88e5bddabcd0be6153a177469,520,8030,19115,11085,12,100,112,1,66,72,14,120,7.41778609,92635,0,0,9984,11395,1411,345473,396472,50999,5455,6171,716,0,88.86732961,Arch
a01a002069de21b7899f11af33fcd05cc1c4b0f8,519,19029,8000,11029,99,12,111,1,74,1,14,120,7.409317156,81550,280,14,11300,10068,1232,392213,349380,42833,6122,5500,622,0,88.86732961,Arch
93c67fe701cd4fb7f3ad88e87c707dd81ba10d88,18,2977,112,2865,12,0,12,1,22,90,1,8,3.466904737,1541,281,15,670,208,462,19547,6940,12607,350,101,249,0,97.35962927,Arch
5b49189cfe89cf706ff1d1a54a5c7a05f212d5fd,12,65,101,36,0,1,1,2,23,77,1,7,3.0368543,3720,282,16,534,539,5,16460,16592,132,249,252,3,0,99.95901219,NoArch
0859f30a91c3a808726cec884c7cb5189dbd5766,26,837,362,475,4,0,4,1,24,71,1,8,3.752849357,6395,283,17,1030,961,69,30628,28725,1903,498,453,45,0,98.61111111,NoArch
ee9f05ea5226232c129a1d538922c611aa16f577,2,2,2,0,0,0,0,2,9,6,1,1,1,320,284,18,33,33,0,1678,1686,8,17,17,0,0,100,NoArch
d9ca5c07fdafe15ca63ee63f20d7f6eac555b608,0,0,0,0,0,0,0,0,0,0,0,0,0,0,661,0,0,0,0,0,0,0,0,0,0,1,100,NoArch
c4c9f0b983a877845d1721bd96e39febadd9709e,2,4,3,1,0,0,0,1,2,6,1,1,0.985228136,187,285,19,9,9,0,325,324,1,9,9,0,0,100,NoArch
aa18c5d6fc76ec9334124dd1cfebca4380e94674,1,2,1,1,0,0,0,2,10,0,1,1,0,507,286,20,74,74,0,2221,2218,3,31,31,0,0,100,NoArch
fb3f71d895fc5aeccf9289f0d3aba1c0d24e5f96,1,3,1,2,0,0,0,2,2,219,1,1,0,360,287,20,65,64,1,1766,1758,8,30,30,0,0,100,NoArch
2e0f676c9bd59c4ac078fcbe2d8bfab850ce1fc2,1,1,1,0,0,0,0,4,51,243,1,1,0,1921,288,21,214,214,0,6290,6292,2,123,123,0,0,100,NoArch
5c7af47332103dbf985c7107861326b299c3f006,2,63,70,7,0,0,0,2,17,2,1,1,0.411645571,344,289,22,61,59,2,1480,1456,24,41,41,0,0,100,NoArch
3b78804dbce2b256940e99ff67ab6ae175f693e2,1,20,0,20,0,0,0,2,2,245,1,1,0,285,662,1,12,11,1,1702,1573,129,11,10,1,0,99.67423589,NoArch
8a5e197cb4afec8cd4418a0719c3c7223d35e053,15,205,160,45,1,0,1,2,5,493,1,4,2.416828837,1312,663,2,165,162,3,4738,4678,60,107,104,3,0,99.92367869,NoArch
8f4dc0d657489b575bc08dd72140972e49ef65bd,0,0,0,0,0,0,0,0,0,0,0,0,0,0,4,0,0,0,0,0,0,0,0,0,0,0,100,NoArch
e17e5eca88a1111bffb5d3dc1613b926d71697f5,0,0,0,0,0,0,0,0,0,0,0,0,0,0,756,1,0,0,0,0,0,0,0,0,0,0,100,NoArch
48f874ca59cf0da33381438347896faa93d8d159,3,136,66,70,2,0,2,1,2,0,1,1,1.559304978,152,664,3,24,19,5,916,665,251,15,11,4,0,98.07943315,NoArch
156479a33d08dc9eb1b1d16eaa565b4d189fb63c,1,23,2,21,0,0,0,1,2,0,1,1,0,52,665,4,9,5,4,253,127,126,7,4,3,0,100,NoArch
d32ae27f182b491af7ac04dd9b747f0358a98203,0,0,0,0,0,0,0,0,0,0,0,0,0,0,5,1,0,0,0,0,0,0,0,0,0,0,100,NoArch
6e7e3abf5da3f59b5a365f71a3c92516db4844c6,11,86,126,40,0,1,1,2,19,71,1,5,2.17055059,2140,290,20,329,327,2,11200,11246,46,160,160,0,0,94.72799209,Arch
1d882e981cfcd16a9f89c0e141cc4f7715b6e010,3,32,13,19,0,0,0,2,75,163,1,2,1.208525924,1860,666,5,300,297,3,7974,7888,86,154,152,2,1,100,NoArch
c1e676d172c78c761a2074d218f3606679b7781b,0,0,0,0,0,0,0,0,0,0,0,0,0,0,667,6,0,0,0,0,0,0,0,0,0,0,100,NoArch
d139d621acd00c205c230449bc2a142cfdf3baae,0,0,0,0,0,0,0,0,0,0,0,0,0,0,668,7,0,0,0,0,0,0,0,0,0,0,100,NoArch
cb00a4ed6dc018e5431c1bfb3bf2e712c0be23b4,0,0,0,0,0,0,0,0,0,0,0,0,0,0,669,8,0,0,0,0,0,0,0,0,0,0,100,NoArch
5372b7f403b712a1e0186bcc1bf2db7ffb2207a3,0,0,0,0,0,0,0,0,0,0,0,0,0,0,670,9,0,0,0,0,0,0,0,0,0,0,100,NoArch
86c0087ca434eeb05015c4c184ca24ec63b9ecb8,0,0,0,0,0,0,0,0,0,0,0,0,0,0,671,10,0,0,0,0,0,0,0,0,0,0,100,NoArch
f30d42ade2a19270eaf62f31bb08dc7f43cb6cdf,0,0,0,0,0,0,0,0,0,0,0,0,0,0,672,11,0,0,0,0,0,0,0,0,0,0,100,NoArch
ee4bb53a7de81d40525e623677f2adb06f76bb86,2,2,0,2,0,0,0,5,50,30,1,1,1,1487,291,20,242,242,0,7079,7065,14,88,88,0,0,100,NoArch
dc111aac4659bceffe279ed21afb9eda77cd7e78,0,0,0,0,0,0,0,0,0,0,0,0,0,0,673,12,0,0,0,0,0,0,0,0,0,0,100,NoArch
f36407a68766f6a84f1ffacb22b1d143d2288f28,1,7,0,7,0,0,0,2,2,101,1,1,0,210,292,14,29,27,2,1257,1238,19,17,15,2,0,100,NoArch
feef358a16f25918823623e0c253c8686d399dee,0,0,0,0,0,0,0,0,0,0,0,0,0,0,674,13,0,0,0,0,0,0,0,0,0,0,100,NoArch
a32448486756bc4f71646eff9ddc4dcee8d6fc6d,13,1879,19,1860,5,0,5,2,11,9,1,6,2.374965375,2192,293,15,579,316,263,18799,9559,9240,298,177,121,0,93.87931034,Arch
fb3e5468b7c080443f3dd391e2fd09e31427568c,0,0,0,0,0,0,0,0,0,0,0,0,0,0,89,0,0,0,0,0,0,0,0,0,0,1,100,NoArch
b786ddba38b753b8cce9c849bbdbded9a6fcb8d5,0,0,0,0,0,0,0,0,0,0,0,0,0,0,675,14,0,0,0,0,0,0,0,0,0,0,100,NoArch
8ae7d842401c48cdeef20c13873744e8542cd7cd,0,0,0,0,0,0,0,0,0,0,0,0,0,0,6,2,0,0,0,0,0,0,0,0,0,0,100,NoArch
ef073d1ae9a08d7e7098b982386692d685c3da3b,0,0,0,0,0,0,0,0,0,0,0,0,0,0,676,15,0,0,0,0,0,0,0,0,0,0,100,NoArch
ccf3f3c60dc714beb24fb640f075d8b31c8b9be8,12,151,29,122,0,0,0,2,76,228,1,4,2.925830893,4247,42,0,656,640,16,18506,18072,434,357,346,11,1,99.94622499,NoArch
b8cc4be884b113c2fad51d00a78f1005f5ff73f9,0,0,0,0,0,0,0,0,0,0,0,0,0,0,677,16,0,0,0,0,0,0,0,0,0,0,100,NoArch
6ddca19690eb1c2add18bdc8ef222f8f538f21c1,1,43,34,9,0,0,0,2,25,28,1,1,0,555,757,1,101,99,2,3349,3241,108,42,42,0,0,100,NoArch
141b0faedb5462410ee7ec46a5a77fd7d628e9fb,1,2,0,2,0,0,0,2,26,0,1,1,0,564,758,2,101,101,0,3361,3349,12,42,42,0,0,100,NoArch
ee64b03ff54ce82a08c039e040737688786ac95c,1,1,1,0,0,0,0,3,8,22,1,1,0,229,43,1,39,39,0,1136,1136,0,16,16,0,1,100,NoArch
1a33eb61fb5f4a5fb5b3571f49ccb0def5df0331,2,28,7,21,0,0,0,4,8,215,1,1,0.822404226,601,678,17,84,80,4,3784,3624,160,24,24,0,0,100,NoArch
c8e6ff245ba250da63f6748e7d475e1f925c5800,2,30,47,17,0,0,0,2,6,509,1,2,0.346731468,310,294,14,23,23,0,1286,1222,64,14,14,0,0,100,NoArch
6ac27998aa961a1bda7d0404c69f954de111b6d3,1,2,2,0,0,0,0,2,11,35,1,1,0,887,295,12,138,138,0,3829,3819,10,57,57,0,0,100,NoArch
0384cabd9d537a6fed04ad0a859f178aedf856cc,3,72,80,8,0,0,0,2,12,299,1,1,1.382983925,1058,296,13,153,155,2,4401,4329,72,67,68,1,0,100,NoArch
0cda6b0d582f97a338dd4e424607fc92749118c7,1,5,7,2,0,0,0,1,14,35,1,1,0,290,297,14,55,55,0,1242,1263,21,24,24,0,0,100,NoArch
a3b3a497fbbbf7a5f93a6e761e1e2073220a135a,2,55,2,53,1,0,1,1,4,309,1,2,0.366578013,60,679,17,10,7,3,436,235,201,9,7,2,1,99.97849462,NoArch
a5f74d673d938f5e8bb8b73295c1143101510bec,1,0,1,1,0,0,0,4,51,34,1,1,0,524,298,12,91,91,0,2506,2514,8,29,29,0,0,100,NoArch
5b7d073b4ef2bd5303f0bffc818387df185b230e,567,8615,25181,16566,12,123,135,1,66,75,14,127,7.611498445,100433,714,0,10269,12518,2249,353780,430077,76297,5643,6802,1159,0,87.58677491,Arch
7b317ba7adca4499c7813a760a4a4eb92cf66899,567,25084,8641,16443,120,12,132,1,76,18,14,127,7.606355948,84011,299,9,12427,10361,2066,426073,357892,68181,6753,5692,1061,0,87.58677491,Arch
40f5aadcd314dc2ec5825416abe359172ecff99a,1,200,0,200,1,0,1,1,1,0,1,1,0,0,300,10,11,0,11,869,0,869,5,0,5,0,99.9677558,NoArch
3a2caf427d5721b82f69723f09c4c8cabdaa7579,1,5,5,0,0,0,0,5,33,24,1,1,0,488,301,11,77,77,0,2301,2301,0,34,34,0,0,100,NoArch
8de60cf98016289de362cb0abc037eece45fe675,2,115,105,10,0,0,0,3,31,68,1,1,0.074704337,526,302,12,94,90,4,3234,3152,82,35,34,1,0,100,NoArch
c46003fd3b48d6644c46495a63b77c7b4d62a30b,3,103,98,5,0,0,0,2,12,176,1,1,1.168448181,612,303,13,110,102,8,2642,2571,71,57,56,1,0,100,NoArch
b9814c408ce8158617976d0b0bd15d30a875704a,1,2,1,1,0,0,0,2,27,16,1,1,0,566,304,14,101,101,0,3361,3361,0,42,42,0,0,100,NoArch
d0beb32cb89f3fe7770e6d670661acc550dfe880,1,14,1,13,0,0,0,3,20,39,1,1,0,247,305,15,40,37,3,1430,1357,73,23,23,0,0,100,NoArch
b0b602121e3aa4e911cd40282f5d2ad9d4e07dd7,1,123,152,29,0,0,0,1,2,0,1,1,0,200,306,16,12,11,1,933,869,64,6,5,1,0,100,NoArch
c74558bfde36fb4c40139d00fb98db0f20c58162,1,6,2,4,0,0,0,3,12,286,1,1,0,263,307,17,39,38,1,825,787,38,21,21,0,0,100,NoArch
f5b1b831b63ec722936fcab2bb04235b8154cf5a,2,2,2,0,0,0,0,2,77,177,1,2,1,1707,308,18,268,268,0,7026,7026,0,145,145,0,0,100,NoArch
bca88fee1890ce25821a89f0ae8acda47b74395b,1,3,1,2,0,0,0,3,9,622,1,1,0,352,680,14,75,75,0,1727,1729,2,29,29,0,0,100,NoArch
b006e61e4f515c304aca5deaf4d2180f83adc864,3,51,3,48,1,0,1,3,38,75,1,2,1.019966037,964,681,15,179,176,3,5110,5026,84,89,87,2,0,94.82468915,Arch
341a1d4753b68488c34e08df9d17fedf3f43f324,1,3,2,1,0,0,0,4,27,63,1,1,0,1771,309,19,142,142,0,4429,4416,13,84,84,0,0,100,NoArch
76c466ddef324246a050d7f066d892d76427dbdc,1,2,2,0,0,0,0,3,14,287,1,1,0,125,310,20,14,14,0,577,575,2,10,10,0,0,100,NoArch
32a4c47204957c66dfd5232b1fb2e5c10716ef7d,1,67,70,3,0,0,0,3,15,0,1,1,0,125,311,21,14,14,0,607,577,30,10,10,0,0,100,NoArch
5da043be8453c81031f51d19e5dd8709587411f9,6,215,5,210,5,0,5,1,15,6,1,1,2.468501861,180,312,22,32,27,5,1669,1014,655,16,11,5,0,99.76668222,NoArch
f92e5b587a71ddebbbc1213ab487df0e6316e25c,1,124,0,124,1,0,1,1,1,0,1,1,0,0,313,23,6,0,6,529,0,529,2,0,2,0,95.89788078,Arch
8613f58d167d0727b58d44355b80e0c7fb8910b7,1,2,3,1,0,0,0,3,14,124,1,1,0,257,314,24,51,51,0,1134,1145,11,26,26,0,0,99.86735641,NoArch
b88db246b554d9c351350fa095c66f476d27e9e6,2,6,6,0,0,0,0,2,13,2,1,1,0.650022422,443,315,25,83,83,0,1996,1990,6,38,38,0,0,100,NoArch
d85794c17f41f8f75b2be0340e3f1241b1cae520,1,2,3,1,0,0,0,2,13,294,1,1,0,182,682,7,25,25,0,729,729,0,11,11,0,1,100,NoArch
f7e9206ae55068b9c6cc5928741f849f3df19fbf,1,17,1,16,0,0,0,3,10,295,1,1,0,346,316,22,53,52,1,2124,1995,129,33,32,1,0,95.5861244,Arch
9e14f67b406ea7ab890df42da8943945480b595e,1,1,1,0,0,0,0,2,4,631,1,1,0,58,317,23,1,1,0,193,197,4,1,1,0,0,100,NoArch
481e71729229c22845c8691d9be1aaf44c201e03,1,0,1,1,0,0,0,3,13,9,1,1,0,267,318,24,39,39,0,810,825,15,21,21,0,0,100,NoArch
b77d70a1b18a8ad99f39723ecc5dbbc0c002873a,1,13,15,2,0,0,0,3,10,8,1,1,0,354,683,7,75,75,0,1729,1727,2,29,29,0,0,100,NoArch
8cf4795b94da83e09b94612c654315956c862677,121,1310,128,1182,112,0,112,2,28,26,2,8,3.360835549,5613,684,8,1422,730,692,60991,19984,41007,889,312,577,1,90.58524173,Arch
48522098f53ba2203bf74f6ad151cdc4ac73f078,1,12,12,0,0,0,0,3,14,0,1,1,0,266,319,25,40,39,1,827,810,17,21,21,0,0,100,NoArch
f3b154992184daf3160d943bd10a21c391493b0a,705,10168,27733,17565,20,248,268,1,66,0,14,132,7.766547963,106456,715,1,10995,13998,3003,374912,493474,118562,5935,7700,1765,0,84.16592892,Arch
81ce0d1b4fff94fc024503524349901c82319b0c,1,30,16,14,0,0,0,2,6,303,1,1,0,149,716,2,25,23,2,641,591,50,11,11,0,0,100,NoArch
579bc65ae3402641f917ab3ee64895afcaaf7fec,5,26,5,21,0,0,0,1,32,193,1,3,2.059079989,2762,717,3,439,433,6,12976,12860,116,212,210,2,0,100,NoArch
88d56499d96678ed2bef14c956c342b1534ccd12,2,10,4,6,0,0,0,4,50,0,1,1,0.863120569,2609,718,4,307,305,2,8765,8731,34,188,188,0,0,100,NoArch
e04bd6f0e12496b861faad85a9e0e4de990948a0,9,233,110,123,0,0,0,2,51,271,1,4,2.333260752,8533,719,5,980,967,13,34644,34540,104,512,507,5,0,95.43191436,Arch
aa829bee7bc1090326c699286f1b9dda0df8eea6,1,15,11,4,0,0,0,4,19,0,1,1,0,1089,720,6,169,169,0,5444,5405,39,72,72,0,0,100,NoArch
efebbf70b886cbb868029d68c508a7ec8e609f8f,6,58,50,8,0,0,0,4,38,373,1,3,1.756216302,2251,721,7,330,328,2,10273,10219,54,144,143,1,0,99.20164509,NoArch
691629929088cc33177f594d6cb94885ebff4b79,10,126,132,6,0,0,0,1,39,162,1,6,1.791244192,4918,722,8,729,731,2,23202,23274,72,283,283,0,0,100,NoArch
e0a8dede18d6f6a9b51d808c09ef594a67218d73,1,1,1,0,0,0,0,2,9,362,1,1,0,405,723,9,66,65,1,2028,2022,6,26,26,0,0,100,NoArch
043edbe4a02eacc297e752189ada63d0fffb3f53,4,27,6,21,0,0,0,1,22,445,1,2,1.658902978,1377,724,10,201,198,3,6287,6222,65,83,81,2,0,100,NoArch
b1783a21ab83b888dc4f903a7f75735a9e41fa35,1,86,45,41,0,0,0,4,23,0,1,1,0,1106,725,11,183,173,10,5809,5562,247,73,73,0,0,100,NoArch
f56d9221ad3446aa2c416d306f38f399655f621d,6,40,4,36,0,0,0,3,34,0,1,3,2.408416123,3390,726,12,543,531,12,15867,15647,220,252,250,2,0,100,NoArch
05d37654df076831f9da9417cb0ebde006c029d7,2,8,6,2,0,0,0,4,40,0,1,2,0.591672779,2081,727,13,326,325,1,9561,9549,12,117,117,0,0,100,NoArch
fcb1b83c6bc386af724c1fc32fcccf8c136830a9,1,19,7,12,0,0,0,4,26,0,1,1,0,1161,728,14,188,185,3,5948,5880,68,74,73,1,0,100,NoArch
72b956515334504bf37399046c737c7884556dd2,1,63,61,2,0,0,0,3,36,0,1,1,0,608,729,15,122,122,0,3121,3145,24,67,67,0,0,100,NoArch
7f7cd502fcf6de85a8e3248238150ce1aad56ff8,1,0,4,4,0,0,0,4,27,0,1,1,0,1173,730,16,187,188,1,5926,5948,22,74,74,0,0,100,NoArch
181d9a97bcffdf959fc8e3689744b9f126580769,2,47,4,43,1,0,1,1,37,2,1,2,0.396627773,610,731,17,123,122,1,3195,3121,74,68,67,1,1,99.97553816,NoArch
26198c209486e8ad1956c1a8b0a38d1633e360f3,709,28040,10755,17285,248,20,268,1,77,0,14,132,7.788156331,89647,759,2,13860,11237,2623,488356,383677,104679,7624,6048,1576,1,85.3388998,Arch
05a8cba7d06d4c2c0843238edae54af0b483b52a,20,387,76,311,3,0,3,1,52,146,1,6,3.742181035,8847,685,9,1113,1079,34,31532,30596,936,567,536,31,1,94.36654982,Arch
53bf323e7447bc817372b4117bcf0152f0fb4e0a,1,26,5,21,0,0,0,4,30,1,1,1,0,1815,686,9,149,148,1,4290,4261,29,91,90,1,0,100,NoArch
c0fb0c558462063f67a26c4fe983caf628af2b6c,1,1,1,0,0,0,0,2,10,535,1,1,0,329,687,10,44,44,0,2099,2097,2,29,29,0,0,100,NoArch
6c57f721c2891ced884efdb19c2d2940b532f1a9,0,0,0,0,0,0,0,0,0,0,0,0,0,0,688,10,0,0,0,0,0,0,0,0,0,0,100,NoArch
3013c2020bcc65019a957017fcbda3ae5b79dac8,10,18,18,0,0,0,0,2,78,313,1,7,2.96938942,5119,689,11,671,671,0,18625,18625,0,388,388,0,0,100,NoArch
12a5355b2cf2511fb260d09f73f3f6e647f2b129,1,6,2,4,0,0,0,2,3,17,1,1,0,171,690,12,14,12,2,945,933,12,6,6,0,0,100,NoArch
52c22cca2e6175c491264b793f73503b7f81db15,4,83,10,73,1,0,1,1,30,0,1,3,1.785125667,866,691,13,115,110,5,3054,2803,251,84,81,3,0,99.94918054,NoArch
3753442b1848c2198a5433b92f75f162e088ffae,1,2,1,1,0,0,0,4,31,0,1,1,0,714,692,14,94,94,0,2427,2414,13,67,67,0,0,100,NoArch
cbb458ce8b317033ccf1980cd70fb1cb6f11c584,1,1,1,0,0,0,0,1,3,0,1,1,0,114,693,15,15,15,0,271,271,0,12,12,0,0,100,NoArch
810a54fea89c18919a82835b538700154e439ba2,723,10817,28507,17690,20,252,272,1,66,0,14,135,7.825877991,109207,646,0,11314,14306,2992,384375,503254,118879,6096,7883,1787,1,86.0097172,Arch
722f69fa964001697bc9859d1d94cc215031f4b7,1,2,1,1,0,0,0,3,6,430,1,1,0,498,647,1,66,66,0,2988,2982,6,20,20,0,1,100,NoArch
c3fd0a65b1fd1b056c4a91fad4d59e1df48e745a,723,28515,10826,17689,252,20,272,1,78,0,14,135,7.824638824,91518,694,16,14132,11468,2664,496603,390716,105887,7790,6179,1611,1,86.0097172,Arch
669415cfa209d0b304379aa5e1b614b486955312,723,10816,28505,17689,20,252,272,1,66,0,14,135,7.825604718,109207,648,2,11314,14306,2992,384381,503254,118873,6096,7883,1787,1,86.0097172,Arch
63b2d6837d7e29250b537b892c95610a0756fa9c,725,28537,10826,17711,252,20,272,1,78,0,14,135,7.827454669,91802,695,17,14171,11502,2669,497804,391825,105979,7815,6200,1615,1,86.0097172,Arch
df4309b45db630a669694e4237a4a3fd7d2322dd,723,10816,28505,17689,20,252,272,1,66,0,14,135,7.825604718,109207,649,3,11314,14306,2992,384381,503254,118873,6096,7883,1787,1,86.0097172,Arch
611ecd2a0126ffc2e450eb6b28e94ea1bbfe98fd,722,28492,10825,17667,251,20,271,1,78,0,14,135,7.821865337,91518,696,18,14132,11468,2664,496579,390716,105863,7790,6179,1611,0,86.01589667,Arch
9583b5fc9f3fa23ccbb2bea5d34cbb3c39048fee,22,75,22,53,1,0,1,2,79,188,1,12,3.325039498,4429,697,19,600,596,4,19281,19084,197,310,307,3,0,99.93691648,NoArch
429c24b146f5a900a707f9557078ef326e1f50be,727,10923,28544,17621,21,252,273,1,66,0,14,135,7.835284434,109422,732,18,11327,14321,2994,385429,504087,118658,6105,7895,1790,1,86.03871929,Arch
274f677ecb8de58404d85a79b8e7c3812fa9572d,726,28553,10833,17720,252,20,272,1,79,0,14,135,7.828375388,91702,760,3,14146,11478,2668,497389,391329,106060,7801,6187,1614,1,86.09181141,Arch
1cc049c5d034ffbea55aa1a02fcd97d711b29979,1,2,1,1,0,0,0,2,2,557,1,1,0,131,320,26,11,11,0,595,588,7,7,7,0,0,100,NoArch
179cfd833d7a2b394de18fb893e0c12c5cfefbdd,727,10825,28546,17721,20,252,272,1,66,0,14,136,7.830195564,109554,650,4,11335,14332,2997,385582,504682,119100,6111,7902,1791,0,86.09181141,Arch
9ba5e1921cba0888218948b4f3eca9297c1d0bd2,727,28555,10835,17720,252,20,272,1,79,0,14,136,7.829106242,91833,321,27,14158,11489,2669,497986,391917,106069,7809,6194,1615,0,85.33134773,Arch
6b38f803bc7a8714fff07bcea890a7c6d4316bd1,1,1,1,0,0,0,0,2,28,22,1,1,0,567,322,28,101,101,0,3362,3361,1,42,42,0,0,100,NoArch
14c605feabc9ccabb407011f183d0076603350fc,4,128,22,106,0,0,0,3,80,20,1,3,1.507833548,3321,323,29,546,524,22,14858,14431,427,259,247,12,0,100,NoArch
dc0241343a2c15fafc6d6428124d4c2a2ac0a089,2,89,32,57,0,0,0,2,14,20,1,1,0.20950231,443,324,30,101,83,18,2228,1996,232,44,38,6,0,100,NoArch
9f15a47340887e79e48cbfc061e5b593a22321cd,1,1,1,0,0,0,0,2,12,0,1,1,0,230,325,31,48,48,0,975,975,0,21,21,0,0,100,NoArch
60a526c36b5a3842c1f7eac1a8ffda5cd315c904,1,17,13,4,0,0,0,2,5,4,1,1,0,175,326,32,14,14,0,1000,945,55,6,6,0,0,100,NoArch
db811a5016f453c911bb2ec3be6e7c3cb3e5c855,727,10863,28750,17887,20,252,272,1,66,0,14,136,7.831164852,109720,651,5,11335,14373,3038,385582,505399,119817,6111,7921,1810,0,85.33134773,Arch
37f91a3745614b1c96fc28ef263fa9fddd3d6bc0,0,0,0,0,0,0,0,0,0,0,0,0,0,0,652,6,0,0,0,0,0,0,0,0,0,0,100,NoArch
44bafc3e0340c60d78d533959aebc79e409f3ff1,727,28798,10890,17908,252,20,272,1,81,0,14,136,7.831350894,91833,698,20,14202,11489,2713,498738,391917,106821,7828,6194,1634,0,85.3189377,Arch
b47be19b5fb3b4828795b1041b23f85dc236a4e1,727,10900,28808,17908,20,252,272,1,66,0,14,136,7.832859836,109741,653,7,11335,14377,3042,385582,505436,119854,6111,7922,1811,0,85.3189377,Arch
d458a7943c5052a876319697242370b0b24936ed,1,3,1,2,0,0,0,2,2,542,1,1,0,105,0,0,13,12,1,441,420,21,5,5,0,0,100,NoArch
eb19487b669838127429e5e1e0c50fe1391b20af,727,28798,10890,17908,252,20,272,1,81,0,14,136,7.831350894,91835,0,0,14203,11490,2713,498759,391938,106821,7828,6194,1634,0,85.3189377,Arch
4e11eb604578f0de97955b7546401f0bd753f76f,0,0,0,0,0,0,0,0,0,0,0,0,0,0,699,21,0,0,0,0,0,0,0,0,0,0,100,NoArch
f41a3789b1d41e55f21fba6a8be306b397a28d24,0,0,0,0,0,0,0,0,0,0,0,0,0,0,700,22,0,0,0,0,0,0,0,0,0,0,100,NoArch
569273e7d4198994d4d201321fe618e1597e64fb,0,0,0,0,0,0,0,0,0,0,0,0,0,0,701,23,0,0,0,0,0,0,0,0,0,0,100,NoArch
1ea7c196b5f40496523f8198050b12684eea0e0d,0,0,0,0,0,0,0,0,0,0,0,0,0,0,702,24,0,0,0,0,0,0,0,0,0,0,100,NoArch
b53e51061c67b8bc2549691e40767c428f13fff8,727,10900,28808,17908,20,252,272,1,66,0,14,136,7.832859836,109743,654,8,11336,14378,3042,385603,505457,119854,6111,7922,1811,0,85.3189377,Arch
ad8c06116b3555404d935113be78ce108e02df23,727,28798,10890,17908,252,20,272,1,81,0,14,136,7.831350894,91835,703,25,14203,11490,2713,498759,391938,106821,7828,6194,1634,0,85.3189377,Arch
1ea6d270533a17056d3d4bc808eccca5ae26fb46,0,0,0,0,0,0,0,0,0,0,0,0,0,0,327,33,0,0,0,0,0,0,0,0,0,0,100,NoArch
8780dba3f4fff19ee86e36957092e01777930316,727,10900,28808,17908,20,252,272,1,66,0,14,136,7.832859836,109743,655,9,11336,14378,3042,385603,505457,119854,6111,7922,1811,0,85.3189377,Arch
167f99a3a1f17a83aec2ff4e31a5a096bcb72909,728,29075,11010,18065,253,21,274,1,81,0,14,136,7.846933547,91835,328,34,14233,11501,2732,499591,392191,107400,7839,6203,1636,1,85.84528568,Arch
9fd9189a17aef039bf28da1fd8538c736e0e550d,1,3,0,3,0,0,0,6,82,3,1,1,0,1662,329,35,266,265,1,6924,6908,16,138,138,0,0,100,NoArch
c0cd83870c970ac9534e9fba63afe8e9744892a9,1,14,3,11,0,0,0,2,4,0,1,1,0,680,330,36,112,109,3,3403,3368,35,46,44,2,0,100,NoArch
4e2acd4a77a39ed74dfb692c2978248fba3a4946,3,40,9,31,0,0,0,4,54,9,1,1,1.516472194,4487,331,37,464,459,5,13147,13060,87,287,283,4,0,100,NoArch
2241f2064f65b742bc0b4e91eb6d6f09e4212261,1,1,1,0,0,0,0,2,2,546,1,1,0,83,332,38,10,10,0,279,279,0,9,9,0,0,100,NoArch
49abc1b954e754e804f2366713ae995f3346c01b,729,11025,29135,18110,21,253,274,1,66,0,14,136,7.848708041,110028,656,10,11346,14441,3095,385882,506997,121115,6120,7959,1839,0,85.84528568,Arch
c466a044a661ac252952ce99ed39e830547c87a2,0,0,0,0,0,0,0,0,0,0,0,0,0,0,657,11,0,0,0,0,0,0,0,0,0,0,100,NoArch
7f9bbbc28eae655e45ed5c532d76acb9b33f2c18,1,4,1,3,0,0,0,2,3,409,1,1,0,120,658,12,8,8,0,489,479,10,3,3,0,0,100,NoArch
4089d75fb74d7dbbb49434063a2e1be558442a7f,731,29126,11018,18108,253,21,274,1,82,0,14,136,7.848313173,92363,333,39,14280,11539,2741,502306,394771,107535,7870,6228,1642,0,85.84528568,Arch
deaeab06e2ab7919dcb6224fd04645aa644f942e,1,2,1,1,0,0,0,4,5,652,1,1,0,79,334,40,8,8,0,349,324,25,4,4,0,0,100,NoArch
ccd81adc0f16292fbb93a5049e9c0c6f5022e80c,1,2,2,0,0,0,0,5,35,6,1,1,0,495,335,41,79,79,0,2335,2335,0,34,34,0,0,100,NoArch
32e84d6cd1e92daacaaa900072b29dc55e2e45f3,1,1,1,0,0,0,0,2,5,2,1,1,0,691,336,42,112,112,0,3403,3403,0,46,46,0,0,100,NoArch
4e21e15f7ea0abbac0b16ddb91471ec27d72ab27,1,8,3,5,0,0,0,2,5,316,1,1,0,146,704,25,7,6,1,621,593,28,6,5,1,0,100,NoArch
819b811a2e61029801b77d12612fa7407a1a0687,3,15,12,3,0,0,0,1,3,63,1,1,1.305803563,276,337,42,19,20,1,1437,1493,56,9,9,0,0,99.90933817,NoArch
55fa95460ce5b9fe208771733b8c500215a70b38,2,7,3,4,0,0,0,3,32,15,1,2,0.881290899,2092,338,43,202,201,1,5465,5433,32,117,117,0,0,100,NoArch
31d327726aceea1ed0b7b90609ddf5aa799befce,6,80,46,34,0,0,0,1,8,46,1,2,2.178023235,1106,339,44,170,171,1,5850,5929,79,86,82,4,0,100,NoArch
84eb9f8b6975ccdf1fe7aa7c666fcc59ceb91ac7,26,416,130,286,2,0,2,2,40,252,1,11,3.697463546,8223,340,43,1190,1160,30,37096,36028,1068,734,712,22,0,95.73396382,Arch
1dc9d9d355d9159ec088c6ee8193e77a359a80c7,1,1,1,0,0,0,0,6,83,5,1,1,0,1665,341,44,266,266,0,6924,6924,0,138,138,0,0,100,NoArch
1191d5eeb282e36476eb536ad0f7bf11dd570ae2,1,1,1,0,0,0,0,4,22,0,1,1,0,1029,342,45,171,170,1,5519,5509,10,76,76,0,0,100,NoArch
c3f4712ac9b534478abb188bd7ff33eae7b42aca,5,18,8,10,0,0,0,2,6,7,1,3,1.76917051,859,343,46,119,116,3,3996,3960,36,52,50,2,0,100,NoArch
2eaafc0c12bd5b2d8fa70b29ed48fee2ac76053c,4,39,8,31,0,0,0,3,41,80,1,3,1.494699669,1809,344,47,323,314,9,9341,9198,143,166,163,3,0,100,NoArch
8432e0aafeb026cbead743b32a7065ce39aa31ad,1,1,1,0,0,0,0,3,7,118,1,1,0,179,345,47,17,17,0,852,852,0,14,14,0,0,100,NoArch
df15551a4bdd8cda54b188032eaaa24495cdd4e0,1,4,1,3,0,0,0,4,24,3,1,1,0,1041,346,48,177,176,1,5632,5605,27,76,76,0,0,100,NoArch
477fc859e6007e9f2d5684ac1d9fd958c446fb33,1,44,38,6,0,0,0,4,11,28,1,1,0,352,347,49,79,75,4,1768,1729,39,29,29,0,0,100,NoArch
ef1d3559f502309194b7c9dd6388b92216e72c71,1,30,17,13,0,0,0,4,8,276,1,1,0,205,44,0,35,33,2,939,894,45,15,15,0,1,100,NoArch
015cd8a7f92cb245977f1d502ffc401932426095,6,140,74,66,0,0,0,4,52,202,1,3,1.203966541,2302,45,1,375,360,15,11189,10853,336,158,157,1,3,100,NoArch
46d98e1287a82f1941911146436287dfb9e0e36a,1,1,1,0,0,0,0,3,10,325,1,1,0,405,46,2,66,65,1,1964,1958,6,26,26,0,1,100,NoArch
e5b45f6b4b60e72841166200245899b1a588691d,2,12,6,6,0,0,0,5,55,10,1,1,0.764204507,2682,47,3,316,314,2,8882,8848,34,196,196,0,1,100,NoArch
49ea0eddf6ecfc2e6709192b0667b8126e4dfe92,4,19,4,15,0,0,0,5,46,86,1,2,1.664926914,2837,48,4,469,464,5,13883,13776,107,209,207,2,1,100,NoArch
b743552137969cc827e73221be0ab17a8112c47e,6,68,8,60,0,0,0,4,47,2,1,3,2.014493034,3602,49,5,608,592,16,17285,16981,304,274,271,3,2,100,NoArch
bd7d59c38f5b90d8b089520abf05ad9cbc8046b5,9,242,108,134,0,0,0,3,56,144,1,4,2.348292747,8749,50,6,1014,999,15,34985,34858,127,531,524,7,1,99.98118886,NoArch
8be526c5ec3fda6dd1397470f4847620053ddabb,1,4,0,4,0,0,0,1,3,8,1,1,0,63,348,49,7,6,1,138,120,18,7,6,1,0,100,NoArch
aee4378a8a0ebd8709175c00ebfb27afd31745b5,1,1,0,1,0,0,0,3,3,663,1,1,0,161,349,49,15,15,0,855,848,7,4,4,0,0,100,NoArch
759fd2829ce147105c45962cb9d9d56bf5ff51c8,26,661,4033,3372,1,11,12,2,22,153,1,8,3.633486219,7411,350,49,642,1109,467,19128,36571,17443,332,538,206,0,94.0222606,Arch
985b4ce0df17acf06c8046b6e2ecb80f88c31713,29,415,197,218,1,3,4,1,84,155,1,7,2.687669005,4266,351,50,531,517,14,19542,18334,1208,300,293,7,0,96.36864068,Arch
0b1a064092f77e7c576294add38e352fd016df72,2,26,0,26,0,0,0,1,8,0,1,1,0.89049164,763,352,51,131,128,3,3870,3813,57,60,57,3,0,99.96752983,NoArch
d262dfd4a9694f09835619259bb89d51c063a752,2,3,2,1,0,0,0,1,9,0,1,1,0.970950594,789,353,50,131,131,0,3879,3870,9,60,60,0,0,100,NoArch
4bef5e359966d2844e910e8f2f52b40d67031b75,3,16,10,6,0,0,0,2,3,177,1,2,1.57662122,405,354,51,57,54,3,1921,1885,36,37,34,3,0,100,NoArch
8011f907ef7e84103c149dfd24fdfa40cd0b16b2,1,10,2,8,0,0,0,2,20,421,1,1,0,232,705,25,37,36,1,1080,1021,59,18,18,0,1,100,NoArch
800fba7f6c4f7658829268c0e081f6babc55afd8,1,1,1,0,0,0,0,4,12,4,1,1,0,358,706,24,79,79,0,1768,1768,0,29,29,0,0,100,NoArch
1807dbbba352eb0adc41704f38d130f719b3c06b,1,8,1,7,0,0,0,5,57,2,1,1,0,1985,707,25,227,225,2,6522,6495,27,131,130,1,0,100,NoArch
2f1e430c26094e33573f20d761576d1316533767,752,12200,27839,15639,28,250,278,1,66,0,14,136,7.909914333,111298,733,18,11751,14457,2706,403445,507986,104541,6388,8072,1684,0,87.14898596,Arch
05de2b1f475ec37820ed7064119655b0f5c248f9,749,27835,12151,15684,250,28,278,1,84,0,14,136,7.901452334,95336,761,2,14272,11836,2436,502644,406610,96034,7938,6437,1501,0,87.1634803,Arch
d00ce72595a14b9f46e29f26bec22578e6445faa,1,14,22,8,0,0,0,3,31,11,1,1,0,393,355,39,60,60,0,2025,2037,12,22,22,0,0,100,NoArch
d57343cdb55b6f3b951e43ffe768305477a32344,1,3,2,1,0,0,0,4,28,5,1,1,0,1153,708,26,199,199,0,6274,6269,5,78,78,0,1,100,NoArch
63b82516a41ed5e045776a2d39ebfa1c83ed4b09,1,14,0,14,0,0,0,2,4,667,1,1,0,45,709,27,3,2,1,254,174,80,1,1,0,1,100,NoArch
d7355e787471d37842f0ffbca3c4251cb69ffd10,8,351,1130,779,2,2,4,3,13,378,1,1,2.047357032,1975,710,28,126,352,226,3715,7951,4236,70,190,120,1,98.01011525,NoArch
3bd948f7388d3e180b187b11a079b277fe56f1ff,2,1315,0,1315,2,0,2,3,14,0,1,1,0.993047017,0,711,29,227,0,227,4491,0,4491,120,0,120,1,98.1032055,NoArch
e3870495dd72131cd068bac5f9952f1f46e484f3,2,0,19,19,0,0,0,3,21,330,1,1,0.297472249,633,762,3,85,89,4,2256,2326,70,54,56,2,1,100,NoArch
95b34d5f2b7cf1c5d3a784b2fb32654637f55dca,1,39,0,39,1,0,1,1,1,0,1,1,0,0,712,30,2,0,2,85,0,85,1,0,1,1,99.96759297,NoArch
300a5b23cb1d042f228cc5d3eea5937c18175e71,1,11,0,11,0,0,0,2,3,97,1,1,0,116,356,40,23,21,2,604,538,66,13,12,1,0,100,NoArch
0b9c3da7a4bf4da32b1fe4eb6775e3631fbaf510,757,12264,28521,16257,28,253,281,1,66,0,14,136,7.944322134,113305,659,13,12021,14737,2716,409177,514434,105257,6523,8210,1687,1,87.07509496,Arch
f7db42a8353b95279bedab6b3b9ba12f0569b24a,758,28538,12272,16266,253,28,281,1,84,0,14,136,7.942947922,97155,763,4,14607,12167,2440,510177,413723,96454,8128,6625,1503,1,87.07509496,Arch
c12d7bfa22634d9ac4af3f5003131b50927d4c36,1,14,7,7,0,0,0,3,3,667,1,1,0,173,357,41,13,13,0,725,669,56,11,11,0,0,100,NoArch
0d9b41325673ce4b7b40fc76bec1415c98bef894,1,1,4,3,0,0,0,6,85,3,1,1,0,1668,358,42,266,266,0,6918,6959,41,138,138,0,0,100,NoArch
b3bbb9c2eae1967251f3e533ba1df54ff1c62567,5,51,26,25,0,0,0,1,22,178,1,1,1.9936251,770,359,43,123,121,2,4119,3975,144,58,56,2,0,99.99190021,NoArch
dfdbfd0c1cb949b75275a6b3f718bdce27dd833f,760,12274,28559,16285,28,253,281,1,66,0,14,136,7.949324931,113634,734,19,12040,14758,2718,410163,515570,105407,6540,8229,1689,1,87.08483491,Arch
ec14f6569d7c9b0dcffbb799a7fa19aafa25a210,765,28677,12274,16403,256,28,284,1,85,0,14,136,7.954759819,97549,764,5,14648,12187,2461,512751,415275,97476,8167,6643,1524,0,86.23131393,Arch
f8d86bce2883ea72425456f5048e2668e869f051,1,26,16,10,0,0,0,2,2,113,1,1,0,62,713,31,5,2,3,366,302,64,5,2,3,0,100,NoArch
2ca08ce7019f01ed170761630b74c8f1e4745796,2,36,2,34,0,0,0,3,12,666,1,1,1,131,360,44,17,13,4,419,345,74,15,11,4,0,100,NoArch
618396d459d8cceb4b113a273e231129d9a989ff,1,6,17,11,0,0,0,2,5,0,1,1,0,59,714,32,2,3,1,174,254,80,1,1,0,1,100,NoArch
2a3fddbdead321b6952d38d0d0621ecd7a4024b5,2,0,89,89,0,2,2,1,4,4,1,1,0.99261089,89,361,45,0,2,2,0,338,338,0,2,2,0,99.93750651,NoArch
10185cadd759ed63c43f3fe92aa90a45f5af6f50,1,35,37,2,0,0,0,2,6,0,1,1,0,108,715,33,22,20,2,388,378,10,14,14,0,0,100,NoArch
1a3f54c93f54f946342cc307848bb29722bfe8ae,5,265,20,245,1,0,1,1,58,7,1,5,1.344023176,3926,765,6,561,541,20,17400,16117,1283,259,249,10,0,96.32613909,Arch
0ffac9b22bf4e856191b36d4b5d29b8145614ce9,766,12279,28869,16590,28,255,283,1,66,0,14,136,7.959460668,114270,735,20,12069,14834,2765,411321,518611,107290,6567,8292,1725,0,87.41898982,Arch
7a69a9f78e57c28607fafd8539806b350463656a,0,0,0,0,0,0,0,0,0,0,0,0,0,0,736,21,0,0,0,0,0,0,0,0,0,0,100,NoArch
ebfe94e07771af083c583147671d6eb3e57a404a,766,28879,12281,16598,255,28,283,1,85,0,14,136,7.957689456,97680,766,7,14687,12200,2487,514167,415620,98547,8193,6654,1539,0,87.41898982,Arch
fa2d43f37905d88e9e57e95e6af9237320339784,0,0,0,0,0,0,0,0,0,0,0,0,0,0,767,8,0,0,0,0,0,0,0,0,0,0,100,NoArch
825447a615080662bbb9841410c0f1804855dc20,1,4,3,1,0,0,0,3,7,406,1,1,0,411,362,46,21,21,0,2062,2022,40,10,10,0,0,100,NoArch
dccd381c8fc5b29b5e4264b2112538a134a75ce1,1,12,6,6,0,0,0,2,3,669,1,1,0,41,716,34,3,2,1,143,94,49,3,2,1,1,99.97334044,NoArch
af9cc560682012cd78d6a2654105deceda7bfb8e,1,13,6,7,0,0,0,4,10,167,1,1,0,342,717,35,56,56,0,1783,1767,16,12,12,0,0,100,NoArch
a08a4a84c768c3afaa8578d744386c9baf9dfc80,1,3,0,3,0,0,0,3,8,669,1,1,0,148,718,36,11,11,0,502,489,13,10,10,0,0,98.40231711,NoArch
da13d596a50dfba6f2ec8425a339930962e17464,4,79,49,30,0,0,0,3,17,307,1,2,0.965546682,528,363,47,82,77,5,1919,1794,125,36,34,2,0,100,NoArch
8ad375ff605c358b4313e5f0eef98568c8f1b941,1,13,11,2,0,0,0,2,5,189,1,1,0,545,364,48,86,86,0,2850,2845,5,35,35,0,0,100,NoArch
c97b97ed885b236b6abb83d0be113ffdc2620090,1,2,1,1,0,0,0,2,5,669,1,1,0,275,365,49,16,16,0,1394,1374,20,6,6,0,0,100,NoArch
12fa4de5c64fc32e665d80d6e38aec7ed9449a45,1,3,3,0,0,0,0,2,5,670,1,1,0,331,366,50,8,8,0,1770,1770,0,8,8,0,0,100,NoArch
222dd260e6eb112802d508a7681f6b96600884cd,1,4,19,15,0,0,0,3,15,116,1,1,0,259,719,37,0,0,0,528,528,0,0,0,0,0,100,NoArch
544ffe9dce8858bad59ed4f1a46b904ec3a17e74,2,12,7,5,0,0,0,3,10,167,1,2,0.831474388,424,720,38,51,50,1,1979,1945,34,32,31,1,0,100,NoArch
d7a14830c756f1f2e387b7247901db0725ac5f28,1,2,4,2,0,0,0,2,6,670,1,1,0,156,367,51,9,9,0,721,726,5,8,8,0,0,100,NoArch
cb9118e80ad729ce1e635cdd33172d4770eb9867,772,12349,28985,16636,28,255,283,1,66,0,14,137,7.971272991,115678,737,22,12136,14908,2772,417796,525441,107645,6611,8340,1729,0,87.29691419,Arch
e39a679d2ff30935261307f0baccb0daf7ae0a8d,772,28999,12357,16642,255,28,283,1,85,0,14,137,7.971069751,99042,721,39,14762,12267,2495,520962,422095,98867,8242,6698,1544,0,87.29691419,Arch
eeafa1cfef5354b38d6e984677d8e43d9fb5ab10,1,3,3,0,0,0,0,4,10,8,1,1,0,1678,368,52,94,94,0,9322,9322,0,61,61,0,0,100,NoArch
e935c5ad3bc19f275f64594aded6456b1a2dba62,1,30,0,30,0,0,0,1,3,629,1,1,0,86,722,40,13,9,4,238,180,58,13,9,4,1,100,NoArch
885c379914877f0a542a78dfba08c744f90c327b,135,13858,2901,10957,0,0,0,2,10,21,2,10,6.845463177,2904,768,9,841,841,0,48276,48276,0,691,691,0,0,100,NoArch
5143838fa37f1d1e8225c5dbb7e53ee2e96bfc8e,0,0,0,0,0,0,0,0,0,0,0,0,0,0,723,41,0,0,0,0,0,0,0,0,0,0,100,NoArch
1d846a9e61d44c8806366e37bc68f5de7e21f855,1,1,1,0,0,0,0,2,6,0,1,1,0,331,369,53,8,8,0,1770,1770,0,8,8,0,0,100,NoArch
2a6a441fb08e3699f63b5bf847fa367f32c6cb52,1,1,1,0,0,0,0,3,7,0,1,1,0,282,370,54,17,17,0,1417,1417,0,7,7,0,0,100,NoArch
f2acaa21100210eb4252499b76193518e464a398,0,0,0,0,0,0,0,0,0,0,0,0,0,0,769,10,0,0,0,0,0,0,0,0,0,0,100,NoArch
57ea011bee131872506550a233acc357688f2da1,1,1,1,0,0,0,0,3,4,27,1,1,0,304,371,55,13,13,0,1706,1706,0,12,12,0,0,100,NoArch
67fd739b3a846b411f0e296cb80d7ee81b4a83a5,6,0,356,356,0,6,6,3,7,115,1,1,2.575256544,356,372,56,0,22,22,0,1173,1173,0,22,22,0,99.87176958,NoArch
5869f755bca80ddcf6b544a6f236f5747d6209c9,4,98,7,91,1,0,1,1,5,66,1,2,1.479026444,259,724,42,45,32,13,1343,905,438,28,19,9,1,98.17521735,NoArch
39db2d4ce61941aac26b8476bf26ba8c21dac066,0,0,0,0,0,0,0,0,0,0,0,0,0,0,725,43,0,0,0,0,0,0,0,0,0,0,100,NoArch
4d6cba254892478439d16ea2e0d8cebced52955c,0,0,0,0,0,0,0,0,0,0,0,0,0,0,726,44,0,0,0,0,0,0,0,0,0,0,100,NoArch
c9bb1c97b2364c5584f8962522a622c5bf13ed80,4,106,21,85,0,0,0,4,59,87,1,1,1.828431154,5133,770,11,546,529,17,15206,14719,487,333,326,7,0,100,NoArch
c785ff773864e35de773b90ea0252514bb6b1f5b,0,0,0,0,0,0,0,0,0,0,0,0,0,0,771,12,0,0,0,0,0,0,0,0,0,0,100,NoArch
17c1ed71740faa9bcb0158864cdb5415c1cc91cf,0,0,0,0,0,0,0,0,0,0,0,0,0,0,772,13,0,0,0,0,0,0,0,0,0,0,100,NoArch
b5a42599b1c61c5bcae34936ef86e4f79c5a912d,1,2,5,3,0,0,0,2,6,25,1,1,0,179,373,57,14,14,0,993,1000,7,6,6,0,0,100,NoArch
ba54ee86b290fe33110e05d44f17b4de03b71c9c,1,4,0,4,0,0,0,1,3,4,1,1,0,76,374,58,7,6,1,145,131,14,7,6,1,0,100,NoArch
5ef2a30e91353d1064f67c609ca820d54dc144b8,772,12526,39976,27450,31,253,284,1,66,0,14,137,8.420082518,126646,660,14,12148,14940,2792,418258,526145,107887,6623,8358,1735,0,87.26315789,Arch
cb3becf3c4db10c952d14fda83de55bb30cac878,772,39980,12528,27452,253,31,284,1,85,0,14,137,8.418546197,99196,727,44,14788,12286,2502,521249,423051,98198,8253,6717,1536,0,87.26315789,Arch
82d19974d8dfe5a3e74f9b45f0121c596a549d6b,1,8,0,8,0,0,0,2,3,2,1,1,0,131,375,56,15,14,1,633,623,10,9,8,1,0,100,NoArch
dda3e2a429882da38ea958f1852d301bba8bdff0,3,26,10,16,0,0,0,2,10,4,1,3,1.384431504,808,376,57,141,140,1,4069,4009,60,63,63,0,0,100,NoArch
19bab2bbb236d6cbfc89835c0369dc26b1362539,0,0,0,0,0,0,0,0,0,0,0,0,0,0,377,58,0,0,0,0,0,0,0,0,0,0,100,NoArch
82201d28dd029b2f1c7c0b37b74a38629415b751,2,32,9,23,0,0,0,2,86,2,1,2,0.901170196,2329,728,44,389,385,4,10609,10509,100,190,187,3,0,99.82509436,NoArch
24984276fc172447d1f5e924f9801db063fd6917,0,0,0,0,0,0,0,0,0,0,0,0,0,0,729,45,0,0,0,0,0,0,0,0,0,0,100,NoArch
4569d7d28d61bc48dacc9a12a849d94b660e7ff8,8,29,22,7,0,0,0,2,48,217,1,2,2.76952265,2258,773,14,338,338,0,10789,10732,57,141,141,0,0,99.99083746,NoArch
9a79d3411d718bcdf38f9ed950c77c965c2887d4,2,29,0,29,0,0,0,3,31,8,1,1,0.957553484,1238,378,59,203,199,4,5747,5656,91,103,99,4,0,100,NoArch
8e7fa346f72d45704ec928df03e4fe7a647ceea8,0,0,0,0,0,0,0,0,0,0,0,0,0,0,730,45,0,0,0,0,0,0,0,0,0,0,100,NoArch
4207bd9cc04d9716eafdadebc42852adf4d58dc7,7,261,68,193,0,0,0,4,49,2,1,5,2.163517918,5246,774,15,696,670,26,20145,18891,1254,345,339,6,0,99.93585632,NoArch
1ffb7fc6e36cbbcd923a8751307c08f4d3ba6554,0,0,0,0,0,0,0,0,0,0,0,0,0,0,731,46,0,0,0,0,0,0,0,0,0,0,100,NoArch
bdef2f52d095d80b18a27c328fb0b7f21c00dc38,0,0,0,0,0,0,0,0,0,0,0,0,0,0,732,47,0,0,0,0,0,0,0,0,0,0,100,NoArch
fb3b6dba571b9dbffaac45ac920037760ceb6dbc,10,303,114,189,1,0,1,4,60,246,1,4,2.085257738,4382,775,16,652,631,21,18133,17335,798,346,318,28,0,99.97251237,NoArch
e8b12e4eaf7bbd9b7efa2087ae241728e6eeebb8,1,1,0,1,0,0,0,5,61,1,1,1,0,2067,379,59,229,229,0,6820,6816,4,137,137,0,0,100,NoArch
c0af1f51166761c65da9084ee750e794c43dcd10,1,1,1,0,0,0,0,5,62,1,1,1,0,2068,380,60,229,229,0,6820,6820,0,137,137,0,0,100,NoArch
7de0e81995e7693e5df16d4265feec7e566b899c,5,642,7,635,2,0,2,1,50,3,1,3,1.198138747,1938,776,16,355,315,40,12159,8991,3168,150,126,24,0,99.91766536,NoArch
0527ebacc9e2f1a528433a8c29b154fc68c557ec,1,1,0,1,0,0,0,5,51,0,1,1,0,1062,381,61,171,171,0,5267,5261,6,61,61,0,0,100,NoArch
93d1087726d24e52377512a1c3185266478132d7,2,5,8,3,0,0,0,2,12,20,1,1,0.961236605,1186,382,61,187,187,0,6216,6218,2,76,76,0,0,100,NoArch
0ae6a1d6aa30d3840cbe183f64ec26ed5ce81446,1,12,1,11,0,0,0,2,6,580,1,1,0,61,733,35,5,4,1,204,182,22,3,2,1,0,100,NoArch
ea42012ef16e78c1be30a1516303a2081f8db0cd,2,41,1,40,1,0,1,2,6,342,1,1,0.591672779,70,734,36,9,6,3,375,253,122,3,1,2,0,99.95433373,NoArch
274a95190108a600d4d02722063ffa6d0c7cc49a,4,37,299,262,0,3,3,2,6,600,1,2,1.71739865,328,735,37,7,23,16,205,1228,1023,3,14,11,0,99.82632541,NoArch
3e09007cc171794e8af988632a2064b2cce024f2,1,36,0,36,1,0,1,1,1,0,1,1,0,0,736,38,2,0,2,70,0,70,2,0,2,0,99.98170174,NoArch
a51a7d53e2e2067659f775c343d86c4d13a3acee,1,15,1,14,0,0,0,2,5,685,1,1,0,59,737,39,7,5,2,204,148,56,6,5,1,0,100,NoArch
a7344588c9e880eb88b467237e68c01895ee3679,1,6,1,5,0,0,0,1,2,0,1,1,0,36,738,40,3,2,1,92,70,22,2,2,0,0,100,NoArch
3028a2faa126f4f9230536b81a0e312bb20f607e,0,0,0,0,0,0,0,0,0,0,0,0,0,0,739,41,0,0,0,0,0,0,0,0,0,1,100,NoArch
8815bf8045b4196a29df708f396527ebb6f28360,0,0,0,0,0,0,0,0,0,0,0,0,0,0,740,42,0,0,0,0,0,0,0,0,0,0,100,NoArch
4741136695f6871fa035c44c65a59e0d1ffe829f,8,62,1,61,0,0,0,2,44,19,1,3,2.673408889,3268,383,61,573,563,10,15902,15608,294,385,379,6,0,96.09388533,Arch
1d9737d577c46708a2ddac04477811797caf7fa9,1,2,0,2,0,0,0,2,7,0,1,1,0,72,741,43,5,5,0,204,204,0,3,3,0,0,100,NoArch
ae73f860b99f30256a3f2b30d4e5bfdb0beec74e,25,616,502,114,2,0,2,3,35,246,1,8,3.106963639,5288,384,62,739,737,2,25194,24486,708,334,335,1,1,96.09614729,Arch
fbd22b637c06e127c56dabdc225e537edb9419c6,1,49,0,49,1,0,1,1,1,0,1,1,0,0,385,63,4,0,4,150,0,150,3,0,3,0,99.96462368,NoArch
35fcee6a6b8e71a9291edc3583d7b35f55395231,0,0,0,0,0,0,0,0,0,0,0,0,0,0,742,44,0,0,0,0,0,0,0,0,0,0,100,NoArch
db9a535f786a3f76f3bb30ff3ab5bae97bd98174,0,0,0,0,0,0,0,0,0,0,0,0,0,0,743,44,0,0,0,0,0,0,0,0,0,0,100,NoArch
0315016d374e63bc56ee18190980a27640cda0bd,0,0,0,0,0,0,0,0,0,0,0,0,0,0,744,45,0,0,0,0,0,0,0,0,0,0,100,NoArch
04c5a67344d0e8c7dab5c3ad95c44f279fe7ffc0,803,13361,41979,28618,33,260,293,1,66,0,14,138,8.455976355,130379,661,8,12458,15361,2903,427857,541743,113886,6789,8596,1807,1,86.96543944,Arch
c2280ed5fd97456475e7d244cd44db0d40fbc598,0,0,0,0,0,0,0,0,0,0,0,0,0,0,662,9,0,0,0,0,0,0,0,0,0,1,100,NoArch
4443d32e5d48bc8dbc4c1763697b9f96dd6c5200,804,41999,13374,28625,260,33,293,2,86,0,14,138,8.456110658,102103,745,46,15268,12662,2606,538398,434322,104076,8505,6903,1602,0,86.96543944,Arch
7162f01b75429edd25ae49b3039c496579775b89,1,1,1,0,0,0,0,6,87,15,1,1,0,1670,746,47,267,267,0,6935,6935,0,139,139,0,0,100,NoArch
b72c28b8a61704db654cae5aada163645a78101f,1,34,0,34,1,0,1,1,1,0,1,1,0,0,747,48,1,0,1,71,0,71,1,0,1,1,99.98231966,NoArch
489f5aa2046a610f15360a7c53cc530020cf8394,6,86,48,38,0,0,0,1,52,28,1,5,1.853342637,3776,777,16,538,537,1,18256,17982,274,252,252,0,0,100,NoArch
a640190fc45a256cf457e241c7acc634c020c4a0,9,220,25,195,3,0,3,1,88,120,1,5,2.357407306,2221,748,44,347,332,15,10244,9633,611,166,158,8,1,99.8940023,NoArch
c7299947396f5c790d18086187791c95cdd17af1,3,28,45,17,0,1,1,2,8,4,2,2,1.153629961,176,749,45,16,16,0,621,578,43,5,6,1,0,99.95584989,NoArch
e4bc8e14f6c748bddcd5fb5d8059707d6681cdd0,0,0,0,0,0,0,0,0,0,0,0,0,0,0,750,46,0,0,0,0,0,0,0,0,0,0,100,NoArch
f7a30b80fc9ff0c6b29ceb000e0c1a11cd0b64c0,2,50,22,28,0,0,0,1,53,0,1,2,0.979868757,1256,778,17,185,184,1,6496,6418,78,70,69,1,0,100,NoArch
a0e92d713bfe4ab305a108d282248c89fbc1b70c,9,22,70,48,0,0,0,2,41,99,1,7,1.947321137,3293,779,18,516,532,16,14775,15145,370,243,246,3,0,100,NoArch
a59cd030f51dbffba541e1fe38dc329c01d214cf,2,156,79,77,0,0,0,5,54,3,1,1,0.99045676,1567,780,19,268,253,15,8025,7587,438,97,95,2,0,100,NoArch
3e281cff12765217527f694ff5a7b47cc9514461,0,0,0,0,0,0,0,0,0,0,0,0,0,0,781,20,0,0,0,0,0,0,0,0,0,0,100,NoArch
9f027a6254bbfbe995d8331a496410bb3b32923b,0,0,0,0,0,0,0,0,0,0,0,0,0,0,751,43,0,0,0,0,0,0,0,0,0,0,100,NoArch
54114ccf77ac8032f51274bff19c8ae0de37a94c,17,56,87,31,0,0,0,3,37,63,1,6,2.703531965,4902,386,30,617,621,4,23503,23600,97,285,289,4,0,100,NoArch
47510d8eee2eff8e4b449ee25717dfe1d75e2f98,1,8,6,2,0,0,0,6,89,17,1,1,0,1675,387,31,268,268,0,6967,6953,14,140,140,0,0,100,NoArch
332aae366c0da4e5c0adfeca2e9c5184b291cd99,2,14,4,10,0,0,0,3,23,158,1,2,0.503258335,824,388,32,152,149,3,4411,4349,62,76,74,2,0,100,NoArch
2e06692aaf82f754d5d6d356f8163791a26e0bf6,1,1,1,0,0,0,0,3,9,17,1,1,0,93,389,33,9,9,0,416,416,0,2,2,0,0,100,NoArch
c328c72472fff401a0b2bb7f29d55d989d2eaa5f,1,1,1,0,0,0,0,4,8,373,1,1,0,158,390,34,9,9,0,662,662,0,1,1,0,0,100,NoArch
a2aed3d732a57ea42bc3354d6cd2e1a603673f5a,2,59,38,21,0,0,0,6,90,11,1,1,0.144899618,1750,391,34,279,275,4,7273,7171,102,146,146,0,0,100,NoArch
2a3f9e38ea15b9e8cc092ea4aa261badf7b5910c,1,5,7,2,0,0,0,4,9,369,1,1,0,137,752,37,23,24,1,407,409,2,16,16,0,0,100,NoArch
8c08fcad76285ff1af24be657505159472c8491f,0,0,0,0,0,0,0,0,0,0,0,0,0,0,753,28,0,0,0,0,0,0,0,0,0,0,100,NoArch
735dc7a230b15044c7fcefbe1f762b5ed13b3132,0,0,0,0,0,0,0,0,0,0,0,0,0,0,754,27,0,0,0,0,0,0,0,0,0,0,100,NoArch
2ef81512d69ca9bff27350d274585b66ce64ebb4,1,15,0,15,0,0,0,1,3,21,1,1,0,224,392,6,26,24,2,439,406,33,26,24,2,0,100,NoArch
9bb3b0cbf6ba9406c2d3f46ea31b1652ae6e24a5,1,2,2,0,0,0,0,3,25,21,1,1,0,191,755,11,26,26,0,742,742,0,24,24,0,0,100,NoArch
9dccfa4a8a03a0327b3daa7881bf4d2206225715,2,21,8,13,0,0,0,2,91,29,2,2,0.362051252,1743,756,12,276,275,1,7206,7171,35,144,143,1,0,100,NoArch
2632922be8896a758c5cccddcda264c64f9fc578,1,12,2,10,0,0,0,3,13,394,1,1,0,118,757,13,0,0,0,211,211,0,0,0,0,0,100,NoArch
a58a92d3027f86d185718ad583455e7291bbc002,1,1,1,0,0,0,0,2,7,0,1,1,0,68,758,13,7,7,0,212,222,10,3,3,0,0,100,NoArch
5a521b468ad0d1a7ee6c66d48e4ed0008fffd301,2,104,18,86,1,0,1,1,3,45,1,2,0.993009797,78,759,13,15,5,10,796,288,508,9,4,5,1,99.9823384,NoArch
9e8689ed28465d8caa3defe33fa79a7d0d0a9471,1,1,1,0,0,0,0,2,7,735,1,1,0,61,760,9,3,3,0,131,131,0,2,2,0,1,99.99117076,NoArch
64669eda8b6483c97163fdbbdb48f6ff0461bfb3,811,13563,42619,29056,33,264,297,1,66,0,14,138,8.481231539,131319,738,0,12530,15461,2931,429961,545643,115682,6810,8627,1817,0,86.87365509,Arch
d301cea84c9c34d7b5769d5d6ff29e9dec33fc10,811,42624,13568,29056,264,33,297,2,91,0,14,138,8.478899216,102263,782,2,15308,12670,2638,540692,434826,105866,8522,6906,1616,0,86.87365509,Arch
538b23bdeb938eaa3a31c09e3f88c778f3512807,811,13557,42613,29056,33,264,297,1,66,0,14,138,8.480323206,131319,9,0,12530,15461,2931,429961,545647,115686,6810,8627,1817,1,86.87365509,Arch
98376dd3be560278aaa3af502bac89bc45ff28c2,811,42624,13568,29056,264,33,297,2,91,0,14,138,8.478899216,102263,9,0,15308,12670,2638,540692,434826,105866,8522,6906,1616,1,86.87365509,Arch
5dde5562a9115dae3700255f9a8f4c021bca7ebf,811,13567,42617,29050,33,264,297,1,66,0,14,138,8.480114664,131319,739,1,12531,15461,2930,429995,545647,115652,6810,8627,1817,0,86.87365509,Arch
38afec2a7b37295df9cd06626141938d63eb8fed,5,49,34,15,0,0,0,2,9,485,1,3,1.707869008,2507,740,2,144,141,3,13395,13352,43,95,94,1,0,100,NoArch
e6d20f3932b556377218ac2e353a2cc99d26d1ea,816,43035,13628,29407,267,33,300,2,91,0,15,138,8.49371753,102549,761,1,15376,12691,2685,543686,436177,107509,8557,6922,1635,1,86.8202765,Arch
dc6902269772e048a7b3856ed1ee5b9b62854b42,0,0,0,0,0,0,0,0,0,0,0,0,0,0,762,2,0,0,0,0,0,0,0,0,0,1,100,NoArch
a1904ea1e777dac1a68759c8870fe2fd7a955836,0,0,0,0,0,0,0,0,0,0,0,0,0,0,763,3,0,0,0,0,0,0,0,0,0,0,100,NoArch
3baaab2185a8cba61dd3fa944a5a9b6aa776cdb5,1,5,0,5,0,0,0,2,6,101,1,1,0,51,393,0,3,3,0,243,197,46,1,1,0,0,99.97354264,NoArch
16f7f2f9a242b33e16204e9782bbe0dc2794e2ee,816,13617,43029,29412,33,267,300,1,66,0,15,138,8.495489437,131961,155,0,12551,15529,2978,431312,548687,117375,6826,8662,1836,0,86.82162605,Arch
2b0bd44cbbd5b917098c05d114c258238374e63c,816,43040,13628,29412,267,33,300,2,91,0,15,138,8.494076246,102549,764,3,15376,12691,2685,543732,436177,107555,8557,6922,1635,0,86.82162605,Arch
afba1a811db2d6686932ccea5ed4b41f5dacd1e6,0,0,0,0,0,0,0,0,0,0,0,0,0,0,765,1,0,0,0,0,0,0,0,0,0,0,100,NoArch
fb72e6cc7281aab7c54a3e143249671020d712a8,816,13613,43027,29414,33,267,300,1,66,0,15,138,8.495030807,131961,663,0,12550,15529,2979,431303,548687,117384,6826,8662,1836,1,86.82162605,Arch
156479e213f93698931e71d00fc01a1246acdb15,1,2,1,1,0,0,0,2,6,585,1,1,0,63,741,0,5,4,1,291,282,9,3,3,0,1,100,NoArch
9f7fff73652871d2db2f3c263177a11f0315e6d0,816,43038,13624,29414,267,33,300,2,91,0,15,138,8.493617585,102548,783,0,15377,12691,2686,543741,436177,107564,8557,6922,1635,1,86.82162605,Arch
75c568012b06c52be8d81c64268eeeb700234365,1,3,2,1,0,0,0,3,8,2,1,1,0,63,766,2,5,5,0,252,252,0,3,3,0,1,100,NoArch
148a2a0437c22c57e1c4074b0ebcebb6b39d8424,816,13613,43028,29415,33,267,300,1,66,0,15,138,8.495102261,131963,664,1,12551,15530,2979,431312,548696,117384,6826,8662,1836,1,86.82162605,Arch
6641ef3ae7e76d672700f6fc7e862b3fa8e12713,816,43039,13624,29415,267,33,300,2,91,0,15,138,8.493689047,102548,767,2,15377,12691,2686,543741,436177,107564,8557,6922,1635,0,86.82162605,Arch
b043ebef4e44427c8231789e2a2a6d85257acd53,1,6,4,2,0,0,0,6,16,892,1,1,0,461,768,1,68,68,0,2127,2129,2,13,13,0,0,100,NoArch
0d289b7c0cc5051510d46d067993d94fd060233c,1,1,3,2,0,0,0,3,9,417,1,1,0,110,769,2,0,0,0,195,195,0,0,0,0,0,100,NoArch
9b9766d0341441619afbb9622ff96ec127143542,1,15,0,15,0,0,0,3,9,605,1,1,0,157,770,3,11,10,1,921,786,135,10,9,1,1,100,NoArch
e2b561e12bc2efe68286cd282faa636874522dbf,1,0,1,1,0,0,0,2,5,900,1,1,0,164,771,3,13,13,0,483,483,0,6,6,0,0,100,NoArch
78cf4b1ac1bb251676f0037b303064930d79937c,4,101,3,98,1,0,1,2,63,328,1,3,1.764425229,2358,772,4,285,274,11,8266,7957,309,164,158,6,1,99.98236643,NoArch
9d53c53dc81aa17cef18c86131cd37c57b91392b,2,20,1,19,0,0,0,5,64,105,1,1,0.453716339,2853,773,5,336,334,2,9550,9510,40,215,213,2,1,100,NoArch
72cee90f7a6b5bc8109fc97ca69bf4939a22fd50,2,2,2,0,0,0,0,5,65,0,1,1,1,2872,774,6,336,336,0,9550,9550,0,215,215,0,0,100,NoArch
a92fb28d75f92b6fe4584b2b49d8b802464c839d,2,6,4,2,0,0,0,5,66,0,1,1,1,2872,775,7,336,336,0,9550,9550,0,215,215,0,0,100,NoArch
87f75b2de77aa57c4e708cee181725ade8227ca4,7,384,143,241,2,1,3,6,15,278,2,2,2.200438137,891,776,8,176,147,29,4878,3874,1004,89,79,10,1,95.93213984,Arch
af2dcc79652eb597c4d3662153ea5fc61b89a4c0,0,0,0,0,0,0,0,0,0,0,0,0,0,0,161,0,0,0,0,0,0,0,0,0,0,0,100,NoArch
8786dbf593783f2b866b77ba2e4164df77e579e5,1,13,0,13,0,0,0,3,9,646,1,1,0,197,162,1,13,12,1,644,625,19,9,8,1,0,100,NoArch
f27715bcd9600d909bf63ee446c6f15fa8261b90,0,0,0,0,0,0,0,0,0,0,0,0,0,0,163,2,0,0,0,0,0,0,0,0,0,0,100,NoArch
7fe3d964feb0eb7b30598fb00b6d9d857de5acdb,823,13690,43492,29802,33,269,302,1,66,1,15,139,8.512784998,133530,742,0,12706,15729,3023,436038,554927,118889,6882,8738,1856,1,86.53909601,Arch
415f35b2081321db85bcc9f2d382c74887b9aa06,823,43502,13700,29802,269,33,302,2,91,2,15,139,8.511257039,103728,784,0,15576,12846,2730,549972,440903,109069,8633,6978,1655,0,86.53909601,Arch
12dba4d65c6981324df39bc1b454927a197ec896,2,7,7,0,0,0,0,5,55,246,1,1,0.985228136,1644,785,1,275,268,7,8080,8025,55,97,97,0,0,100,NoArch
3965f2c34d5eb1de0e3d3ddfb4003b446ff9c1da,2,73,57,16,0,0,0,4,11,607,1,2,0.363046454,1912,786,2,130,127,3,10604,10555,49,71,71,0,1,100,NoArch
421b911da29d6fc4fe82bbea5c182c8fe2a7b89a,1,3,1,2,0,0,0,2,6,305,1,1,0,269,787,3,16,16,0,1210,1201,9,9,9,0,0,100,NoArch
70706ef20a28cf366b79c6e232111f8265c0dd61,1,9,1,8,0,0,0,3,5,272,1,1,0,304,788,4,13,13,0,1699,1706,7,12,12,0,1,100,NoArch
21211dd6a1f15d9f46502b2d90fab3e1b2337527,1,20,8,12,0,0,0,3,13,259,1,1,0,680,789,5,121,122,1,3621,3674,53,51,51,0,0,100,NoArch
800cab1b3e184cfa7ffb285373de311306f53e42,1,1,1,0,0,0,0,3,10,30,1,1,0,210,164,3,13,13,0,644,644,0,9,9,0,0,100,NoArch
dc8cd476694af283e8fd0e80234b2c324cac4f22,823,13745,43572,29827,33,269,302,1,66,1,15,138,8.514688162,133592,156,0,12727,15758,3031,436646,555569,118923,6884,8739,1855,0,86.53909601,Arch
8f8ff58f8ce0b3b117ac9dbf68aac1811b36e605,823,43583,13756,29827,269,33,302,2,91,3,15,138,8.51328972,103765,790,6,15605,12867,2738,550614,441511,109103,8634,6980,1654,0,86.53909601,Arch
b852dc87fc1c2fbed98c6711fe562e2689384077,1,31,14,17,0,0,0,2,7,584,1,1,0,98,777,0,14,10,4,455,394,61,4,4,0,1,99.93986771,NoArch
8ec100f56413891c3f541d2fcfa750f9f7591365,3,49,0,49,0,0,0,2,19,277,1,3,1.397632172,973,791,7,126,119,7,5048,4718,330,93,91,2,0,100,NoArch
0eae2880cc53a7c19079eabe3be99278f14865c8,6,112,36,76,2,0,2,2,37,413,1,5,2.129396364,2403,778,1,250,245,5,7203,7145,58,131,128,3,1,99.92976824,NoArch
a6cb80ceb0a90853c4b4f040f2828bdf1dfdcb94,1,78,70,8,0,0,0,2,14,327,1,1,0,181,779,2,25,25,0,753,729,24,11,11,0,1,100,NoArch
45f6a87244ff0ffc0e70d7f1db33f10f21b42c12,1,5,1,4,0,0,0,3,10,249,1,1,0,93,780,3,9,9,0,452,416,36,2,2,0,0,100,NoArch
5cb94193734ac76f2370630d87f20396fbd3b407,1,11,4,7,0,0,0,3,4,310,1,1,0,107,781,4,15,13,2,456,433,23,5,5,0,1,100,NoArch
2d3106f56e39baabb14739eb12fa0b41055596cb,1,8,1,7,0,0,0,2,5,57,1,1,0,183,782,5,27,26,1,834,794,40,12,12,0,1,100,NoArch
aa1aa58caa992ac48cc1896042a95f8ebd10e693,18,379,374,5,0,0,0,2,7,528,1,11,2.071355301,3406,783,6,271,271,0,17678,17150,528,128,128,0,0,100,NoArch
7230da33c6e35133ef2c8c78fbe7151159bb6be5,1,1,1,0,0,0,0,2,4,0,1,1,0,154,784,7,19,19,0,732,731,1,5,5,0,0,100,NoArch
33be9eb4b1a1d9728f41f3674548894bccbe689c,0,0,0,0,0,0,0,0,0,0,0,0,0,0,785,8,0,0,0,0,0,0,0,0,0,1,100,NoArch
b19f17c96b3636369e394738b72638c9fa1da831,9,40,31,9,0,0,0,2,8,445,1,7,2.662260879,1857,786,9,136,136,0,8687,8611,76,80,80,0,0,100,NoArch
acc3ca79f8ca4dd05308c4d54467af5c900a1e11,4,633,606,27,0,0,0,2,10,434,1,3,1.378281748,1462,787,10,275,275,0,7057,6963,94,135,135,0,0,100,NoArch
4161819944641cebd15b015c3a06aaa55aded4a8,835,13982,44021,30039,33,271,304,1,66,1,15,139,8.544325712,135563,157,1,12874,15924,3050,444640,564834,120194,6964,8824,1860,1,86.42369522,Arch
4474eb8a1b3e376af5ad14a5a69e7bcc97480f23,835,44029,13993,30036,271,33,304,2,91,9,15,139,8.542839363,105524,165,1,15771,13014,2757,559879,449505,110374,8719,7060,1659,1,86.42369522,Arch
28e6453badf0c779a514eb00c0bd2114411f5ae8,1,21,17,4,0,0,0,4,38,2,1,1,0,1889,788,11,156,156,0,4639,4639,0,92,92,0,1,100,NoArch
8b8c268a372cc27a3f565ccc4d47b217bc70aae2,0,0,0,0,0,0,0,0,0,0,0,0,0,0,789,12,0,0,0,0,0,0,0,0,0,0,100,NoArch
8a4fcd193463d14bf7ea90e7b7e9b462c355099d,0,0,0,0,0,0,0,0,0,0,0,0,0,0,166,2,0,0,0,0,0,0,0,0,0,0,100,NoArch
67310ad7dd42dcf84bc7694cbaffb5d195082aad,7,165,103,62,3,0,3,1,12,411,1,1,2.249557487,566,790,13,56,54,2,1944,1851,93,39,37,2,0,99.92984566,NoArch
e5a41a148acdaa3fdc535667ed88b25b18e56997,841,14136,44168,30032,33,271,304,1,66,2,15,139,8.55576108,135985,158,2,12917,15967,3050,445940,566134,120194,6994,8854,1860,1,86.44160985,Arch
20ee10ed77e4302076c7b579fd84d799b2db1b06,0,0,0,0,0,0,0,0,0,0,0,0,0,0,159,3,0,0,0,0,0,0,0,0,0,0,100,NoArch
8f764144143ab687c5958d930ff14e9e89574a93,841,44181,14149,30032,271,33,304,2,91,12,15,139,8.554683809,105953,51,0,15814,13057,2757,561179,450805,110374,8749,7090,1659,1,86.44160985,Arch
6fcaaaed925448d7df49e874a9daa89fd93e3443,841,14136,44168,30032,33,271,304,1,66,2,15,139,8.55576108,135985,35,0,12917,15967,3050,445940,566134,120194,6994,8854,1860,1,86.44160985,Arch
78761dde4e1f462c08cb228e71b4854624796eb7,841,44181,14149,30032,271,33,304,2,91,12,15,139,8.554683809,105953,791,14,15814,13057,2757,561179,450805,110374,8749,7090,1659,0,86.44160985,Arch
dca58fa68c292532c1a5a18dadf2565c126a2568,1,86,65,21,0,0,0,3,3,630,1,1,0,116,167,3,8,7,1,434,370,64,3,2,1,3,99.97996795,NoArch
a0ba87b100cd82c35c3ae7a8a6c305ddb84ad654,1,34,0,34,1,0,1,1,1,0,1,1,0,0,792,15,1,0,1,71,0,71,1,0,1,1,99.97997196,NoArch
fa5e0a0e1596102bb293b10eb3dc47ca42fb97f2,1,0,34,34,0,1,1,1,2,277,1,1,0,34,793,16,0,1,1,0,71,71,0,1,1,1,99.97997196,NoArch
4d1a176784e1c5fd3f5302fb9371a42947e4c736,1,8,9,1,0,0,0,3,32,344,1,1,0,255,394,0,46,46,0,1406,1409,3,20,20,0,0,100,NoArch
ebcf2202fe87b9783a86e89886c3ea3ff5d66c70,5,45,35,10,0,0,0,2,23,298,1,1,2.194762463,1017,395,1,190,189,1,5398,5357,41,94,95,1,0,100,NoArch
4e0ee66db1cebf12931ac6225e2c82c9bf637ef1,1,3,3,0,0,0,0,3,6,973,1,1,0,76,0,0,8,8,0,153,153,0,8,8,0,1,100,NoArch
a9223e42ebc04d420b2e62e9e57450408ee9f513,849,14390,44413,30023,35,272,307,1,66,2,15,139,8.574331874,136980,160,4,13058,16120,3062,450233,570867,120634,7062,8925,1863,1,86.34714741,Arch
0ef421d14ab9b43dbcfc8d10588d55b33ca4b038,846,44288,14265,30023,271,34,305,2,91,13,15,139,8.562130404,106792,168,4,15943,13188,2755,564977,454695,110282,8813,7156,1657,0,86.38012532,Arch
fae5c5fd291be66000512f9c2da810dffc1e0dad,3,42,7,35,1,0,1,3,4,560,1,3,1.335236522,170,169,5,19,17,2,741,644,97,12,11,1,1,99.95994793,NoArch
34a8028770e6bef549ee4466a8980c7e85aa7127,2,135,31,104,0,0,0,3,3,473,1,2,0.922259647,210,170,6,25,16,9,1369,940,429,16,10,6,1,100,NoArch
76f573754b28e8e77ec931dd76ce00ad555d44ec,3,166,51,115,0,0,0,3,4,102,2,3,1.177449424,453,396,2,54,40,14,2650,2002,648,27,25,2,0,100,NoArch
9c2f043a6536e72313c5c35abe226ed219ae5c73,0,0,0,0,0,0,0,0,0,0,0,0,0,0,397,3,0,0,0,0,0,0,0,0,0,0,100,NoArch
7993aae794cb9ac6195262fc58038bf85800a1c8,1,5,0,5,0,0,0,1,2,405,1,1,0,52,398,4,4,3,1,216,191,25,4,3,1,0,100,NoArch
b38ec0ad034d1ac156c214462cf21d62135924b1,1,7,3,4,0,0,0,2,5,6,1,1,0,147,399,5,17,16,1,647,640,7,11,10,1,0,100,NoArch
2b84b2622f048d3b3adffce2f8c5b6ef727ad4b0,1,0,1,1,0,0,0,3,33,314,1,1,0,385,794,17,60,60,0,2016,2025,9,22,22,0,1,100,NoArch
f3c6b7fff9c609efe9d71e9b7327cc5631838a22,0,0,0,0,0,0,0,0,0,0,0,0,0,0,795,18,0,0,0,0,0,0,0,0,0,1,100,NoArch
f09dcd932d3afec38bf4b9b225849705149e665e,0,0,0,0,0,0,0,0,0,0,0,0,0,0,796,19,0,0,0,0,0,0,0,0,0,1,100,NoArch
fccb3cc2b075eff4b540f26adaf4f86c28579846,1,16,1,15,0,0,0,1,2,87,1,1,0,222,797,20,32,30,2,997,921,76,14,12,2,1,100,NoArch
e7ca8823922dfbd3045356a7fddff9441393ab94,3,20,13,7,0,0,0,6,17,373,1,1,0.851001315,1109,798,21,192,188,4,5059,5034,25,61,61,0,1,100,NoArch
955ceceea8e5fa5fa92104dc024396c5b2a3d81c,1,29,2,27,0,0,0,6,17,96,1,1,0,463,799,22,73,68,5,2324,2127,197,14,13,1,1,100,NoArch
0112df56054a984df0afcf0ead39075d376160a1,1,18,0,18,0,0,0,3,6,988,1,1,0,93,400,6,25,11,14,329,188,141,13,11,2,0,100,NoArch
2681bb89eea69d5400c6c7b3696e037d872288fe,5,116,38,78,0,0,0,2,22,201,1,3,1.390846459,1507,401,7,253,241,12,8462,8016,446,117,110,7,0,100,NoArch
8842445fe472180630fea1a4c25867edc6fd8596,1,2,1,1,0,0,0,4,18,0,1,1,0,355,800,23,69,69,0,1688,1673,15,18,18,0,1,100,NoArch
149fffda77a77082960dac790af61c5237fd95b3,1,12,1,11,0,0,0,2,8,358,1,1,0,137,801,24,24,22,2,611,580,31,9,9,0,0,100,NoArch
626cdf527abc1f86fa9a59b6c43353e3d766d294,0,0,0,0,0,0,0,0,0,0,0,0,0,0,802,25,0,0,0,0,0,0,0,0,0,0,100,NoArch
db51eba74f40c2d8e27ec17babb4ad470257b72c,0,0,0,0,0,0,0,0,0,0,0,0,0,0,803,26,0,0,0,0,0,0,0,0,0,0,100,NoArch
d36c0d4de7d75e455536cba19d0acb378497d6ae,70,867,854,13,0,0,0,3,33,542,1,36,3.151773073,21019,402,8,2587,2585,2,105919,105469,450,1201,1198,3,1,100,NoArch
5d41efce6a605d61c55f4f2bf1b5ee1611522bcb,4,9,11,2,0,0,0,3,5,996,1,3,1.021928095,430,403,9,48,48,0,1655,1669,14,25,25,0,1,100,NoArch
b266786728eef1c0ae132d8f7beec57b5e5a8aaa,4,20,12,8,0,0,0,2,6,894,1,2,1.811278124,854,404,10,114,114,0,4453,4385,68,29,29,0,1,100,NoArch
f50bf9cea057597e3e232e416f3a90d13f285a92,4,2,5,3,0,0,0,2,3,700,1,1,1.950212065,950,405,11,155,153,2,5125,5146,21,72,72,0,1,100,NoArch
2256ec03b40e2604a3067522bbdbc41c542c86e7,5,17,17,0,0,0,0,2,11,660,1,2,1.726347224,1552,406,12,266,265,1,5904,5895,9,141,141,0,1,100,NoArch
702b13be278f0f1ad52ea7c7f95e750a0b9bfad8,2,3,3,0,0,0,0,3,10,502,1,1,0.918295834,569,407,13,81,81,0,2514,2511,3,20,20,0,1,100,NoArch
cb32fd2aa440da740ba5b062e12209ef15111b9a,2,2,1,1,0,0,0,2,5,828,1,1,0.918295834,414,408,14,63,63,0,1757,1748,9,35,35,0,1,100,NoArch
f95552b62157eb52f266c28fe6fd714604177398,1,7,14,7,0,0,0,5,67,98,1,1,0,2095,409,15,231,232,1,6854,6875,21,139,140,1,0,100,NoArch
0b769eee01859cd16e3cf418f10ff533d681303a,1,2,2,0,0,0,0,5,40,98,1,1,0,779,410,16,104,104,0,2679,2675,4,75,75,0,0,100,NoArch
1623820bf1ae10e56f147a9dd039f01249412116,1,0,1,1,0,0,0,3,15,98,1,1,0,198,411,17,40,40,0,811,817,6,17,17,0,0,100,NoArch
0e0b6b731cfaddcc6b8d1a07ba8ee82f11de72b2,1,4,12,8,0,0,0,2,2,840,1,1,0,89,412,18,4,4,0,218,263,45,2,2,0,0,100,NoArch
8f85fdc36c4d395e15eb1fd8c7590381b7f5127e,1,7,7,0,0,0,0,5,10,289,1,1,0,135,413,19,23,23,0,407,407,0,16,16,0,0,100,NoArch
b484eeb595106face28adec050927dd7d7b00bf5,2,2,2,0,0,0,0,2,4,998,1,1,1,98,414,20,6,6,0,220,218,2,6,6,0,0,100,NoArch
2bed73b2f1561046bf97e88db2301571ce638372,1,1,2,1,0,0,0,6,92,269,1,1,0,1688,415,21,269,269,0,6975,6984,9,141,141,0,0,100,NoArch
bc281a209e81be06e9bebe6c34bd0bbf0e9938f6,1,5,3,2,0,0,0,2,3,2,1,1,0,103,416,22,12,10,2,386,374,12,4,4,0,0,100,NoArch
98cd515fff69a930164df0a4f03e69f720362522,1,10,10,0,0,0,0,4,38,290,1,1,0,1240,417,23,215,214,1,6763,6744,19,85,85,0,0,100,NoArch
8068c5e1551bed9e0003806cb7b463bd1c058473,1,1,1,0,0,0,0,4,35,519,1,1,0,511,418,24,78,78,0,3516,3516,0,33,33,0,0,100,NoArch
f6e1ac7f979baff434d2ff06f5d2e562becc8a45,1,11,4,7,0,0,0,4,19,664,1,1,0,535,804,21,105,102,3,2541,2515,26,31,30,1,0,100,NoArch
8a5387f6adde99cf80796629395925bae2b9c9bc,1,2,1,1,0,0,0,4,19,317,1,1,0,407,805,21,66,66,0,1408,1394,14,34,34,0,0,100,NoArch
8a0157a506997d8be5b2fd371ab5019b76e45992,1,6,4,2,0,0,0,4,20,0,1,1,0,408,806,22,66,66,0,1414,1408,6,34,34,0,0,100,NoArch
a3e382199cd45169ebad5c2c1544d67ac7314412,53,299,240,59,0,0,0,3,93,301,1,25,4.88906509,18912,419,25,3042,3028,14,86397,86157,240,1442,1436,6,0,100,NoArch
b56197408a2475cea7c7940323535ad3e3b3fbdf,1,0,6,6,0,0,0,4,7,341,1,1,0,95,420,26,8,8,0,348,398,50,6,6,0,0,100,NoArch
ec6e6a55a7477dc67d7dc4cd42f9caa64f8de654,12,497,93,404,2,0,2,3,94,260,1,3,3.257749758,3447,792,0,571,511,60,16625,15084,1541,289,242,47,1,95.67241852,Arch
eb9f1d02c727c7ce5cb5980a7370ab591b82c37a,902,14381,45292,30911,34,274,308,1,66,2,15,145,8.644666549,148525,36,0,14424,17626,3202,502422,627078,124656,7679,9619,1940,1,86.50501838,Arch
56be6b93d3ef52270e5ea4e889dc506188f430d5,903,45314,14394,30920,274,34,308,2,94,47,15,145,8.644556436,117702,807,13,17483,14577,2906,622531,507811,114720,9516,7780,1736,0,86.50501838,Arch
08b638da13f8efafd53bbd6c2570663ead88373e,903,14325,45237,30912,34,274,308,1,66,2,15,145,8.644502104,148622,37,1,14435,17638,3203,502873,627578,124705,7683,9623,1940,1,86.50501838,Arch
dd1d6601492e3d16a22e7de3d3762f0663dc83e3,907,45735,14342,31393,277,34,311,2,94,48,15,145,8.656902564,117822,421,26,17552,14586,2966,624599,508203,116396,9547,7788,1759,0,86.45347105,Arch
bb4a890b7a80c42709ee86983a972437cc7574d4,908,14326,45719,31393,34,277,311,1,66,3,15,145,8.658245169,149460,38,2,14482,17745,3263,504278,630683,126405,7709,9672,1963,1,86.45347105,Arch
7029d9b058282cd114afcf52fede7b7dd168f434,907,45735,14342,31393,277,34,311,2,94,48,15,145,8.656902564,117822,52,0,17552,14586,2966,624599,508203,116396,9547,7788,1759,1,86.45347105,Arch
5f30e418cb6884dd110c4fb771f9a562162522af,1,98,0,98,1,0,1,1,1,0,1,1,0,0,422,26,17,0,17,384,0,384,5,0,5,0,99.95809236,NoArch
cbaa58b5087acb16584bbd2fd383d519e46748c7,5,133,80,53,0,0,0,3,68,285,1,1,1.4964142,5296,423,27,623,607,16,16995,16570,425,314,311,3,0,100,NoArch
791d78bc64def507b84ec4f0b12512182c53ee1d,1,11,1,10,0,0,0,2,6,540,1,1,0,79,424,28,6,5,1,168,147,21,6,5,1,0,100,NoArch
4b7e5c914bae8ea80229d525780e0d47dac47cde,1,94,0,94,1,0,1,1,1,0,1,1,0,0,425,29,10,0,10,406,0,406,6,0,6,0,99.96649074,NoArch
82ce164d7a95111d976dec747331c8f7e2536537,1,1,2,1,0,0,0,4,8,15,1,1,0,89,426,30,7,8,1,342,348,6,6,6,0,0,100,NoArch
f1240b2e72867072e74cd46cd0be0f9925674de3,2,168,0,168,2,0,2,1,1,0,1,2,0.738284866,0,427,31,18,0,18,686,0,686,11,0,11,0,99.96651038,NoArch
c7469c433cfd00019656b3a5ff6cdcd24ca128bc,7,40,1,39,0,0,0,3,36,475,1,5,2.741493932,1850,428,32,327,321,6,7542,7455,87,142,136,6,0,100,NoArch
25a252f34868fa58b3cb9207e8f91a44e720e8e7,16,253,184,69,0,0,0,2,95,321,1,6,2.855810321,7007,429,33,1140,1121,19,32079,31789,290,678,664,14,0,100,NoArch
0b95f87db07da0bb4edce8d83d75ea8fbdf30c36,1,3,3,0,0,0,0,2,11,17,1,1,0,110,430,34,22,22,0,394,394,0,14,14,0,0,100,NoArch
b0538fcc669a3e872e0037d66744b28fdcc6ebeb,0,0,0,0,0,0,0,0,0,0,0,0,0,0,808,14,0,0,0,0,0,0,0,0,0,1,100,NoArch
241971a13388a39b282472968f7d2ab433b82242,1,2,4,2,0,0,0,4,41,2,1,1,0,1243,431,35,216,216,0,6736,6742,6,85,85,0,0,100,NoArch
4757541f960330a11b6dc158006912a70fdfb68f,1,7,1,6,0,0,0,6,96,2,1,1,0,1696,432,36,269,269,0,7052,6990,62,143,143,0,0,100,NoArch
94f3e17d7b2b21d2db5722fd4ed4c928c2b4c671,1,35,48,13,0,0,0,3,11,18,1,1,0,221,433,37,33,33,0,971,954,17,11,11,0,0,100,NoArch
3d862f0dfb8bc097ff6a4e45e0cc25b06e498e9d,3,48,19,29,0,0,0,6,69,11,1,1,0.922691419,3866,809,15,501,497,4,13687,13612,75,267,263,4,0,100,NoArch
9840a420cf76020efda5f518b1c5f9cf854cdb0b,0,0,0,0,0,0,0,0,0,0,0,0,0,0,810,16,0,0,0,0,0,0,0,0,0,0,100,NoArch
806013ea6261f25fa1a5d29b4c8b79892ee56744,0,0,0,0,0,0,0,0,0,0,0,0,0,0,811,17,0,0,0,0,0,0,0,0,0,0,100,NoArch
677c22b4d572aba484582f1ea97c99abf9ae9546,5,448,307,141,2,0,2,1,43,75,1,1,1.846916684,3248,812,11,328,317,11,9210,8784,426,202,199,3,0,99.91637398,NoArch
44b1aa59c0f8506dbdbd168c09a2fd087594e901,1,10,0,10,0,0,0,2,6,53,1,1,0,151,434,15,19,17,2,711,647,64,13,11,2,0,100,NoArch
e34185fa0103817902b2ae43faa0bcab73643c0b,1,24,0,24,1,0,1,1,1,0,1,1,0,0,813,6,0,0,0,16,0,16,0,0,0,0,99.98329156,NoArch
073f05cc6fc87c656439d9a32b7e5f63b91c5d8a,0,0,0,0,0,0,0,0,0,0,0,0,0,0,172,0,0,0,0,0,0,0,0,0,0,1,100,NoArch
26f4d2a4133fd10e6b7bf3ebdc47e63dcdbd88d8,1,2,1,1,0,0,0,2,4,1050,1,1,0,121,173,1,13,13,0,366,362,4,3,3,0,1,100,NoArch
71a3324b93430a6b4f09fd51cca2ce5a31dc4397,1,15,5,10,0,0,0,3,5,1067,1,1,0,133,435,1,27,23,4,539,468,71,17,16,1,0,100,NoArch
3cfa0b6e4d916fd020c5d7ddc41a7b83fbb4fa91,1,6,0,6,0,0,0,2,13,417,1,1,0,264,436,2,0,0,0,358,347,11,0,0,0,0,100,NoArch
3d1fca08fe65f5f8a8cd9d10c7643387aeff246e,1,27,0,27,0,0,0,2,5,78,1,1,0,64,437,3,0,0,0,164,105,59,0,0,0,0,99.9582568,NoArch
2438ada6ade5b314016255b32fcb27f8004afbc4,4,329,122,207,2,0,2,1,2,126,1,2,1.886936867,364,438,4,68,46,22,2626,1634,992,41,24,17,0,96.90471918,Arch
993f78caac9dfb63ab2e89e1eab51ad9195eb243,2,120,116,4,0,0,0,2,16,62,1,2,0.656540281,954,439,5,155,155,0,5272,5053,219,72,70,2,0,96.96724989,Arch
83a6eff431007e259fce89905f3245669f65c8fc,13,73,51,22,0,0,0,3,97,257,1,3,3.181909278,6015,440,6,950,947,3,26044,25996,48,571,570,1,0,100,NoArch
2d5bb84a4790d75b05fde334402249511482bb56,3,211,217,6,1,0,1,6,27,468,1,1,1.511572372,933,441,7,52,55,3,4112,4114,2,33,30,3,1,99.96662495,NoArch
cfdc5e3de32b6f30068b2f6efac7dcafa0ec91c2,1,9,7,2,0,0,0,5,70,45,1,1,0,2117,442,8,238,236,2,6994,6978,16,144,144,0,0,100,NoArch
a414c20dcbab7279a168eed3d40ac3c4d342cc61,20,367,127,240,1,0,1,2,57,280,1,5,3.693639815,6006,443,9,1027,993,34,29521,28483,1038,574,548,26,4,99.41260384,NoArch
6ce8c3bf87cc2343609dfc9f7c71eadaa45488a9,2,391,48,343,1,0,1,1,58,4,1,2,0.736269273,1059,793,0,184,171,13,6880,5236,1644,70,61,9,1,99.94935854,NoArch
20364163e9a75fbacb8e8546591d254ac6fbcdf8,2,37,48,11,0,0,0,2,30,430,1,2,0.587311609,778,444,10,120,121,1,4311,4341,30,55,54,1,1,99.95777384,NoArch
3a7c673dec46b27a691ea900d0639d92544917df,7,162,122,40,0,0,0,2,71,247,1,6,2.369366476,4887,794,1,484,478,6,21542,21403,139,295,294,1,1,100,NoArch
9b5acf4fa166467b5846a810aca4ad0c976ccaf5,930,15260,48255,32995,34,289,323,1,66,3,15,147,8.707281202,152208,39,0,14612,18057,3445,507349,640838,133489,7796,9875,2079,1,86.10917074,Arch
e3a13763e6432d7a676a7c9f3ffde2bb1231ffa7,3,91,60,31,0,0,0,3,13,1083,1,2,0.909918602,761,40,1,111,112,1,3767,3792,25,51,52,1,1,100,NoArch
8f6fac7f1b8d90c2b979a989a667823df2afafd5,929,48259,15292,32967,289,34,323,2,97,55,15,147,8.706185223,119033,795,2,17874,14725,3149,634999,511487,123512,9755,7879,1876,1,86.10917074,Arch
5a3a45f0c0a7fc56e171679b42a1d21e241ab2f6,2,7,3,4,0,0,0,2,24,41,1,2,0.721928095,497,796,3,78,76,2,1969,1953,16,43,43,0,1,100,NoArch
97a591f08f01666f4e9e3fa132d74ff86abe2faa,1,9,14,5,0,0,0,4,47,12,1,1,0,678,797,4,135,135,0,3497,3534,37,71,71,0,1,95.43502614,Arch
7c94a73ba66c0ae4b1d7740a08e8ae4ec26f7c9f,1,192,50,142,0,0,0,3,11,423,1,1,0,405,798,5,102,66,36,2476,1964,512,44,26,18,1,100,NoArch
76b2a3ed8ffd70c2dd7ed7fe4cd2007f1244a6e3,1,5,0,5,0,0,0,5,36,79,1,1,0,872,799,6,151,151,0,4817,4805,12,48,48,0,1,100,NoArch
3b88ba0c47e36fd38e9112c0a5e8d296a20d7069,1,61,60,1,0,0,0,4,48,0,1,1,0,673,800,7,135,135,0,3473,3497,24,71,71,0,1,100,NoArch
6a928d5cfed0bba6e5b4c43ee795bcbd88d1d24e,1,54,41,13,0,0,0,5,59,9,1,1,0,1054,801,8,170,173,3,5247,5217,30,60,60,0,0,100,NoArch
956fe93bd2681d7b70dbd2a7645acef1ad5accff,1,1,1,0,0,0,0,3,35,20,1,1,0,385,445,10,60,60,0,2032,2041,9,22,22,0,0,100,NoArch
d56ebd842dbf3d192ab7dd0d58685d02c916d3ed,1,10,13,3,0,0,0,5,60,2,1,1,0,1067,802,9,171,170,1,5239,5247,8,60,60,0,1,100,NoArch
9d2e5418fe153b2ade3c977045d6c23430ee7ae2,1,28,1,27,0,0,0,4,10,623,1,1,0,244,803,10,36,32,4,842,786,56,25,23,2,0,100,NoArch
3b73e602335bfa26dfe164ceb10f300f10e1134b,3,18,12,6,0,0,0,2,31,40,1,3,1.241946032,959,804,11,152,152,0,5248,5200,48,72,73,1,1,94.86006172,Arch
1e3e5b722337307dcce1cc12b001658dacd04c5a,1,20,5,15,0,0,0,6,98,28,1,1,0,1716,446,11,279,271,8,7191,7085,106,145,145,0,1,100,NoArch
14180c5cb337452f4d630a5ad3d4c5a5dcfaff70,1,2,2,0,0,0,0,2,6,614,1,1,0,138,447,12,30,29,1,556,552,4,12,12,0,0,100,NoArch
50c6d9ccc8ed923768d6cf6ba41990b474d51752,1,4,0,4,0,0,0,5,20,143,1,1,0,629,448,13,111,110,1,2007,1997,10,88,87,1,0,100,NoArch
35ba427ec963c8b29401599e67c4042894a8ae69,2,274,229,45,0,0,0,5,44,13,1,2,0.259173896,2123,449,14,384,367,17,11989,11571,418,135,133,2,1,97.05570854,Arch
6013b64f97cc1952e8a53be2f1fad8242564a651,0,0,0,0,0,0,0,0,0,0,0,0,0,0,450,15,0,0,0,0,0,0,0,0,0,0,100,NoArch
13729a3690f03d25551aaafea7922f53fad6e41d,1,3,2,1,0,0,0,1,2,78,1,1,0,35,451,16,2,1,1,108,91,17,2,1,1,0,100,NoArch
eeb8d5bafc0df4684446a2024c775aa394baebae,1,1,4,3,0,0,0,3,9,101,1,1,0,218,452,17,18,18,0,1200,1227,27,13,13,0,0,100,NoArch
3a5f48d277454e548a430a6611aee5e068ba3f4e,17,128,103,25,0,0,0,2,61,369,1,9,3.578133701,5076,453,18,798,783,15,26685,26645,40,338,339,1,1,100,NoArch
ea7473170159ef6be75025292e2050071534f639,8,397,314,83,0,0,0,2,49,291,1,7,1.481120053,3463,805,12,567,571,4,16492,16425,67,304,295,9,1,100,NoArch
2d27d56e592270e8cf6453ed4399b6710fde87a8,2,15,20,5,0,0,0,2,30,415,2,2,0.970950594,734,806,13,96,97,1,2895,2926,31,45,44,1,0,100,NoArch
b97f7d847980ff91f13f87729f4ea0007ace0be0,0,0,0,0,0,0,0,0,0,0,0,0,0,0,807,14,0,0,0,0,0,0,0,0,0,0,100,NoArch
a4015755690206e1201851c933e062856079ab85,18,204,126,78,0,0,0,5,62,125,1,7,2.792959342,8501,454,19,1393,1375,18,38540,38211,329,757,743,14,4,100,NoArch
b3eb9a5e5b18645132cff539b1f6cf42cf39930f,2,12,0,12,0,0,0,3,4,146,1,2,0.650022422,393,455,20,16,16,0,3203,3051,152,6,6,0,0,100,NoArch
c07b23352cbcd60172f0ccbab3ea6747e44307fe,8,123,59,64,0,0,0,2,51,229,1,6,2.721733002,3281,456,21,529,520,9,17094,16779,315,285,279,6,1,98.84792627,NoArch
0e87c01f226e09ba3b404faf95bc97250c3316cd,1,1,1,0,0,0,0,2,7,61,1,1,0,161,808,15,19,19,0,711,711,0,13,13,0,0,100,NoArch
350a2aad7ff67122dac1a075b26aa2e7ed7c130a,6,44,19,25,0,0,0,2,25,377,1,5,1.996001758,941,457,22,145,141,4,4575,4525,50,80,76,4,1,100,NoArch
f90c62c64042a6cbf83845ff84932a7d4fdc9e54,1,1,1,0,0,0,0,3,10,432,1,1,0,155,809,16,12,12,0,515,513,2,11,11,0,0,100,NoArch
5ad47320389a2044d107c27251807277e91fbf36,2,6,1,5,0,0,0,3,48,1,1,2,0.591672779,1606,810,17,272,271,1,8096,8073,23,121,121,0,0,100,NoArch
ec6a7029c5c787fac2f6d6a68356fc3a543f8bf1,1,60,55,5,0,0,0,2,6,2,1,1,0,219,458,23,15,15,0,1022,1092,70,7,7,0,0,100,NoArch
64b8fb64f45bcfdb291806816ccc50dc0950495c,1,8,3,5,0,0,0,6,99,9,1,1,0,1731,459,24,280,279,1,7217,7191,26,145,145,0,0,100,NoArch
8b68c62249fb192f6f062180207995a6d8d4698f,0,0,0,0,0,0,0,0,0,0,0,0,0,0,811,18,0,0,0,0,0,0,0,0,0,0,100,NoArch
2728ccbb88d62fc8f187f47313804a3a2db205d8,29,335,109,226,0,0,0,1,59,335,2,15,3.934166486,7216,812,17,1012,988,24,37547,36253,1294,491,482,9,1,100,NoArch
4102accade78a78d36b1402ac369501b3971bd3d,12,1100,0,1100,12,0,12,1,1,0,1,2,3.413710339,0,814,0,106,0,106,3382,0,3382,77,0,77,0,99.69935021,NoArch
b6fad12ac61938f758d523695debfc580f535343,0,0,0,0,0,0,0,0,0,0,0,0,0,0,815,1,0,0,0,0,0,0,0,0,0,0,100,NoArch
0945e32b6ac01569d69300c80c344bfae8392cbf,6,20,16,4,0,0,0,2,100,526,1,5,2.04991769,2753,813,12,411,409,2,12402,12386,16,210,210,0,0,100,NoArch
230a86c4897e10fbc5e7384b064cc526395d47e5,1406,21014,23257,2243,0,0,0,1,101,0,1,120,8.058156963,184356,814,13,18864,18864,0,715347,716613,1266,11439,11439,0,0,95.27949055,Arch
43ba1be1883c44c0d30f7df6b669b103d51631f9,2,10,4,6,0,0,0,2,5,1,1,2,0.591672779,314,815,14,20,20,0,1810,1760,50,14,14,0,0,99.98941351,NoArch
f812e3417988e13ed638434f892cff5c4ab843ad,452,17383,17590,207,0,0,0,2,50,31,1,74,8.082285374,69811,816,15,8416,8416,0,291111,292698,1587,4579,4579,0,0,98.25140218,NoArch
74a7a8bbfc8012bf0842b1eec891a8545f9944cb,724,3525,4208,683,0,0,0,1,102,13,1,106,8.806480101,108360,817,16,11337,11336,1,433675,433457,218,6484,6483,1,0,93.01081389,Arch
fc00993839c69f86823870e06a335d035db48bb2,743,5005,4368,637,0,0,0,2,74,9,2,117,8.703515773,112960,818,16,12849,12848,1,471349,469884,1465,6851,6850,1,0,99.77326834,NoArch
1963ea400641edeed6c73783afecac4552b2dcab,3,333,0,333,3,0,3,1,1,0,1,1,0.495331033,0,53,0,34,0,34,1620,0,1620,11,0,11,0,99.92062592,NoArch
9cde47f42cefcc86dc314efe5dd4d507f7b29077,0,0,0,0,0,0,0,0,0,0,0,0,0,0,816,2,0,0,0,0,0,0,0,0,0,0,100,NoArch
ecf89a60bfd8089d1b1de5666bd2e9d5938abe8e,209,2081,1866,215,0,0,0,2,103,16,4,65,6.896535865,52186,819,14,7461,7462,1,235659,233569,2090,3691,3689,2,0,100,NoArch
5719351cb71fe3d4f8c1bd863bf91c1a7424f1ee,1,1,0,1,0,0,0,2,11,3,1,1,0,163,820,15,24,24,0,626,620,6,19,19,0,0,100,NoArch
933eb2f9e4040a3a9200b1a461dc4e004aafbf81,311,2041,1743,298,0,0,0,1,75,2,3,83,7.104043996,66269,821,16,8693,8665,28,316256,313784,2472,4671,4640,31,0,99.88676254,NoArch
5f1adbe898c2730f15f27d6806d74655505e52ae,304,1645,1706,61,0,0,0,2,19,645,15,61,6.246528188,42304,822,17,5244,5239,5,182445,182013,432,2593,2588,5,0,100,NoArch
60bb4601965eab2a27bd6863688daf39882b8546,0,0,0,0,0,0,0,0,0,0,0,0,0,0,823,18,0,0,0,0,0,0,0,0,0,0,100,NoArch
540dd5c987855fc6b0981ece021358645ae07827,213,9144,9403,259,0,0,0,2,20,51,12,49,6.664111909,33404,824,19,4396,4392,4,151957,151365,592,2135,2130,5,0,99.96600181,NoArch
df6b54240c8d4d3cf81eff26ae1f13f82cf8c0db,17,1102,35,1067,9,0,9,1,35,0,1,6,3.573391944,1604,460,4,306,201,105,10291,6711,3580,186,124,62,1,98.84241564,NoArch
13a9200e3e98cb058923cb04be9a806df32102bd,4,11,6,5,0,0,0,3,11,4,1,3,1.321606958,562,461,5,81,79,2,2452,2407,45,44,44,0,1,100,NoArch
2edbcd62981c8c5f38c99962f3a29a698f7ca2c6,0,0,0,0,0,0,0,0,0,0,0,0,0,0,462,6,0,0,0,0,0,0,0,0,0,1,100,NoArch
09f8ac55427e2c0bc31a098fc71f93fc035edc98,0,0,0,0,0,0,0,0,0,0,0,0,0,0,463,7,0,0,0,0,0,0,0,0,0,1,100,NoArch
aa87faaaacc803958f2ee643104b6cfe4befed7c,2,96,170,74,0,0,0,2,14,4,1,1,0.943429581,860,817,3,142,142,0,3046,2838,208,68,68,0,0,100,NoArch
dbbd3643930a7c09e524dee89e49f0ed1faddc2c,0,0,0,0,0,0,0,0,0,0,0,0,0,0,464,6,0,0,0,0,0,0,0,0,0,0,100,NoArch
54c8eeb8420d63228c5d0780c62eadff8a14e4cc,1,4,2,2,0,0,0,4,22,1,1,1,0,245,465,7,40,41,1,1109,1171,62,38,38,0,0,100,NoArch
141ee12e8d645c422d21a8b76b03d9b94a07ca0e,0,0,0,0,0,0,0,0,0,0,0,0,0,0,818,4,0,0,0,0,0,0,0,0,0,0,100,NoArch
232844d4622796700c069b1d305aad19cd14f8ad,0,0,0,0,0,0,0,0,0,0,0,0,0,0,819,5,0,0,0,0,0,0,0,0,0,0,100,NoArch
0576de32a79fb7a2c75cda6d0fa21f6d5a61bcf2,1,6,0,6,0,0,0,4,12,11,1,1,0,361,820,6,56,56,0,1830,1797,33,12,12,0,1,100,NoArch
926f9ce614307b621d954e8f2d14867f023cbbc2,1,19,6,13,0,0,0,1,5,14,1,1,0,163,825,14,18,18,0,692,634,58,6,6,0,0,100,NoArch
90deed42ccc3ce12a4ea911295e69913b44d0a61,1,22,8,14,0,0,0,6,32,14,1,1,0,505,826,15,32,29,3,3039,2996,43,26,24,2,0,100,NoArch
85fc6dd26782ac6976bd38674d9947d3a28471e1,0,0,0,0,0,0,0,0,0,0,0,0,0,0,174,0,0,0,0,0,0,0,0,0,0,0,100,NoArch
625cd7cdb6e503eceb70cb4f8266775c36aa448a,3,12,7,5,0,0,0,2,6,24,1,1,1.557431962,676,466,6,103,102,1,3733,3701,32,60,59,1,0,94.67005076,Arch
6d8e2c5b3a4054f537308a5be9eac9254a57a17a,77,1321,757,564,6,1,7,2,104,0,1,29,4.660277867,21958,467,7,3062,3006,56,102147,99937,2210,1616,1572,44,0,97.46152309,Arch
2b0024c269c8727084a36637f239667d25f5dfe7,14,376,288,88,0,0,0,2,105,0,1,8,2.501932404,4771,827,14,599,571,28,22391,21857,534,344,325,19,0,100,NoArch
fe6fa0479872b90becc0e537d5d4f7d03cdfa714,0,0,0,0,0,0,0,0,0,0,0,0,0,0,821,5,0,0,0,0,0,0,0,0,0,0,100,NoArch
fba074227d4b7aceee3f06320938714378ed78ea,6,165,97,68,0,0,0,3,52,28,1,2,0.966450113,3914,822,6,408,402,6,13641,13820,179,190,185,5,0,100,NoArch
960f4a7706ca4fdae9a51df5578089e8cba0f891,1892,57087,91749,34662,36,321,357,1,66,0,16,185,9.844158206,243630,41,0,22637,26512,3875,833738,983955,150217,12990,15352,2362,1,84.73917869,Arch
d97054b1c236b152cf3503b2e0eb61b9dd6b3a72,1892,92141,57479,34662,321,36,357,2,105,0,16,185,9.837074538,208968,54,1,26443,22709,3734,981525,836225,145300,15294,13049,2245,1,84.73917869,Arch
5a5056e73b851c6990a6f4e1bf5a16eb83efa82f,10,535,0,535,6,0,6,1,1,0,1,1,2.537928303,434,823,7,134,58,76,3689,1639,2050,78,32,46,0,99.71498371,NoArch
3cd1e6c73feef41c5a4a0e8fc548fc351f86fd90,1,42,32,10,0,0,0,4,57,11,1,1,0,680,468,8,140,138,2,3660,3634,26,72,72,0,0,100,NoArch
eba0ae3c7bc13e30ceb8f341ad3916b921cae36a,1,230,0,230,1,0,1,1,1,0,1,1,0,0,469,3,16,0,16,781,0,781,7,0,7,1,99.9796748,NoArch
0a52fe728962f773d620b7f205dacf103599480e,12,121,15,106,0,0,0,2,106,37,1,9,2.85564662,4956,828,1,806,783,23,24571,24044,527,414,406,8,0,99.96951529,NoArch
1195ae751c69dd8bd4a5e797c6300ccd97fe6ee6,1,3,0,3,0,0,0,4,58,30,1,1,0,690,470,2,141,140,1,3681,3660,21,72,72,0,0,100,NoArch
c6301c37a82a76011d5632b180e8f6e0867e819f,0,0,0,0,0,0,0,0,0,0,0,0,0,0,10,0,0,0,0,0,0,0,0,0,0,0,100,NoArch
ec2cfc5fd0e030795efdccca87afc2ea59e4bf2a,1,1,1,0,0,0,0,2,19,76,1,1,0,280,471,3,52,52,0,1722,1722,0,19,19,0,0,100,NoArch
197845c0466575c9018bfac1b86e4d5c8b4d38f2,1901,57209,92569,35360,38,328,366,1,66,0,16,185,9.855107203,244514,743,0,22659,26668,4009,834501,988331,153830,13001,15436,2435,0,84.61964345,Arch
0d0dd4587dea3e49d5976ddecf34c81c256e5ea2,1901,92962,57602,35360,328,38,366,2,106,0,16,185,9.848101197,209154,472,4,26561,22768,3793,984930,837975,146955,15355,13083,2272,0,84.61964345,Arch
65454017fce53f2e5a3d07577e4ba8499c0d68ca,1,4,2,2,0,0,0,2,39,17,1,1,0,576,473,5,103,103,0,3453,3433,20,47,47,0,0,100,NoArch
9e61ade946a7e348583de6570213224cdf7fe525,1,2,1,1,0,0,0,2,5,78,1,1,0,103,829,1,15,15,0,438,425,13,6,6,0,0,100,NoArch
642d38cd8ca74e4fdc70de0fc4d28f3997d4752c,2,13,0,13,0,0,0,4,36,74,1,2,0.961236605,646,830,2,98,95,3,2474,2393,81,55,54,1,1,100,NoArch
1301501a0ae61f0e076f86f9db9a0fee32bf1d5a,1,35,37,2,0,0,0,2,2,21,1,1,0,230,831,3,15,16,1,914,781,133,7,7,0,1,100,NoArch
838e9a42b418ca723e815a122497fa7fce597c3c,3,3,0,3,0,0,0,2,17,21,1,3,1.584962501,1062,832,4,164,164,0,5097,5067,30,88,88,0,0,100,NoArch
b81dd2886e791ffc0fdf6ac3571b8a83830e6546,2,12,13,1,0,0,0,2,21,44,1,2,0.989587521,376,833,5,66,65,1,2055,2000,55,30,30,0,0,100,NoArch
222daf2323cbb6d98b6bd7ed31d886b0c58cfdfa,3,14,3,11,0,0,0,4,107,41,1,2,1.332820405,3232,834,6,530,527,3,14855,14788,67,239,239,0,1,99.89847716,NoArch
b732d3d1148be26d2d2de9fda252a6c055c2306b,4,48,17,31,0,0,0,2,26,55,1,4,1.416368719,1108,835,7,150,144,6,3656,3497,159,113,110,3,0,100,NoArch
5f968392593ca773a949c1bbdf1537cb0a3af5c0,13,1086,0,1086,13,0,13,1,1,0,1,2,3.524834825,0,836,8,77,0,77,4741,0,4741,58,0,58,0,93.50850077,Arch
a69c3e78c5b29dae72a30f193044f087f9213e62,1,23,29,6,0,0,0,4,14,92,1,1,0,70,837,9,7,7,0,229,284,55,6,5,1,0,100,NoArch
cfe8b632b14b35f3a591ba46e3e4a9ed481f1280,0,0,0,0,0,0,0,0,0,0,0,0,0,0,838,10,0,0,0,0,0,0,0,0,0,0,100,NoArch
84da202a7ae719d859226453d2acc93b99fe94ba,0,0,0,0,0,0,0,0,0,0,0,0,0,0,839,11,0,0,0,0,0,0,0,0,0,0,100,NoArch
8e33f646c63e32f95dc8063f7fdab6a8a1e9a1e6,0,0,0,0,0,0,0,0,0,0,0,0,0,0,840,12,0,0,0,0,0,0,0,0,0,0,100,NoArch
5829d7045ce48eb30b8397dd5c7d2beb348068e8,2,12,6,6,0,0,0,4,53,58,1,1,0.99107606,2898,824,0,332,330,2,8998,8932,66,142,142,0,0,100,NoArch
696b34a01dc0cf27740ac4fc1b766deb28122664,1,4,22,18,0,0,0,2,2,10,1,1,0,75,825,1,5,8,3,147,213,66,4,7,3,0,100,NoArch
a98333a19acfb3c3fe0c0c17df056d902405d076,1,4,4,0,0,0,0,3,10,95,1,1,0,189,474,5,15,15,0,921,931,10,5,5,0,0,100,NoArch
6b7055afc8e544c673ebdb9f819f4b8ca5105bf0,1,1,2,1,0,0,0,3,26,113,1,1,0,286,475,4,50,50,0,1125,1147,22,27,27,0,0,100,NoArch
417fcd7f1940164c42473e0b63759f46e12175ec,1,6,3,3,0,0,0,2,4,40,1,1,0,238,476,2,17,17,0,1025,994,31,9,9,0,0,100,NoArch
4d01443fa765f1655d6e11c023bf319db303376a,1,103,110,7,0,0,0,5,67,40,1,1,0,1073,477,3,175,173,2,5272,5330,58,60,60,0,0,100,NoArch
00895cecc1a8517f25b290a0431de0413187fdf9,0,0,0,0,0,0,0,0,0,0,0,0,0,0,841,10,0,0,0,0,0,0,0,0,0,0,100,NoArch
8032375531d8f3bac8e3454be42987d61c04afcf,0,0,0,0,0,0,0,0,0,0,0,0,0,0,20,0,0,0,0,0,0,0,0,0,0,1,100,NoArch
54d24ad3bfab7feae64ccd1d758a1d7fe491b6ac,1,3,1,2,0,0,0,1,2,39,1,1,0,81,842,10,5,5,0,368,343,25,5,5,0,0,100,NoArch
c8666f89dc3f69129ad785bfca69251e5a2ae06a,1,1,2,1,0,0,0,1,2,39,1,1,0,59,843,11,3,3,0,283,294,11,3,3,0,0,100,NoArch
b7b929d90f6a8785649f767664ed497e2511672c,1,0,38,38,0,1,1,2,5,128,1,1,0,38,844,12,0,1,1,0,72,72,0,1,1,0,99.97576932,NoArch
01bdc524e7950ca31f6258091d67e18f7f1cfbae,5,53,28,25,0,0,0,3,55,114,1,4,1.510067787,2298,845,13,367,362,5,11822,11680,142,168,166,2,0,100,NoArch
2b063efafa0b490b477ecd0c4f066c75b042ed58,1,15,6,9,0,0,0,2,20,104,1,1,0,292,478,4,57,55,2,1332,1310,22,24,24,0,0,100,NoArch
d48322690fcad77c6ff557899000278c5bab3824,1,21,0,21,0,0,0,5,49,138,1,1,0,803,826,0,110,107,3,2795,2740,55,80,78,2,1,100,NoArch
8cad176f68d505594d8c25d106e5407b41b20a89,1,3,2,1,0,0,0,3,11,17,1,1,0,174,827,1,28,28,0,831,812,19,14,14,0,0,100,NoArch
42b768aa1f5095419b7e25ee669f301b2b57f889,8,320,34,286,3,0,3,1,108,61,1,3,2.10440647,2017,828,2,342,313,29,9380,8343,1037,187,168,19,1,99.8305495,NoArch
a395b872c18bce29c6bcf8cf5cf7dcb0c302be6a,0,0,0,0,0,0,0,0,0,0,0,0,0,0,829,3,0,0,0,0,0,0,0,0,0,0,100,NoArch
e21587fb9ea7a2bef0a5b7ce9909acb6c1db94ea,0,0,0,0,0,0,0,0,0,0,0,0,0,0,846,5,0,0,0,0,0,0,0,0,0,0,100,NoArch
9709e4bd75211a741f733749daf8f25940d2112f,0,0,0,0,0,0,0,0,0,0,0,0,0,0,847,6,0,0,0,0,0,0,0,0,0,0,100,NoArch
19a83ae3cb32ef0b56bad234ca08a9427b27dbdb,15,32,970,938,0,9,9,1,37,130,1,5,3.341394029,2284,479,4,174,267,93,5645,8902,3257,98,149,51,1,99.64810096,NoArch
16556f17aaf2b98e7d364627cefae35d91e26671,1909,57393,93241,35848,40,336,376,1,66,0,16,186,9.86253107,245002,744,0,22659,26715,4056,834503,991896,157393,13001,15470,2469,0,81.96202532,Arch
3d024d6b4f6f72b5d731d3242699d5325160ca43,1909,93623,57768,35855,336,40,376,2,108,0,16,186,9.856021626,209154,847,6,26598,22774,3824,988081,838286,149795,15386,13086,2300,0,81.96202532,Arch
7bd8fb67543caab3273eb1eb2416d389296a0fbd,3,11,1,10,0,0,0,3,13,99,1,2,1.188721876,940,848,7,130,129,1,4529,4422,107,87,87,0,0,100,NoArch
19f9722445c1a13e225eb2689a5c9bf5bf6170b5,1,4,8,4,0,0,0,3,12,138,1,1,0,74,849,8,7,8,1,314,346,32,5,5,0,0,99.9756454,NoArch
53c4e125f6790a9283687118e03567514f37d845,15,493,97,396,2,0,2,1,64,120,1,7,2.214403067,2825,850,9,433,408,25,14410,12931,1479,196,185,11,1,99.36473691,NoArch
6aa4bcad5b7e3524431ae3aaaae940113535a09a,2,6,6,0,0,0,0,2,6,160,1,2,0.918295834,145,480,4,21,21,0,554,539,15,9,9,0,0,100,NoArch
595d95b3da48ae5e366f0668415333c2ed8f9275,1,1,1,0,0,0,0,3,12,158,1,1,0,637,481,5,109,109,0,2664,2665,1,30,30,0,0,100,NoArch
69a5e00843cb242da87c735c670b54562869ebbc,1,5,5,0,0,0,0,2,9,164,1,1,0,85,482,6,6,6,0,175,168,7,6,6,0,0,100,NoArch
5bd3bf6e246cf12b115b738c849afb4f7f3add11,1,4,0,4,0,0,0,2,10,79,1,1,0,141,483,7,18,17,1,417,392,25,11,11,0,0,99.89347852,NoArch
08841bbde3456939376f1940789c9a7b88b7a6c0,1,20,13,7,0,0,0,5,76,161,1,1,0,2068,484,8,239,236,3,7098,7066,32,144,144,0,0,100,NoArch
7b1fd3484ef2f557a3b322b5f08a8f5499be2c7f,1,6,0,6,0,0,0,4,57,15,1,1,0,1389,485,9,225,224,1,7074,7045,29,95,95,0,1,100,NoArch
1401e699562531ae08b2501f35c06aa77e4b1a2f,1,1,0,1,0,0,0,4,15,69,1,1,0,64,486,10,7,7,0,235,229,6,6,6,0,0,100,NoArch
c256dcf9e80c1e21b5a9688747f763b73363d969,4,61,8,53,0,0,0,2,65,77,1,3,1.761518602,3617,851,10,457,448,9,12143,11896,247,197,196,1,1,100,NoArch
3c1a8474f97dd6873c95a9fafc6fa021f5329d5f,1,0,1,1,0,0,0,2,21,28,1,1,0,301,487,11,57,57,0,1321,1332,11,24,24,0,0,100,NoArch
fc69b2934333c07195cf4db4e1adae1d24307f09,1,4,0,4,0,0,0,2,12,134,1,1,0,563,488,12,89,88,1,2965,2946,19,37,37,0,0,100,NoArch
5f8c1019737f622d62a68908bb9cce226acfe558,1,9,2,7,0,0,0,5,53,135,1,1,0,604,489,11,100,98,2,3088,3044,44,36,36,0,0,100,NoArch
805a0cc506df4e80233118bb15091a882ea65610,1,1,1,0,0,0,0,5,27,82,1,1,0,696,490,12,116,116,0,2129,2127,2,93,93,0,0,100,NoArch
f3d633c2a9b4d95b9b23141c0e08ecf0605d0fba,1,103,0,103,1,0,1,1,1,0,1,1,0,0,491,13,10,0,10,449,0,449,5,0,5,0,99.96440437,NoArch
e2ef8b81650e03f397c474cd888d317119d9b4bb,3,52,0,52,0,0,0,4,109,104,1,2,1.44524582,2135,492,14,338,328,10,9104,8830,274,193,187,6,1,100,NoArch
84a116d2c7bb08586cd328d97694608955add8c0,1,4,1,3,0,0,0,2,9,172,1,1,0,348,493,15,68,68,0,1020,1006,14,23,23,0,1,100,NoArch
1d487896b43e249bc25dd18a33c7d2a9353d1c90,1,41,36,5,0,0,0,2,10,0,1,1,0,351,494,16,68,68,0,1034,1020,14,23,23,0,0,100,NoArch
d1eb18af7099a84c38458e9bf98e728d7998db62,6,66,0,66,0,0,0,2,40,116,1,4,2.441101589,2289,495,17,339,327,12,11378,11143,235,177,165,12,0,100,NoArch
edb50cb4de32dab030dac4723a5dd51f46318b2c,1,1,1,0,0,0,0,2,5,182,1,1,0,49,496,18,2,2,0,207,208,1,1,1,0,0,100,NoArch
22fbb80daf6d1dd9ab658882c7e74d23b42e412f,1,1,1,0,0,0,0,2,8,0,1,1,0,150,497,18,17,17,0,424,422,2,15,15,0,0,100,NoArch
b9d0972596be05f33877fd67eee3d2558c1389bf,1,29,23,6,0,0,0,2,7,177,1,1,0,289,498,19,43,40,3,781,720,61,24,24,0,0,100,NoArch
27a6c0a3016e0da0820c4d8584b1f0a01e59a367,0,0,0,0,0,0,0,0,0,0,0,0,0,0,830,4,0,0,0,0,0,0,0,0,0,0,100,NoArch
48e8c053fc260d43330ef001dc9528a14d6ac0c9,1,1,1,0,0,0,0,1,2,36,1,1,0,127,831,5,15,15,0,495,495,0,10,10,0,0,100,NoArch
810375af5f6d0f5b1f7ca465d14f288c37773326,4,173,2,171,2,0,2,1,2,23,1,3,1.13077927,145,832,6,14,4,10,1312,669,643,12,4,8,0,99.89328907,NoArch
5dcf9cf6b972a324e8ef6159ae30614cc609a3a6,1,0,74,74,0,1,1,2,2,95,1,1,0,74,833,7,0,6,6,0,254,254,0,4,4,0,99.96443812,NoArch
2d5a0990746f11c052746b5e3fbb50186877e20a,0,0,0,0,0,0,0,0,0,0,0,0,0,0,834,8,0,0,0,0,0,0,0,0,0,0,100,NoArch
b2f7ba79dbbeb661c3c680473e3212eb6026fff7,1,25,5,20,0,0,0,2,5,180,1,1,0,138,499,20,17,15,2,513,482,31,8,6,2,0,100,NoArch
5ac6f3a890e05c2ac892bb01ac1e67726428a852,1,0,1,1,0,0,0,2,2,40,1,1,0,100,500,21,8,8,0,427,442,15,5,5,0,0,100,NoArch
a9119eca19a8a427d2f99693bf98553d8bba8bb2,7,459,120,339,4,0,4,3,58,54,1,3,2.406944246,2536,501,22,452,411,41,14766,13433,1333,187,158,29,0,99.81138748,NoArch
cdf35dfe12a7b4295b33a3703d917b12b460576b,3,52,0,52,0,0,0,2,23,13,1,2,1.464274509,1426,502,23,236,226,10,7264,7064,200,116,106,10,0,100,NoArch
67e5952dd1d77810837a96609f90a3acbab0d443,1,223,0,223,1,0,1,1,1,0,1,1,0,0,503,24,18,0,18,729,0,729,12,0,12,1,99.84750733,NoArch
487e6941523c651ecc92f3c14896c6e201802895,1,5,1,4,0,0,0,4,42,196,1,1,0,555,852,2,108,107,1,2541,2524,17,37,37,0,0,100,NoArch
c5f251ceab59ac8d8858ee6e011f2c6d2b76ea7a,1,7,0,7,0,0,0,2,5,193,1,1,0,252,504,24,31,30,1,1705,1671,34,13,12,1,0,100,NoArch
172200174819bc6ec54e9a245e2280dfdd730687,11,133,71,62,0,0,0,3,24,137,1,4,2.855782274,3165,505,25,487,473,14,15497,15137,360,228,223,5,0,100,NoArch
fe9bd4f59412c5aa98a17ef375c0d381de5ef88a,1,10,7,3,0,0,0,2,10,0,1,1,0,518,506,26,67,66,1,2626,2615,11,26,26,0,0,100,NoArch
e16b7dbf16f6446b1ebf4747a841c70104cc9358,0,0,0,0,0,0,0,0,0,0,0,0,0,0,507,27,0,0,0,0,0,0,0,0,0,0,100,NoArch
cb234b32d3303fbf29a693eb57f5de5cfdb72649,1,1,1,0,0,0,0,3,10,202,1,1,0,168,508,28,21,21,0,774,774,0,8,8,0,0,100,NoArch
8931aac98ee284f251cc582e493159f588746d55,1,6,0,6,0,0,0,2,21,23,1,1,0,306,509,28,45,44,1,1794,1772,22,26,25,1,0,100,NoArch
9da7e31a333860fa3c38aad19214b1c87058e946,2,36,19,17,0,0,0,5,54,117,1,2,0.225363639,908,853,2,143,143,0,5295,5207,88,55,55,0,0,100,NoArch
4c137cd2bc280b755cd23a7d05cfeb3a63c82e48,1,5,2,3,0,0,0,2,9,204,1,1,0,96,510,27,11,11,0,397,371,26,8,8,0,0,100,NoArch
0da68b4cb3915e36ea07ac322ea417c475573ac5,7,65,4,61,1,0,1,3,69,90,1,3,2.191904669,2219,511,28,351,343,8,10740,10565,175,151,145,6,0,99.65970429,NoArch
898adccae31bc587a73e67317363df6bd1f8e10a,0,0,0,0,0,0,0,0,0,0,0,0,0,0,512,29,0,0,0,0,0,0,0,0,0,0,100,NoArch
89f793efb0dc184117aa196eeb4238fe6046bd0b,2,9,0,9,0,0,0,4,26,36,1,1,0.99107606,431,55,0,45,44,1,1597,1578,19,43,42,1,1,100,NoArch
64bec6b133a136c80b2a09504bb1265cef9a704a,1,90,0,90,1,0,1,1,1,0,1,1,0,0,513,25,2,0,2,465,0,465,1,0,1,1,99.97654784,NoArch
393a861e89e08d767d40cd7740f274fa85020167,1,16,2,14,0,0,0,2,22,41,1,1,0,300,514,26,61,57,4,1404,1321,83,24,24,0,1,100,NoArch
c513c859ac0024361fba48aac5ee267d078b9dfd,0,0,0,0,0,0,0,0,0,0,0,0,0,0,56,1,0,0,0,0,0,0,0,0,0,1,100,NoArch
f06585433b693562f83cbad3a4cb286dc1ea9718,1920,57468,95050,37582,40,347,387,1,66,0,16,189,9.875694351,246733,42,0,22659,26902,4243,834479,998885,164406,13001,15577,2576,1,81.6260745,Arch
2cb21198141c8980a0d84b697809053a6ad36f35,1920,95505,57851,37654,347,40,387,2,110,0,16,189,9.868148545,209151,515,23,26796,22774,4022,995491,838262,157229,15496,13086,2410,1,81.6260745,Arch
49325b60cd1e68367a14dab0e73f27006d2cf529,3,27,11,16,0,0,0,2,21,175,1,1,1.225768966,458,516,24,58,56,2,2400,2280,120,25,25,0,0,99.96482589,NoArch
fe8bc3317c5362c1634253f13659f6a500cbf796,1,121,101,20,0,0,0,3,27,93,1,1,0,285,854,2,53,50,3,1257,1125,132,25,27,2,0,94.44260668,Arch
1ea24bff37eecf73b7f2346efe5f5b9f763eb7ba,1,21,12,9,0,0,0,5,26,207,1,1,0,546,57,2,108,106,2,2605,2580,25,34,32,2,1,100,NoArch
00ee64f076b903cfc530badaefa60c71df5007e2,0,0,0,0,0,0,0,0,0,0,0,0,0,0,835,5,0,0,0,0,0,0,0,0,0,0,100,NoArch
4f8a1e6d6bb6b1b3c80cded1fd3f088d3ae0619c,1,64,60,4,0,0,0,3,20,212,1,1,0,187,855,3,26,25,1,781,760,21,11,11,0,0,100,NoArch
1ee00173d6a395f9b49a3ab07530c9b51fe99f3f,15,478,48,430,0,0,0,2,70,92,1,7,3.395714446,3752,517,24,662,589,73,17179,15699,1480,303,269,34,2,99.95843724,NoArch
99966f58e74ceab189d634ab27c672b4ba36acde,1,1,2,1,0,0,0,2,4,3,1,1,0,420,518,25,69,69,0,1722,1719,3,33,33,0,1,100,NoArch
36486fe5b4ecd43db2bf70026b69c10e949c85b0,5,20,2,18,0,0,0,2,40,26,1,2,2.299896391,1210,519,24,181,176,5,4404,4356,48,97,94,3,1,100,NoArch
565588c13d1712beab7412a783ca3834ac861f55,2,4,8,4,0,0,0,2,23,14,1,2,0.979868757,426,521,23,75,74,1,2438,2466,28,29,29,0,0,100,NoArch
328229b42be7bb7592f5b6631454c7ca7ce03050,3,27,11,16,0,0,0,2,27,140,1,3,1.24273038,934,856,4,139,135,4,4608,4565,43,59,57,2,1,100,NoArch
6bb7fba3c54f1dc61311f5560dc4b34f4624e621,1,1,3,2,0,0,0,3,21,9,1,1,0,191,857,5,26,26,0,775,781,6,11,11,0,1,100,NoArch
d3d58fe41d2e946f87abcbf1001be51e18749075,2,44,0,44,1,0,1,1,43,10,1,2,0.266764988,559,858,6,110,108,2,2685,2541,144,38,37,1,1,99.95851053,NoArch
569e5ca78c4c02ea227fa208d6e49e6ba0426c4f,1,9,1,8,0,0,0,5,57,13,1,1,0,628,522,23,101,101,0,3181,3180,1,36,36,0,0,100,NoArch
82d1c91b3ffe24136b7ecf1c25df63f97796d3f5,1,1,1,0,0,0,0,5,77,59,1,1,0,2075,859,7,239,239,0,7098,7098,0,144,144,0,1,100,NoArch
0570c00e37832cd38fe8270773d62799d9cd84d3,0,0,0,0,0,0,0,0,0,0,0,0,0,0,860,8,0,0,0,0,0,0,0,0,0,1,100,NoArch
230a57b155287f517ea7104ab3c5515a48d2657b,1,2,10,8,0,0,0,4,18,220,1,1,0,1674,861,9,95,95,0,9465,9465,0,61,61,0,1,100,NoArch
1c1ed4d953b9580e5ccc72f6a63ca6f8039edb00,1,1,1,0,0,0,0,2,15,221,1,1,0,301,862,10,65,66,1,1779,1787,8,15,15,0,0,100,NoArch
43b808d15811a69eba2c204a681fa1a40d7eb305,7,9,79,70,0,0,0,2,28,198,1,6,1.577553608,1712,863,11,267,279,12,7141,7382,241,140,147,7,1,100,NoArch
ceec57aa0d2e082c01777bafc55f007c8bbbc7e2,1,19,19,0,0,0,0,4,59,44,1,1,0,1312,864,12,214,214,0,6852,6871,19,88,88,0,0,100,NoArch
f318a126b65d1e1db311610af7be7b145e4e23c3,0,0,0,0,0,0,0,0,0,0,0,0,0,0,866,13,0,0,0,0,0,0,0,0,0,0,100,NoArch
6084b6061b6ff7107c59f2e5a93f48d5a4eada4e,1,3,0,3,0,0,0,4,16,231,1,1,0,400,865,13,90,89,1,2578,2569,9,24,24,0,0,100,NoArch
3a4a360d3f2c83282fc5fad5c0bc8edc8a1a4165,2,22,2,20,0,0,0,3,25,32,1,2,0.738284866,1314,866,14,222,217,5,6921,6825,96,100,99,1,0,100,NoArch
0e7162509d63c8038307440ebe5fbf3e1ba476ec,1,3,3,0,0,0,0,2,16,0,1,1,0,601,867,15,98,98,0,3153,3157,4,42,42,0,0,100,NoArch
582f3401fa82a2907f555a33da1462c134eb3c02,1,1,1,0,0,0,0,2,26,230,1,1,0,764,868,16,104,104,0,4330,4330,0,34,34,0,0,100,NoArch
9352c9fcdc79367e50ee3931115b5fa72f6d82b0,1,151,0,151,1,0,1,1,1,0,1,1,0,0,523,19,15,0,15,647,0,647,7,0,7,1,99.97926602,NoArch
c8761c7e0f1545dae5daa570dfacd8093911b8b1,7,152,22,130,1,0,1,2,26,77,1,4,1.571237369,2115,524,20,330,318,12,11209,10766,443,151,139,12,1,99.96891192,NoArch
b2969d05a9af9cb64da439a0be69d25ec5ea2509,1,1,5,4,0,0,0,3,27,0,1,1,0,759,525,21,129,129,0,3959,3959,0,60,60,0,0,100,NoArch
26387143e84e89b8078f7b5507ccd5c071b3bf86,1,33,11,22,0,0,0,3,28,9,1,1,0,755,526,13,131,129,2,3978,3959,19,62,60,2,0,100,NoArch
28296e689c09fe73948e022fb0aff694dc16eae1,7,236,51,185,0,0,0,3,29,150,1,7,2.532080246,2779,527,10,435,401,34,13487,12734,753,217,195,22,1,100,NoArch
30fe17834cdb3ae578738208e1927bc78ac30e9b,1,6,0,6,0,0,0,3,30,0,1,1,0,807,528,11,137,137,0,4121,4121,0,68,68,0,1,100,NoArch
9a491bbc7667a70a7d75364fcd854b96b6a27352,1,1,1,0,0,0,0,2,11,0,1,1,0,451,529,12,69,69,0,2202,2202,0,38,38,0,1,100,NoArch
b2544046c515c3cd5e329ab93a6e64bc47dcd36c,3,63,8,55,0,0,0,3,31,21,1,2,1.281622841,1527,530,13,265,253,12,7905,7642,263,135,126,9,1,100,NoArch
229ca6afd760dd57219ce75b1a51216a656da549,1,6,0,6,0,0,0,3,9,249,1,1,0,241,531,14,40,38,2,960,906,54,34,34,0,1,100,NoArch
770642a8a1aa65009963ff84bda9ad5f7ee29c58,4,80,42,38,0,0,0,3,23,117,1,3,1.59867358,1012,532,13,162,152,10,5073,4836,237,100,99,1,1,100,NoArch
3c46ae9e718506c6ab2467136a69a0f88b17bd87,0,0,0,0,0,0,0,0,0,0,0,0,0,0,869,12,0,0,0,0,0,0,0,0,0,0,100,NoArch
9ecfbf98f50c1661078fbf44c42e1f0b5ee49115,0,0,0,0,0,0,0,0,0,0,0,0,0,0,870,13,0,0,0,0,0,0,0,0,0,0,100,NoArch
62890b3fbb6a84297c349ce2e683bfb030500139,2,11,4,7,0,0,0,2,29,36,1,2,0.721928095,584,871,12,97,97,0,2541,2452,89,60,60,0,0,100,NoArch
ada47fbc50e8a324538517ba262490499cd05530,3,32,18,14,0,0,0,3,60,114,1,3,0.639556365,1723,872,13,284,280,4,8381,8335,46,119,119,0,0,100,NoArch
04a637916ee4d9869b6fcb482d21829a985559b0,3,70,27,43,0,0,0,4,15,262,1,1,1.523203572,753,873,10,106,98,8,4931,4554,377,30,27,3,0,99.95855781,NoArch
5c45b00b1c59d8e0ae5aba238b31e921fa739d19,0,0,0,0,0,0,0,0,0,0,0,0,0,0,874,10,0,0,0,0,0,0,0,0,0,0,100,NoArch
2edad74ca9150ee67b30b0b01a6ba6ef72f670a8,1,18,3,15,0,0,0,3,29,8,1,1,0,315,875,10,59,56,3,1373,1288,85,25,25,0,0,100,NoArch
5e3aa21375dd2bb3c6cb67b50cace9a2642e6346,1,1,1,0,0,0,0,2,2,40,1,1,0,151,876,8,15,15,0,647,647,0,7,7,0,0,100,NoArch
88bdc562f141c2c53fa7b3d51b2884dae8dd452f,0,0,0,0,0,0,0,0,0,0,0,0,0,0,877,8,0,0,0,0,0,0,0,0,0,0,100,NoArch
1aab7d3597c1bf265adaa5f4e62b3b7aff5e8d62,0,0,0,0,0,0,0,0,0,0,0,0,0,0,878,9,0,0,0,0,0,0,0,0,0,0,100,NoArch
ff1dd8bbbda43266af4550b31d162f18ea0d3014,0,0,0,0,0,0,0,0,0,0,0,0,0,0,881,10,0,0,0,0,0,0,0,0,0,0,100,NoArch
ba8b2487884e1a20f7894edd11223087d2438e3b,4,100,15,85,0,0,0,2,24,70,1,2,0.716048906,1415,533,0,248,234,14,8147,7651,496,120,115,5,1,100,NoArch
fd2c95e9bc816f708638daeefa86f20f3ae379b1,1,3,1,2,0,0,0,4,38,167,1,1,0,479,534,1,71,70,1,1698,1674,24,42,42,0,1,100,NoArch
bbe26eddc2be4ba54c0d08c9cab1c24bfb4f3085,7,273,74,199,1,0,1,2,20,191,1,3,1.440528879,2218,535,2,360,329,31,9562,8288,1274,155,141,14,1,99.95854493,NoArch
ca4c58b5644acebe8ad1ebbc97152a4dbb7aa177,0,0,0,0,0,0,0,0,0,0,0,0,0,0,21,0,0,0,0,0,0,0,0,0,0,0,100,NoArch
987ad27449c525342c623a750b4b0a2afdc5c8d2,1,1,4,3,0,0,0,2,5,208,1,1,0,241,536,3,16,17,1,1004,1025,21,9,9,0,0,100,NoArch
9dd11cb71f02e7259c2e4a110c90dea69c70bb69,29,351,180,171,0,0,0,2,111,156,1,12,4.106670454,9729,537,4,1594,1565,29,43689,42751,938,764,745,19,1,100,NoArch
d59fd98daaac3119ea51bb0cc99071f7585ba36a,1,8,8,0,0,0,0,2,4,2,1,1,0,154,538,5,15,15,0,681,671,10,7,7,0,0,100,NoArch
27dff3538c88e2e0a164d65c97f3c9894a1d22af,0,0,0,0,0,0,0,0,0,0,0,0,0,0,879,0,0,0,0,0,0,0,0,0,0,0,100,NoArch
d83969f6a8d9db4f0b9d3514e8808fb59b3f79aa,2,10,2,8,0,0,0,5,72,4,1,1,1,1714,880,1,284,280,4,8611,8557,54,97,97,0,0,100,NoArch
1ba35323650b403d403523927ef628d83f0fcf23,1,24,10,14,0,0,0,3,22,117,1,1,0,189,881,2,26,26,0,849,775,74,11,11,0,0,100,NoArch
2913fb8adade091e4ada8576f17efb1a726976ac,1,1,1,0,0,0,0,3,42,15,1,1,0,255,539,6,48,48,0,1487,1487,0,20,20,0,0,100,NoArch
f4720004671efe9cae4f8610b64b55099733f6d2,12,212,165,47,0,0,0,3,112,78,1,7,2.837410052,5862,540,7,955,963,8,27920,27893,27,422,422,0,1,99.84415584,NoArch
ddff5e5c1688c76f58fe683db487ef0d549c305e,1,0,2,2,0,0,0,3,23,11,1,1,0,203,541,8,26,26,0,843,849,6,11,11,0,1,100,NoArch
38fcc0ce0178d4a6870aa4f68e2b565c1ad0aa6f,0,0,0,0,0,0,0,0,0,0,0,0,0,0,885,3,0,0,0,0,0,0,0,0,0,0,100,NoArch
a08344e04d8e10763d355974f53c7a0a12a2b8e7,1924,57622,96969,39347,40,351,391,1,66,0,16,189,9.872302025,248497,0,0,22659,27173,4514,834462,1007018,172556,13001,15708,2707,1,84.18041064,Arch
8b10a369d67d38082879565105cb5859c2a603d4,1,156,97,59,0,0,0,4,9,1,1,1,0,228,1,1,41,29,12,1304,1086,218,13,12,1,1,100,NoArch
296d537b1351abeade7f19a3d20f2e5151bb306c,1,0,1,1,0,0,0,2,5,1815,1,1,0,164,2,2,13,13,0,483,483,0,6,6,0,0,100,NoArch
1ea5ffa913411e7c6f2d1d128fe737bb6b3ffbe2,1,1,1,0,0,0,0,4,6,1754,1,1,0,264,3,3,30,30,0,1031,1030,1,12,12,0,0,100,NoArch
5a868627e3d62b082a39523c16cf126a3ed42c00,5,125,103,22,0,0,0,4,40,1114,2,4,1.334091913,1359,4,4,206,205,1,5830,5782,48,75,75,0,1,100,NoArch
f4b30c49363ad3536b719cf8b6d98a329dae4c43,2,8,3,5,0,0,0,2,13,1494,1,1,0.845350937,359,5,5,55,55,0,1851,1810,41,20,20,0,1,99.6353027,NoArch
837d08165d1a50ee880db3b4e34e90ad16cf3eff,1,4,4,0,0,0,0,4,14,1,1,1,0,221,6,6,39,39,0,1358,1360,2,9,9,0,1,100,NoArch
808f84b9f7ef0e8f8232a29935f29bc10fcfe18b,2,3,3,0,0,0,0,5,41,0,2,2,0.650022422,771,7,7,112,112,0,3457,3454,3,40,40,0,1,100,NoArch
95e8157d7815a93120a618282daf4fb951b895e5,1,1,1,0,0,0,0,4,9,1817,1,1,0,352,8,8,75,75,0,1729,1729,0,29,29,0,1,100,NoArch
a5a05da704351edff19474261a6ddcfe59bad8df,1,1,0,1,0,0,0,2,4,1817,1,1,0,45,9,9,2,2,0,181,174,7,1,1,0,1,100,NoArch
315320e9f8e95837a73705a2af46ce1d340aa353,2,43,53,10,0,0,0,3,16,1692,1,2,0.543564443,752,10,10,111,114,3,4132,4160,28,51,51,0,1,98.31325301,NoArch
da4c04c41fbe0555ceee1b80390d9e0dbb17ddae,0,0,0,0,0,0,0,0,0,0,0,0,0,0,11,9,0,0,0,0,0,0,0,0,0,0,100,NoArch
b586da08f5b4110443291c07989f03ec2ee246b7,0,0,0,0,0,0,0,0,0,0,0,0,0,0,12,10,0,0,0,0,0,0,0,0,0,0,100,NoArch
e50a530a827e771ffa703ed1bb6d53a4f36a7d63,0,0,0,0,0,0,0,0,0,0,0,0,0,0,13,11,0,0,0,0,0,0,0,0,0,0,100,NoArch
331712964fbaf5d04495f03cb4f10cd47e941500,1,9,2,7,0,0,0,2,5,14,1,1,0,46,14,12,2,2,0,174,181,7,1,1,0,1,100,NoArch
024cf1f7fb20c298145b5d07bfa4046a7bd02089,0,0,0,0,0,0,0,0,0,0,0,0,0,0,15,13,0,0,0,0,0,0,0,0,0,0,100,NoArch
57120b06763204c52482a2a4f9a4731a7ac1f99e,0,0,0,0,0,0,0,0,0,0,0,0,0,0,745,0,0,0,0,0,0,0,0,0,0,0,100,NoArch
7540106621b8fb094aa91e80cb1d608f3a271922,17,5755,5,5750,15,0,15,1,5,218,2,2,2.776318193,304,16,14,860,48,812,23601,1340,22261,282,30,252,0,99.51219512,NoArch
e669fb6c642848778c7402bef4ef07dd2fd9cd72,0,0,0,0,0,0,0,0,0,0,0,0,0,0,17,11,0,0,0,0,0,0,0,0,0,0,100,NoArch
fcf475048fa64e718fc5be3108a8d09ba3455aae,0,0,0,0,0,0,0,0,0,0,0,0,0,0,18,12,0,0,0,0,0,0,0,0,0,0,100,NoArch
970ed11ff7c341d881ae604b10a310544a1c93ca,0,0,0,0,0,0,0,0,0,0,0,0,0,0,19,13,0,0,0,0,0,0,0,0,0,0,100,NoArch
d7197eb196d99224ff8da7022a426b024fcfd110,0,0,0,0,0,0,0,0,0,0,0,0,0,0,20,10,0,0,0,0,0,0,0,0,0,0,100,NoArch
50311a2aaba0054c5f925b2009e67862592abb22,0,0,0,0,0,0,0,0,0,0,0,0,0,0,21,11,0,0,0,0,0,0,0,0,0,0,100,NoArch
dc3ae60c3b870fa44eb67e2fc172740d343cc990,0,0,0,0,0,0,0,0,0,0,0,0,0,0,21,11,0,0,0,0,0,0,0,0,0,0,100,NoArch
36a32f2cd89334592068dc9393a7de7246b4cc05,0,0,0,0,0,0,0,0,0,0,0,0,0,0,22,11,0,0,0,0,0,0,0,0,0,0,100,NoArch
1b943f076256891adec4faf91090735d31c7e8ca,0,0,0,0,0,0,0,0,0,0,0,0,0,0,23,12,0,0,0,0,0,0,0,0,0,0,100,NoArch
132bcc5de9e12a0fa1989296fc860532939a11e6,0,0,0,0,0,0,0,0,0,0,0,0,0,0,24,13,0,0,0,0,0,0,0,0,0,0,100,NoArch
dba11a1579ab1f3c2453372de673f6d1884c3851,0,0,0,0,0,0,0,0,0,0,0,0,0,0,25,14,0,0,0,0,0,0,0,0,0,0,100,NoArch
b8cb5dc509f2157e2b13edecab8b5427c0a3aaee,0,0,0,0,0,0,0,0,0,0,0,0,0,0,26,15,0,0,0,0,0,0,0,0,0,0,100,NoArch
1366995a48025409eaff0406f6f39cac0e6c2da1,0,0,0,0,0,0,0,0,0,0,0,0,0,0,27,16,0,0,0,0,0,0,0,0,0,0,100,NoArch
608b31b606c287337f54771870b4a41b04b5c940,0,0,0,0,0,0,0,0,0,0,0,0,0,0,28,17,0,0,0,0,0,0,0,0,0,0,100,NoArch
001c256e002f395eee518e4fc1864acb4eba8fa6,0,0,0,0,0,0,0,0,0,0,0,0,0,0,29,18,0,0,0,0,0,0,0,0,0,0,100,NoArch
f81295025a02a5860a02800abb8834f02e51bc8c,0,0,0,0,0,0,0,0,0,0,0,0,0,0,30,19,0,0,0,0,0,0,0,0,0,0,100,NoArch
b5af41810baac0318d884161d1aa838e0e87b996,0,0,0,0,0,0,0,0,0,0,0,0,0,0,30,19,0,0,0,0,0,0,0,0,0,0,100,NoArch
f25d3044e02c68b9075454131f1635ea5c6c3fae,4,68,0,68,0,0,0,2,4,1415,1,2,2,811,31,20,62,62,0,4468,4468,0,27,27,0,0,100,NoArch
ce369c6418a5ed233f9c2add906ece3a2ca33243,0,0,0,0,0,0,0,0,0,0,0,0,0,0,32,21,0,0,0,0,0,0,0,0,0,0,100,NoArch
78cae850a7345047da501e547510083cde15b0f5,0,0,0,0,0,0,0,0,0,0,0,0,0,0,34,23,0,0,0,0,0,0,0,0,0,0,100,NoArch
027ec785d56527df3c52ace570408964235af313,0,0,0,0,0,0,0,0,0,0,0,0,0,0,33,22,0,0,0,0,0,0,0,0,0,0,100,NoArch
7695c9085b60adbc5d2cb0376d68a49ee9b64f06,2,37,33,4,0,0,0,2,3,1666,1,2,0.627430335,221,34,23,25,21,4,682,681,1,15,12,3,1,100,NoArch
ab64e9b4a049b827399d0bfc6c991a4713ea36ba,0,0,0,0,0,0,0,0,0,0,0,0,0,0,35,24,0,0,0,0,0,0,0,0,0,0,100,NoArch
d9efb590f8dc42ec7e04f2f637b159fadd576964,0,0,0,0,0,0,0,0,0,0,0,0,0,0,39,28,0,0,0,0,0,0,0,0,0,0,100,NoArch
8ca5059ac00861145088bd2878254e9ab87c62e3,0,0,0,0,0,0,0,0,0,0,0,0,0,0,25,21,0,0,0,0,0,0,0,0,0,0,100,NoArch
7bd2cbc9af33c4a60035d27cac5f451a4b8ee109,63,5016,546,4470,22,1,23,3,134,301,5,27,4.024080588,12387,39,10,2475,1912,563,76213,55647,20566,1121,881,240,0,95.54047504,Arch
fcab7488bc37d435cac98927c055c6ed04fcba77,50,1677,238,1439,7,0,7,7,144,383,4,26,4.627167839,15543,62,14,2457,2278,179,77446,69948,7498,1103,1022,81,0,99.81655584,NoArch
295aa127b7bf05aeca1981557b778b8b76d89f26,0,0,0,0,0,0,0,0,0,0,0,0,0,0,65,14,0,0,0,0,0,0,0,0,0,0,100,NoArch
c57afb6289634d8e14d4015a061d4ea2e70ec42d,0,0,0,0,0,0,0,0,0,0,0,0,0,0,63,15,0,0,0,0,0,0,0,0,0,0,100,NoArch
92e143155b636dd2a6f6730fb5c65dbb8d1ec970,1,26,0,26,0,0,0,4,20,42,1,1,0,626,64,10,46,45,1,3969,3838,131,32,31,1,1,100,NoArch
0bfb28a0bce4f81a8e91dd672d175e39d29113e4,3,16,16,0,0,0,0,2,102,57,1,3,1.298794941,1430,65,11,172,172,0,7549,7518,31,66,66,0,1,100,NoArch
6d1f57b13776cd037b3f61c40b6cd86595479f5b,6,270,29,241,1,0,1,1,103,156,1,5,1.170034308,4746,66,9,734,706,28,21655,20374,1281,312,291,21,0,99.98473515,NoArch
e53668eb2379386d339b88aeca95430915797016,3,17,5,12,0,0,0,2,82,164,1,3,1.322179346,2864,67,9,436,432,4,13768,13694,74,149,148,1,1,100,NoArch
1ab2f59af7229fc87e065be2dc6c29da3ee62848,3,282,91,191,2,1,3,1,5,333,2,3,1.380950551,91,16,0,40,13,27,1565,371,1194,28,8,20,1,99.90842491,NoArch
da98de0459e2978fb72499725bda0334412466f1,1,17,3,14,0,0,0,2,8,1396,1,1,0,173,17,1,36,31,5,710,642,68,31,28,3,1,100,NoArch
2ffb1a678206c50e694712db4538ae7d1180e1d4,0,0,0,0,0,0,0,0,0,0,0,0,0,0,1101,1,0,0,0,0,0,0,0,0,0,0,100,NoArch
2b2b35e757ee97d9d16b14246f5df3c8b0a8f12f,8,39,25,14,0,0,0,5,104,411,1,7,2.554110305,6487,68,7,926,925,1,27026,26923,103,388,387,1,1,100,NoArch
0fe1944bad01ecae8118c9a4e47941018e8c920b,1,1,1,0,0,0,0,5,59,3,1,1,0,1925,69,5,181,181,0,5052,5046,6,99,99,0,0,100,NoArch
7673448206d20fdd5d0eb94d195c8f4024d5c9d1,0,0,0,0,0,0,0,0,0,0,0,0,0,0,70,6,0,0,0,0,0,0,0,0,0,0,100,NoArch
00f0e7773f9a3c46482388018bd72549181d591f,0,0,0,0,0,0,0,0,0,0,0,0,0,0,71,7,0,0,0,0,0,0,0,0,0,0,100,NoArch
456a2ba5cf570b4b6d61893c54bbb1b58b677405,83,16176,0,16176,83,0,83,1,1,0,1,16,5.674999312,0,1102,1,2085,0,2085,74527,0,74527,1011,0,1011,0,95.19619501,Arch
a85ca4a1866955ce3fea4538976aa2ba6593366b,0,0,0,0,0,0,0,0,0,0,0,0,0,0,1103,2,0,0,0,0,0,0,0,0,0,0,100,NoArch
2996cf31e85d8aa51f7c74ccf500a2f01bf368ce,5,337,337,0,0,0,0,1,2,5,1,3,0.239368025,1506,1104,3,224,226,2,7218,7307,89,92,91,1,0,100,NoArch
4d089f0083bad9fd727f7b8d92878e11e0fa9c9b,0,0,0,0,0,0,0,0,0,0,0,0,0,0,1105,4,0,0,0,0,0,0,0,0,0,0,100,NoArch
7530b1270c987422d58817d0ff5a8e8dbb93d3da,0,0,0,0,0,0,0,0,0,0,0,0,0,0,2,0,0,0,0,0,0,0,0,0,0,1,100,NoArch
91d83c9870de1b22f85c11a8bb0103955b0112bd,0,0,0,0,0,0,0,0,0,0,0,0,0,0,1106,5,0,0,0,0,0,0,0,0,0,0,100,NoArch
85fd6327e67ae91ee7eac9bb0b4ba16f473a6c58,0,0,0,0,0,0,0,0,0,0,0,0,0,0,72,6,0,0,0,0,0,0,0,0,0,0,100,NoArch
7c70973de32040d6a629951610c21a7e5e473b2b,1,0,2,2,0,0,0,1,2,18,1,1,0,765,1107,6,69,69,0,2674,2691,17,26,26,0,0,100,NoArch
e1f29b9024dd085b5e6762d24c2ca0013941530d,0,0,0,0,0,0,0,0,0,0,0,0,0,0,18,2,0,0,0,0,0,0,0,0,0,1,100,NoArch
04bb24b05e3d26feedbe534dc75f05c681f13cf5,2,354,0,354,2,0,2,1,1,0,1,2,0.962839977,0,926,0,42,0,42,1795,0,1795,18,0,18,0,99.9176141,NoArch
38cfc9b1645769358d7dc12ca433358c868dd2e7,1,21,19,2,0,0,0,3,55,274,1,1,0,472,927,1,70,70,0,2517,2507,10,26,26,0,1,100,NoArch
e76909d357e7dd814d8ac6c59b782dc18250aa6e,0,0,0,0,0,0,0,0,0,0,0,0,0,0,19,1,0,0,0,0,0,0,0,0,0,0,100,NoArch
d7f34d9a6f544549cbfa3b86fc9400a2f6d18223,7,378,19,359,1,0,1,1,135,302,1,5,1.043365269,2245,73,4,396,378,18,12710,11047,1663,150,142,8,1,96.20499029,Arch
0cf2cdc719de9031fca1bd161bed9cc921ea4d39,1,9,3,6,0,0,0,3,20,1450,1,1,0,201,928,2,41,40,1,855,815,40,17,17,0,1,100,NoArch
bd054dcdee3438bb70149ff89a73e0a8f513c71b,0,0,0,0,0,0,0,0,0,0,0,0,0,0,20,2,0,0,0,0,0,0,0,0,0,1,100,NoArch
05602bb0b198cd3695e99eec79c5a559138b94d0,0,0,0,0,0,0,0,0,0,0,0,0,0,0,4,0,0,0,0,0,0,0,0,0,0,0,100,NoArch
9e6f62b7c2396f31279ac13811226cac35e87257,2,32,14,18,0,0,0,3,60,686,1,2,0.965636133,2407,5,1,242,242,0,7202,7079,123,157,157,0,1,100,NoArch
577eae65fd9d1b6cfb5ffb8b22bbc2e261601d12,1,14,15,1,0,0,0,4,21,15,1,1,0,207,6,2,41,41,0,800,855,55,17,17,0,1,100,NoArch
301203e6254aae3f792ddd4bc0ffea904fab61f5,122,12087,16,12071,110,0,110,4,83,69,1,8,6.611554675,4462,74,1,1352,654,698,64531,21577,42954,847,278,569,1,94.87235277,Arch
4229aee737feb32590afc36f0361d840ce1cec2b,2,115,14,101,1,0,1,1,73,33,1,2,0.832079818,1110,75,2,184,174,10,5063,4595,468,53,48,5,1,99.97684471,NoArch
7aec12eaca46697d6ac038968ce12139d8149c24,3,27,5,22,0,0,0,7,37,228,1,2,1.109615322,1762,21,3,180,177,3,11057,10892,165,97,96,1,1,99.85358712,NoArch
50a98e3b0e078a5f8be03ef2e75ae0745a40e719,8,364,10,354,0,0,0,3,74,572,2,4,2.273912851,3194,76,3,399,379,20,16823,14687,2136,157,146,11,1,99.78438318,NoArch
739e1378a6384910d9bed92f1eda956f7df6ba53,1,72,37,35,0,0,0,1,2,126,1,1,0,150,77,4,30,24,6,737,592,145,14,11,3,1,100,NoArch
d8bdf5b3e2a9cde6c7b2e572026b5dcfb30833e9,3,38,9,29,0,0,0,7,105,28,1,3,0.894357235,1900,22,3,221,218,3,10700,10556,144,106,105,1,1,100,NoArch
70f4eba372a5dafa6ed6398648c71246db456c52,0,0,0,0,0,0,0,0,0,0,0,0,0,0,23,3,0,0,0,0,0,0,0,0,0,0,100,NoArch
9a432f22f9e80c93eb905e90ef67331aed01b6c7,2,290,238,52,0,0,0,2,18,1120,1,2,0.064254625,527,78,5,56,49,7,2581,2289,292,27,26,1,1,100,NoArch
e6a560d96096535c3f6c30a18895606e6eedb670,0,0,0,0,0,0,0,0,0,0,0,0,0,0,24,4,0,0,0,0,0,0,0,0,0,0,100,NoArch
14a98e7958e2293845d41f408b3fc8ec9e4621ac,1,4,0,4,0,0,0,2,8,725,1,1,0,43,79,5,3,2,1,150,132,18,3,2,1,1,100,NoArch
27cbf7b691e8028e9f0927c1f68b754e342976c2,1,22,1,21,0,0,0,4,29,102,1,1,0,702,25,4,106,103,3,3700,3616,84,46,45,1,1,100,NoArch
99819f378f46b4531c11577870b36d47de59c705,2,260,4,256,1,0,1,1,71,313,1,2,0.249882293,728,80,6,178,151,27,5147,3856,1291,80,70,10,1,99.97688396,NoArch
185711e2f59f8d813d303d1a21a086b5791129cc,2,25,29,4,0,0,0,3,16,374,2,2,0.228538144,1031,7,0,168,168,0,3684,3739,55,68,68,0,0,100,NoArch
bbdedeadf6c33bcbebe96e39e1380ed116fca3c5,1,9,7,2,0,0,0,6,106,30,1,1,0,731,26,5,124,124,0,3399,3394,5,33,33,0,1,100,NoArch
dfdd8963add27cad854c5ea2a91d907ddac40401,1,7,3,4,0,0,0,4,46,658,1,1,0,482,929,0,84,82,2,2317,2301,16,35,35,0,1,100,NoArch
3b374365c193cd07940de22198f527810d1e043d,2,160,143,17,0,0,0,3,145,256,1,2,0.158521572,2785,930,1,461,457,4,13249,13013,236,223,223,0,1,100,NoArch
e585aaec2fa644c7f1b36dbc0d47e11bbff1f059,2,18,4,14,0,0,0,4,33,1010,1,2,0.266764988,451,8,1,81,76,5,1714,1635,79,34,34,0,1,100,NoArch
fd84b78d5bd9d5132f7179f67adf2802f6dbf21b,1,5,5,0,0,0,0,6,72,16,1,1,0,731,9,2,152,152,0,3882,3882,0,70,70,0,0,100,NoArch
8242a3f58c8f7ecf3d24a7ebe69cb26bbd12888b,2,110,3,107,0,0,0,4,7,1514,1,2,0.834913558,407,27,5,45,38,7,2639,2014,625,20,17,3,1,100,NoArch
63e3f41af28db87f80bc68823d8a9b2e469ab408,22,536,242,294,2,0,2,1,136,721,1,12,3.221822179,6751,931,2,978,952,26,31981,30628,1353,449,444,5,1,95.93812116,Arch
f42627054c902fd603d512b7776063ae5bedaa0a,2,6,32,26,0,0,0,2,8,1236,1,1,1,426,932,3,46,54,8,2451,2513,62,23,31,8,1,100,NoArch
30f41b9811cb883bd2b251a216eb59f3431caf9d,1,3,3,0,0,0,0,2,2,113,1,1,0,581,933,4,82,82,0,3842,3837,5,42,42,0,1,100,NoArch
90fd917a6717688ff6f14a227b30bad3cdfbc74e,2,7,1,6,0,0,0,2,15,212,1,2,0.811278124,317,28,5,47,45,2,1533,1491,42,21,20,1,1,100,NoArch
e08cc350e0dba5fa9c781869c93f183695dca10a,2,15,5,10,0,0,0,4,98,830,1,2,0.934068055,2392,10,3,286,285,1,7989,7935,54,179,178,1,1,100,NoArch
13d692ebde6732870e90f1b6ca95c21054e20e55,2,19,34,15,0,0,0,3,50,1049,1,2,0.956155024,683,11,4,117,118,1,3722,3772,50,61,62,1,1,100,NoArch
f27bd3c491de5c2ddd77515b30e9d097ec6f2490,1,1,2,1,0,0,0,3,11,990,1,1,0,74,12,5,9,9,0,277,280,3,7,7,0,1,100,NoArch
78c002f5686b5ab724f0943b199b4f9ebc45ea66,4,14,24,10,0,0,0,3,51,34,1,4,0.943188418,2048,13,6,335,336,1,10511,10547,36,160,161,1,1,100,NoArch
8a857bdc0111d879e47efe9d651559c89b3768c7,2,4,3,1,0,0,0,3,12,1240,1,1,0.985228136,531,14,7,85,85,0,2239,2221,18,46,46,0,1,100,NoArch
4199c950986accb688f04608f4943885a8347a06,1,1,4,3,0,0,0,5,15,668,1,1,0,224,29,4,40,40,0,1168,1161,7,16,16,0,1,100,NoArch
f62737be7caa75e179dee1f6b081632668dd06af,32,64,3748,3684,0,21,21,1,3,77,2,12,4.044093685,6154,1108,0,285,743,458,13688,31203,17515,153,347,194,0,94.44804894,Arch
2755be3d06e367d8397f693979577539099d1913,0,0,0,0,0,0,0,0,0,0,0,0,0,0,30,4,0,0,0,0,0,0,0,0,0,1,100,NoArch
4286731e0f20266a7d6afe53e8a45a470fdb0376,1,1,1,0,0,0,0,4,7,1548,1,1,0,181,15,8,13,13,0,760,760,0,11,11,0,0,100,NoArch
d8c14e075ffc54385c2a6817758e9afd100441ba,1,12,12,0,0,0,0,3,28,256,1,1,0,290,16,9,59,59,0,869,886,17,46,46,0,0,100,NoArch
e2c83d6fb6355dcf65821268cd1843ff603dc5f9,1,29,42,13,0,0,0,3,35,256,1,1,0,325,17,10,66,66,0,1395,1594,199,27,27,0,0,100,NoArch
34acbdc154fc5dc6d484cbc075e8394843f97b96,1,7,5,2,0,0,0,5,25,380,1,1,0,260,18,11,50,50,0,1062,1089,27,49,49,0,0,100,NoArch
07b6a38336a62913d42817a89cdc821a89419b7f,12,159,5,154,0,0,0,3,137,492,2,9,3.396458203,5856,19,12,967,949,18,29852,29552,300,440,425,15,1,100,NoArch
238761262881afcf034a9f649625908cbad8b42b,2,27,22,5,0,0,0,3,61,76,1,1,0.963335546,2060,20,13,194,194,0,5390,5390,0,109,110,1,1,99.81609598,NoArch
e3eba854506e0454e0c8fc340dcdaf1707e49bbd,2,12,3,9,0,0,0,5,12,1553,1,1,0.970950594,207,31,5,15,15,0,1061,988,73,6,6,0,1,100,NoArch
589ec88a2b9a08d350a31c999d07b7590dc38c75,0,0,0,0,0,0,0,0,0,0,0,0,0,0,32,6,0,0,0,0,0,0,0,0,0,0,100,NoArch
3967b81cc7f506efee255288fdd4e2cc17078e31,0,0,0,0,0,0,0,0,0,0,0,0,0,0,33,7,0,0,0,0,0,0,0,0,0,0,100,NoArch
4a1279639f8598cd90b1e32c32068c1822731550,2,83,7,76,1,0,1,1,72,321,1,2,0.938932011,825,34,6,169,162,7,4255,3831,424,55,52,3,1,99.982493,NoArch
0b34f3c89f807fe4a76423df00c0a7cc528007ff,1,23,0,23,0,0,0,4,13,1565,1,1,0,189,81,0,15,14,1,1107,972,135,12,11,1,1,100,NoArch
8b9e755035c0cd901da6083f48f53b9ad2f763e4,1,24,1,23,0,0,0,6,56,397,1,1,0,862,82,1,117,114,3,2981,2928,53,86,84,2,1,100,NoArch
050436d72c40200af53c56e283eea1519b147e15,1,1,1,0,0,0,0,1,2,155,1,1,0,127,1109,1,21,21,0,424,424,0,13,13,0,0,100,NoArch
47e6d0482bbac2dc903c8da6f1328e1289f884ef,2,16,3,13,0,0,0,1,3,78,1,1,0.297472249,447,1110,2,68,66,2,1558,1506,52,34,33,1,0,100,NoArch
f1d59cd2cd236dee5d78520a0c607ef289a9dfa9,2,146,17,129,1,0,1,2,8,40,1,1,0.793813866,286,83,2,30,20,10,2189,1594,595,15,10,5,0,99.93874158,NoArch
4dc1fccfdba3d350ecd3e6e3d9996b379496b818,0,0,0,0,0,0,0,0,0,0,0,0,0,0,35,6,0,0,0,0,0,0,0,0,0,0,100,NoArch
b5b6a0834d1e2c9bf430e2cd86412274e633dceb,4,22,1,21,0,0,0,2,14,841,1,4,1.494540352,606,84,3,39,36,3,3048,2877,171,23,22,1,1,99.94749737,NoArch
20006a030d823526c65b48a8f821162e6696e502,1,18,15,3,0,0,0,3,7,810,1,1,0,419,85,4,70,69,1,1745,1731,14,33,33,0,1,100,NoArch
d89abe0322c3b5319c68547f317e31f496356351,1,2,2,0,0,0,0,6,107,56,1,1,0,733,36,7,124,124,0,3399,3399,0,33,33,0,1,100,NoArch
3a56070500b8d9d0e2fac0c33c699d4dd9116ba5,2,2,2,0,0,0,0,5,62,303,1,2,1,2049,86,5,193,193,0,5523,5519,4,107,107,0,1,100,NoArch
2d0fa5e415f942551ccc05b872600beb778a87a3,2,168,1,167,1,0,1,1,73,24,1,2,0.128622436,731,87,6,164,152,12,4712,3882,830,77,70,7,1,99.98250219,NoArch
e547cbdf4fa70f0e97920b78e8e40b011ef6034f,1,6,6,0,0,0,0,7,31,507,1,1,0,589,37,8,115,115,0,2724,2724,0,39,39,0,1,100,NoArch
2deea18cc24e4f144f2ebf8d1365de9ea3ba382d,0,0,0,0,0,0,0,0,0,0,0,0,0,0,88,7,0,0,0,0,0,0,0,0,0,1,100,NoArch
1f00a395f895751cc8d50eccd335b004c0f77012,4,301,48,253,1,0,1,1,17,574,2,3,1.397843586,1071,21,6,101,82,19,5250,4372,878,69,52,17,1,99.9387523,NoArch
76b7822cf27204648e8bcf6d5497a3f3758c77f5,0,0,0,0,0,0,0,0,0,0,0,0,0,0,22,7,0,0,0,0,0,0,0,0,0,1,100,NoArch
ab438f68c106afce61949371c577f4505870a693,3,32,21,11,0,0,0,2,99,551,2,2,0.787190087,4421,23,8,479,475,4,13510,13472,38,276,276,0,1,100,NoArch
807f64591dcd4e0e496dc5795405812129d0d062,2,32,22,10,0,0,0,3,138,447,1,1,0.228538144,1464,38,6,267,259,8,7491,7370,121,76,76,0,1,100,NoArch
a321204079f435deaf8d082fb3de95c5c792c7f2,3,315,2,313,1,0,1,1,139,143,1,3,1.072237109,1873,39,5,377,331,46,10639,8773,1866,153,135,18,1,99.95625164,NoArch
977393d9e74364c21260f00d2fe0e314c77f9afa,4,166,4,162,1,0,1,1,13,362,1,3,0.311758132,538,40,6,90,74,16,3895,2919,976,33,30,3,1,99.96501662,NoArch
26c25ebe6de919d75a245b97730aadf470adf766,1,165,0,165,1,0,1,1,1,0,1,1,0,0,41,6,10,0,10,958,0,958,3,0,3,0,99.97377164,NoArch
9dec1b18ba07a83f6d3d8f12f99710477f5e47ae,1,24,0,24,0,0,0,2,4,239,1,1,0,42,89,6,4,2,2,299,166,133,2,1,1,1,100,NoArch
eee37fbdb426e1499dac242eb5b40a4b00629fec,1,0,4,4,0,0,0,4,17,1006,1,1,0,425,24,3,73,75,2,1668,1683,15,32,32,0,0,100,NoArch
39dd6b914a6954bf8f7114e97831482fd616e8bb,2,123,0,123,1,0,1,1,64,71,1,2,0.165427034,1120,42,7,204,202,2,6915,6343,572,57,56,1,1,99.97378081,NoArch
2bda17a6b0075ffbe397c6d3b62ebdc2810c1683,1,13,5,8,0,0,0,7,65,2,1,1,0,1123,43,6,204,203,1,6390,6359,31,57,56,1,1,100,NoArch
43982afdfa2a43ff26a11f4982f5445ee21769cb,2,32,1,31,0,0,0,1,3,14,1,1,0.999337504,391,44,7,43,43,0,2476,2476,0,13,13,0,0,100,NoArch
06da208e163f1fb6da2f4204bac57756b15b4b28,1,99,0,99,1,0,1,1,1,0,1,1,0,0,90,3,8,0,8,524,0,524,2,0,2,1,99.8864232,NoArch
eaafb4c838d46bda61333ff9a350238fe3e43e10,1,124,23,101,0,0,0,1,2,0,1,1,0,99,91,4,23,8,15,1276,524,752,6,2,4,1,100,NoArch
f6ebeecc2affb36a1984079723c5cb2cd0c3181a,3,132,27,105,0,0,0,7,39,235,1,2,1.272946987,1752,45,7,177,164,13,11335,10658,677,82,80,2,1,100,NoArch
42824ffc55a87dc4b8b440c25ad02a816b042a95,1,7,2,5,0,0,0,1,3,50,1,1,0,319,1111,0,46,45,1,1094,1077,17,21,20,1,0,100,NoArch
02ca463bf8898834da4b6bb6e5f8451d24278077,1,9,1,8,0,0,0,2,2,29,1,1,0,153,92,4,17,11,6,602,548,54,16,10,6,0,100,NoArch
3b08860f10a12b8753e24756cf66f4a8d66b270e,128,12147,53,12094,110,0,110,2,140,55,1,9,6.651915216,11736,93,5,2224,1530,694,91017,47766,43251,1282,709,573,1,91.40651225,Arch
3804d66f6f007d20c3372df72b8349033dafecb9,4,68,16,52,0,0,0,1,108,79,1,3,1.300374267,1788,94,5,214,209,5,10125,9777,348,85,82,3,1,100,NoArch
51f68fb11017845ca1e01c657f7b927a2ca359a9,2,12,9,3,0,0,0,2,141,2,1,2,0.985228136,1657,46,8,293,292,1,8825,8762,63,84,84,0,1,100,NoArch
519045b7aba99e86360b6c30a1c45dd04c145853,0,0,0,0,0,0,0,0,0,0,0,0,0,0,47,9,0,0,0,0,0,0,0,0,0,1,100,NoArch
564a9c2ca05c886c0e48e3d9a6b49f040b6173d2,3,42,16,26,0,0,0,4,109,107,1,3,0.34117437,1223,95,6,177,176,1,6522,6352,170,59,58,1,1,99.99192506,NoArch
59643ef23ecf1e0a59fbc4d798b84a8a4457d429,1,3,0,3,0,0,0,6,85,10,1,1,0,1368,48,10,225,224,1,7179,7161,18,90,90,0,1,100,NoArch
40465998ee66c025e726f5ce7ac8ecc3fac480ed,5,39,25,14,0,0,0,2,76,30,2,3,1.760043758,4207,96,7,522,527,5,15229,15129,100,206,210,4,0,100,NoArch
662aee8f211e5848ad400f6d52026e4a350acbc6,1,1,1,0,0,0,0,6,86,0,1,1,0,1371,49,11,225,225,0,7185,7179,6,90,90,0,1,100,NoArch
c01e182cfd510e36496c902dbb385aa3821169ee,1,2,0,2,0,0,0,1,4,62,1,1,0,141,1112,1,24,23,1,490,481,9,14,14,0,0,100,NoArch
ba706d134d14653a015692f5a303fb03ae910dc5,1,11,0,11,0,0,0,1,5,2,1,1,0,143,1113,2,25,24,1,521,490,31,15,14,1,0,100,NoArch
675afd696210db795532a09747244c56e2f0909f,1,161,0,161,1,0,1,1,1,0,1,1,0,0,97,8,15,0,15,846,0,846,7,0,7,0,94.93421053,Arch
5e2eedcac04e26860a6303068fecea13de7e07ee,1,25,16,9,0,0,0,2,2,0,1,1,0,161,1114,3,16,15,1,899,846,53,7,7,0,0,100,NoArch
1ab76f775d4cade018f16f970b93b5ee9d77ac8f,10,16,13,3,0,0,0,4,146,868,2,7,3.193682288,6589,33,0,1127,1127,0,30470,30492,22,497,497,0,1,100,NoArch
9a1f9c2fe3d4c0cc32887d942890da833a4ff093,4,55,41,14,0,0,0,1,2,692,1,1,0.436350223,580,34,1,94,91,3,2622,2560,62,70,68,2,1,100,NoArch
37c2a955a2465df01749cf0d5da3ed19d55df3a1,7,41,18,23,0,0,0,1,24,127,1,4,2.551649689,1381,98,9,145,140,5,6217,6146,71,89,84,5,1,99.99332265,NoArch
9bb46820b2bcfc279083ac84c42f793c882d9f0f,11,271,2,269,4,0,4,1,30,74,1,8,2.396893146,2658,99,10,392,376,16,15602,14518,1084,175,162,13,1,99.93993994,NoArch
c22cd6563b6956a164ff087d7a59ac33676b0071,1,71,86,15,0,0,0,2,3,5,1,1,0,170,100,11,14,16,2,748,899,151,6,7,1,0,99.95331777,NoArch
690b7bcbd1f8da6a277e1c54da956c2c3768cc12,3,14,5,9,0,0,0,4,23,192,1,1,1.529428332,958,50,12,146,144,2,5837,5781,56,61,60,1,0,100,NoArch
3c543a0cd0fafa74c39d472c6ed5c20457382e82,1,1,0,1,0,0,0,2,2,92,1,1,0,1243,101,12,163,163,0,6825,6815,10,82,82,0,0,100,NoArch
19c4316a1c042f2ae6f3c195f333fafd233e0e69,3,28,1,27,0,0,0,1,4,75,2,3,1.17835771,2501,1115,4,335,331,4,12047,11905,142,166,164,2,0,99.99333156,NoArch
c0594251e24a29d19677965c16b2dd8b27f4a1bf,4,59,53,6,0,0,0,1,5,0,2,3,1.667323507,3132,1116,5,420,420,0,15998,15946,52,211,211,0,0,100,NoArch
8262ef790381e8a68c01f1f66596a8ffbca3f67c,4,69,46,23,0,0,0,1,6,112,2,4,0.995239292,2826,1117,6,425,415,10,15835,15682,153,184,184,0,0,99.87333333,NoArch
f0af62f64d32fb2fd8acf6f95b05b8c4a2295783,1,6,0,6,0,0,0,2,4,0,1,1,0,1109,102,13,157,156,1,4375,4321,54,78,78,0,0,100,NoArch
63709a9a886a104312a2733adf8af7c24593f198,1,45,0,45,1,0,1,1,1,0,1,1,0,0,103,14,2,0,2,122,0,122,2,0,2,1,99.986672,NoArch
180b0ec4ab44664c79388651e6e489b4171abc74,9,42,11,31,0,0,0,2,22,0,2,5,2.411519081,2656,1118,7,378,372,6,12300,12079,221,208,208,0,0,100,NoArch
273933378b086ac48c7575686455ddeb8e1c454b,2,2,2,0,0,0,0,4,20,0,1,2,1,471,1119,8,56,56,0,2158,2154,4,29,29,0,0,100,NoArch
d89a3020411098e24c8f5018b0f5c01882a3d264,2,1,6,5,0,0,0,2,6,0,1,2,0.863120569,666,1120,9,87,88,1,4103,4112,9,46,47,1,0,100,NoArch
deea2d11a8b0b6a45e2b11dc43506c35d90e08ce,3,47,12,35,0,0,0,2,8,0,2,3,1.182460855,2589,104,15,359,353,6,12619,12506,113,172,166,6,0,100,NoArch
51e82d59e71d098746027d7b61cddd1ee9e48fa8,1,38,32,6,0,0,0,2,7,0,1,1,0,1324,1121,10,183,183,0,7289,7271,18,88,88,0,0,100,NoArch
789ea7cab9b64cf348e54875ef08cf0f096a3fa5,1,6,4,2,0,0,0,1,3,2,1,1,0,616,1122,11,95,94,1,3317,3305,12,45,45,0,0,100,NoArch
ca801065730a89a040462247e972fa658adddcd5,1,5,0,5,0,0,0,2,6,1633,1,1,0,187,105,16,40,38,2,755,737,18,20,19,1,0,100,NoArch
d761e80ae405ab1373439462bec6507418c0320f,2,146,15,131,0,0,0,1,8,115,2,2,0.985228136,1376,1123,12,211,183,28,8161,7341,820,101,88,13,0,100,NoArch
f73b622a600fbb8ea8c2f0f8b7e8443db6065841,13,260,511,251,0,2,2,1,9,187,2,4,2.311349415,4047,1124,13,521,551,30,18513,19724,1211,267,271,4,0,99.90669155,NoArch
b7c2b678bb37d6d315e22be2e53d0371835f6bf3,4,1371,0,1371,4,0,4,1,1,0,1,3,1.378376058,0,1125,14,177,0,177,7694,0,7694,102,0,102,0,99.9000533,NoArch
657e6fa1dd1f4c3700e14a9fe46e9aa130e830fa,1,7,0,7,0,0,0,2,2,787,1,1,0,223,106,17,17,17,0,1424,1368,56,11,11,0,0,100,NoArch
4dda0d83536040814f3aa8b3aea99e2e4d3006af,1,7,3,4,0,0,0,2,8,344,1,1,0,149,107,17,17,16,1,893,867,26,7,7,0,0,100,NoArch
15065b71c7decf00c0ce9f6ceb8fa75cdc18e5c1,9,41,8,33,0,0,0,3,40,1207,1,6,2.934073696,2014,51,9,263,259,4,9445,9320,125,101,98,3,1,100,NoArch
504bcf0596693070d9c1deb00a6ef2c6455ecf3d,1,1,1,0,0,0,0,6,87,21,1,1,0,1371,108,18,225,225,0,7185,7185,0,90,90,0,0,100,NoArch
586ea12d1e11356751c197c95420b0bc06fbd947,1,8,2,6,0,0,0,8,78,19,1,1,0,1135,934,0,180,180,0,4794,4750,44,50,50,0,1,100,NoArch
60d6c36ff2aeb23f3ca91f7b4cb135f665a776dd,2,10,0,10,0,0,0,4,9,1644,2,2,1,285,52,9,13,11,2,559,539,20,13,11,2,1,100,NoArch
aed1b5c67cc96cee37853cf6067c9c8eadc159a1,0,0,0,0,0,0,0,0,0,0,0,0,0,0,53,10,0,0,0,0,0,0,0,0,0,1,100,NoArch
cfb4234cee8d33d6309e75d8159865fe81d7d1cb,0,0,0,0,0,0,0,0,0,0,0,0,0,0,109,19,0,0,0,0,0,0,0,0,0,0,100,NoArch
9a6074387637d18154dffb3017f7bf396aa7b237,1,75,0,75,0,0,0,4,24,33,1,1,0,695,110,20,51,47,4,4646,4248,398,34,33,1,1,100,NoArch
69e5f769b26be6dd1c3f170d91b79b08b5270349,1,3,1,2,0,0,0,4,16,128,1,1,0,164,935,1,28,28,0,738,730,8,10,10,0,1,100,NoArch
b2148c5e7a809598b391f82c999334381367a231,3,113,9,104,0,0,0,3,14,890,1,3,0.99731072,763,54,9,85,77,8,4174,3634,540,60,54,6,1,100,NoArch
610d5272ec7b948afa4bbfaa2b011b8a2aa74ee6,1,1,2,1,0,0,0,3,15,354,1,1,0,331,55,9,47,47,0,2215,2215,0,30,30,0,1,100,NoArch
a18a55f75ce2410c534a97a94f6b71c2ac40ce6b,0,0,0,0,0,0,0,0,0,0,0,0,0,0,56,10,0,0,0,0,0,0,0,0,0,0,100,NoArch
e16a63815f20681c4c0550dbf1dfa156d32c62ef,1,1,1,0,0,0,0,4,24,303,1,1,0,295,1126,14,35,35,0,1245,1245,0,20,20,0,0,100,NoArch
34b125e18fff93fad1a00d025d53b8dd5e3379fc,0,0,0,0,0,0,0,0,0,0,0,0,0,0,57,11,0,0,0,0,0,0,0,0,0,0,100,NoArch
479acad417aa06a28d90abc0baf6a32f203d4f43,1,3,0,3,0,0,0,4,35,776,1,1,0,454,58,12,79,79,0,3278,3258,20,30,30,0,1,99.97337061,NoArch
049b43cd17dc64aec5ffe9a7cfc8c5a17a9be7fd,3,53,11,42,0,0,0,5,12,907,1,3,1.151113551,260,59,11,32,25,7,1038,757,281,25,18,7,0,100,NoArch
32d6841a13c1d0ed8723f965f9c51a0120fd3952,1,3,2,1,0,0,0,3,4,8,1,1,0,44,60,10,4,4,0,157,153,4,4,4,0,0,100,NoArch
b0eb9731c01f7ce853063a9421708cc4b84bb977,1,19,0,19,0,0,0,3,10,1666,1,1,0,158,61,11,18,17,1,936,792,144,12,11,1,0,100,NoArch
b4aa979d909872bb7de528ef47555ba2ee754d51,1,3,0,3,0,0,0,5,23,1049,1,1,0,1628,111,14,92,92,0,9273,9255,18,59,59,0,0,100,NoArch
9f8777d3a03806be5ce02494496418eeb93f921d,1,1,1,0,0,0,0,7,66,60,1,1,0,1131,112,15,204,204,0,6394,6390,4,57,57,0,1,100,NoArch
e48ff70d4b43b6b29a3c238b2aa835da89e1472c,2,31,12,19,0,0,0,3,15,490,1,2,0.782444129,251,113,16,30,29,1,1169,1039,130,14,12,2,1,100,NoArch
9ad6c089faf923cf92421cab51cd42f2f0a33d55,5,79,57,22,0,0,0,3,143,398,1,3,1.628594472,3102,62,12,531,528,3,14145,13987,158,230,231,1,1,99.92682278,NoArch
9216c18c73e3bf5d755dff963750f08106423b56,4,175,77,98,0,0,0,5,144,243,1,2,1.489555165,3279,114,16,386,390,4,18015,17539,476,146,143,3,0,100,NoArch
7f5e6667f4b2e281bd7a6011a8054775f2b4dbc3,1,3,0,3,0,0,0,5,25,0,1,1,0,1749,115,17,97,97,0,9939,9921,18,61,61,0,1,100,NoArch
9e3e5ad4ccd5f9e818162c693f79eb45d6fba8da,1,6,5,1,0,0,0,1,2,503,1,1,0,158,116,18,16,16,0,876,851,25,9,9,0,1,100,NoArch
8b0bb3373a6d9a5b36f91ce2e888c9ea452ed0f3,8,70,13,57,0,0,0,3,16,710,1,3,1.699996877,1591,63,13,149,146,3,8076,7701,375,91,88,3,1,99.91360404,NoArch
76d9fccb2d6c2972217547a9e929af5e7fd31b0b,1,5,2,3,0,0,0,5,18,70,1,1,0,421,64,13,74,73,1,1683,1668,15,32,32,0,1,100,NoArch
f53e3927668f9a2a1d7a57daa158a7a9922222b2,0,0,0,0,0,0,0,0,0,0,0,0,0,0,65,14,0,0,0,0,0,0,0,0,0,1,100,NoArch
184761a119ae684a910bed41bc0f81bc2334fdb4,3,112,37,75,0,0,0,4,145,19,1,3,1.28066796,3338,117,15,500,497,3,17127,16716,411,162,160,2,1,100,NoArch
ae2a3e21822ee756f3b0d78536d79f06bdf9bf21,1,2,2,0,0,0,0,2,9,32,1,1,0,153,118,13,17,17,0,893,893,0,7,7,0,0,100,NoArch
e24a791f6ebdf27302822b795cf4619950a03374,8,23,23,0,0,0,0,2,3,692,1,4,2.608818477,932,906,0,95,95,0,4145,4187,42,60,60,0,1,100,NoArch
5273aab54855faf0850db22c6f873211f41489f6,0,0,0,0,0,0,0,0,0,0,0,0,0,0,907,1,0,0,0,0,0,0,0,0,0,1,100,NoArch
f4aa952a098fa2b9f41d674a65f19f712b6cef30,0,0,0,0,0,0,0,0,0,0,0,0,0,0,908,2,0,0,0,0,0,0,0,0,0,1,100,NoArch
45c246cd6dabf30ecca751c5ebebab1694dd885d,0,0,0,0,0,0,0,0,0,0,0,0,0,0,909,3,0,0,0,0,0,0,0,0,0,0,100,NoArch
e01a937d29a999eea332d96038552a5cf2130e2e,1,32,0,32,0,0,0,2,3,8,1,1,0,162,910,4,30,24,6,915,721,194,17,14,3,0,100,NoArch
2de531cb5209e0aa8ce46f18379619352583f6ba,2,2,2,0,0,0,0,4,147,99,2,2,1,2290,66,14,405,404,1,9918,9912,6,221,221,0,1,100,NoArch
9d9d4cd69db3923233c2a3ff5d1a6bdf64416553,2,167,9,158,1,0,1,1,17,8,1,2,0.400575543,117,119,9,25,19,6,1329,525,804,12,5,7,1,99.98007704,NoArch
0a5ae2b68eb1379bb9146afc22d0ff51f0dfc9f2,1,11,3,8,0,0,0,5,14,411,1,1,0,152,67,13,24,21,3,674,629,45,9,9,0,1,100,NoArch
3cbe388595cefa937944c3d4efabd2ebcf729974,0,0,0,0,0,0,0,0,0,0,0,0,0,0,68,14,0,0,0,0,0,0,0,0,0,0,100,NoArch
8e6446ffcd2f811c16b14d8a4a6c2d5014cfdd39,2,119,9,110,0,0,0,3,36,582,1,2,0.77197067,519,120,9,92,75,17,3544,2838,706,32,30,2,1,100,NoArch
f54713a7b36e7410702ab686ff02a8db262af527,2,39,2,37,0,0,0,4,146,274,1,2,0.712064055,1519,69,12,268,266,2,7856,7660,196,78,77,1,1,100,NoArch
337962273d4abdcdbea743aee133be4f4c3e8d71,1,1,1,0,0,0,0,4,9,0,1,1,0,131,70,13,4,4,0,624,624,0,2,2,0,1,100,NoArch
d98ea376bac24163571279c6598072af4fc6ed8b,2,58,2,56,1,0,1,2,3,29,2,2,0.468995594,422,121,10,55,53,2,2037,1897,140,16,15,1,1,99.98008233,NoArch
3266019825e3d0ec8c6f8d45cdf4c1b634dd525a,1,2,1,1,0,0,0,4,8,779,1,1,0,401,122,11,59,59,0,1533,1533,0,26,26,0,1,100,NoArch
d458a5d17f8d35373e8f6eff8860c680f01d4cee,1,8,10,2,0,0,0,2,4,2,1,1,0,424,123,12,54,54,0,1884,1901,17,15,15,0,1,100,NoArch
563ec4433a65590b2caab6b42658f3143c36ea74,1,2,5,3,0,0,0,5,37,439,1,1,0,469,25,0,72,74,2,1876,1922,46,41,41,0,1,100,NoArch
212a7904a9fc1ce567ee7d05c80924602914c6fe,2,485,4,481,1,0,1,1,24,192,1,2,0.166222695,385,124,7,106,41,65,3895,1520,2375,57,27,30,1,99.97345015,NoArch
b56cb8f3e2701af54cd5db5ad91adaccd8bfef85,2,16,7,9,0,0,0,3,38,396,1,2,0.426228657,602,125,7,86,87,1,2642,2586,56,50,50,0,1,100,NoArch
c7b48c4757c89a58bdf9097a8ca60c247a37deee,1,2,1,1,0,0,0,6,110,102,1,1,0,730,126,8,124,124,0,3395,3387,8,33,33,0,0,100,NoArch
6d9163af397eaef25ea094213d22b3957c7ef261,1,5,0,5,0,0,0,2,9,156,1,1,0,291,127,8,22,21,1,1629,1609,20,12,11,1,0,100,NoArch
b514d3fb4b71621ea0cbc180ba0e64534d0d4621,11,863,165,698,6,0,6,1,20,653,1,2,3.125670973,819,71,4,174,121,53,6168,3862,2306,94,59,35,1,97.88494078,Arch
f9d5449f47c2067dfe9606133d085ea5e0da734d,10,275,43,232,0,0,0,1,147,274,1,4,2.534589727,4042,128,4,622,588,34,19523,18431,1092,292,280,12,1,99.98495675,NoArch
369b1b50fffb6f0646f801081ebe3130812cc356,0,0,0,0,0,0,0,0,0,0,0,0,0,0,129,5,0,0,0,0,0,0,0,0,0,1,100,NoArch
a91f59a201d6ad39d23135603d6166f2f1737b22,1,1,1,0,0,0,0,2,10,103,1,1,0,1368,130,6,187,187,0,7494,7494,0,89,89,0,1,100,NoArch
2a58f4c3a2a0a27ac51b25273239008e05126607,5,61,6,55,0,0,0,5,101,683,1,2,1.990360597,3653,72,1,453,443,10,13093,12854,239,283,273,10,1,99.90969975,NoArch
3b06e128f91542255e43d80eb2f1f10e32d03c65,2,115,4,111,1,0,1,1,36,489,1,2,0.569527391,304,131,7,68,51,17,2378,1939,439,26,14,12,1,99.917231,NoArch
95ff01053a1e91a96cd1bffdb81442be89ef3734,1,51,43,8,0,0,0,3,27,1069,1,1,0,173,1127,0,30,28,2,818,791,27,13,11,2,0,100,NoArch
b41e1a7579591f954f99776860a69cd3d3b73b4a,1,1,1,0,0,0,0,2,9,354,1,1,0,187,1128,1,36,36,0,710,710,0,31,31,0,0,100,NoArch
6e989edaa1df51c398a94e22912f04733de35831,1,10,1,9,0,0,0,4,28,105,1,1,0,159,1129,2,19,16,3,847,785,62,9,8,1,0,100,NoArch
7b16aec2c0edec1bff95245900e702811aa3a718,2,9,3,6,0,0,0,3,14,1165,2,2,0.979868757,319,132,8,43,42,1,1191,1174,17,18,18,0,1,100,NoArch
a1cccb9ed96a7736bb594dcd63d2eabc47c3b825,0,0,0,0,0,0,0,0,0,0,0,0,0,0,73,2,0,0,0,0,0,0,0,0,0,0,100,NoArch
08aecbee6e9754e696f3bdf64634263dc73cb5c5,4,254,32,222,1,0,1,1,148,92,1,4,1.279123738,2050,133,9,407,383,24,11242,10104,1138,135,126,9,1,99.84190318,NoArch
86ec0553c564dd31fc2007d9d1ab7acb05ae634b,1,163,26,137,0,0,0,1,2,5,1,1,0,199,134,6,33,20,13,1664,1001,663,15,8,7,1,99.90960452,NoArch
42d91a3b79c8331d1ed43e6b1fbb3a6345194f0f,2,52,11,41,0,0,0,4,11,963,1,2,0.999818247,470,74,2,35,33,2,2745,2498,247,28,28,0,1,100,NoArch
fb9a292be1330ea72b1d84b8fb0f28d891ed7b82,1,75,32,43,0,0,0,1,3,14,1,1,0,336,135,7,38,33,5,1863,1664,199,16,15,1,0,100,NoArch
31c7e620c272d97bf3839f584e5deb133e5da23a,1,19,1,18,0,0,0,9,148,89,1,1,0,2012,136,8,358,352,6,8713,8631,82,190,189,1,0,100,NoArch
65aef3660065244b797aa38bf2dbc1be59a68920,1,2,3,1,0,0,0,4,4,99,1,1,0,234,75,3,28,28,0,1121,1123,2,16,16,0,0,100,NoArch
27ea85e15ac2d82746a05a6d7b74024da4546b4d,1,1,2,1,0,0,0,4,5,0,1,1,0,233,76,4,28,28,0,1117,1121,4,16,16,0,0,100,NoArch
132f662209f7e25a1d9c240fdddcf61e0ed1226c,21,270,56,214,0,0,0,3,149,357,2,12,3.249228281,10007,137,9,1678,1656,22,48652,47476,1176,634,628,6,1,100,NoArch
84dbbc758b6eb308b993e9ede3c46cb4495fdffb,1,3,3,0,0,0,0,5,23,801,1,1,0,536,138,10,140,140,0,2739,2730,9,43,43,0,1,100,NoArch
3d64397cbf2e47f703492d84d477aad9bf0665dd,1,23,6,17,0,0,0,1,2,374,1,1,0,312,1130,3,48,43,5,1531,1490,41,39,34,5,0,100,NoArch
681d149ffd12e1f5e3a0a4970a295638198a6105,1,538,28,510,0,0,0,4,7,1787,1,1,0,79,139,11,171,10,161,3228,305,2923,58,8,50,1,99.96987725,NoArch
9a0de1ccaff60f1e7549dd61fd65a9649361d45f,0,0,0,0,0,0,0,0,0,0,0,0,0,0,140,12,0,0,0,0,0,0,0,0,0,1,100,NoArch
d2e9236f30b8038ad7b042b187cca19e1a72b46a,4,37,14,23,0,0,0,2,2,848,1,2,1.288267075,444,77,5,21,21,0,2358,2203,155,16,16,0,1,99.99246875,NoArch
24dced675c343f44e44a4ea4a85690f189102e44,1,3,1,2,0,0,0,5,16,136,1,1,0,198,141,13,17,17,0,964,964,0,6,6,0,0,100,NoArch
b8964671463447faffbc86c873f6d38affbdd9cc,1,6,4,2,0,0,0,4,8,2,1,1,0,589,142,10,173,171,2,3264,3228,36,58,58,0,0,100,NoArch
69946d98059bf419449a886ca37629e007d79e49,0,0,0,0,0,0,0,0,0,0,0,0,0,0,78,5,0,0,0,0,0,0,0,0,0,1,100,NoArch
c8e518b2dc3f1c8616f7499ff53d8d803bd12306,9,94,63,31,0,0,0,1,30,29,1,7,2.138050045,2645,143,10,399,392,7,11879,11672,207,195,194,1,1,99.93976811,NoArch
eab5a3a2e2f8310f6f71e10ba7ab80408ea999aa,4,60,44,16,0,0,0,1,38,3,1,3,1.653084837,1551,144,11,240,231,9,7910,7771,139,99,99,0,1,99.98494656,NoArch
cd174e7829728af81fe89ff35fdc53eb32cb9fda,1,3,3,0,0,0,0,2,6,675,1,1,0,100,79,5,8,8,0,523,522,1,1,1,0,1,100,NoArch
f8ef7ff31f591b49b2aca490ed840d1380ea3d2f,3,28,3,25,0,0,0,7,102,85,1,1,1.145222116,5322,80,6,636,630,6,17719,17606,113,310,307,3,1,100,NoArch
e45bb0690764746dc2f6ae66d3b55efa873b4592,13,224,95,129,0,0,0,1,150,277,1,7,2.561403452,10483,145,11,1528,1508,20,44011,43290,721,588,583,5,1,100,NoArch
1f4757b9d18839a5e0c29bc4adcf5c266fe42cc8,1,4,22,18,0,0,0,1,8,0,1,1,0,522,146,12,53,53,0,2562,2629,67,23,23,0,1,100,NoArch
21cd3e69c61783a2a0b2ee3c0ae39f16c67fa8c8,2,4,4,0,0,0,0,7,67,330,1,1,1,1224,147,12,214,214,0,6832,6818,14,63,63,0,0,100,NoArch
9f548bb74aa9da57c0226e4eaa381f1efeff8a9e,4,25,34,9,0,0,0,1,104,8,1,2,1.784549136,5881,148,13,696,697,1,20382,20458,76,333,335,2,1,100,NoArch
5511217fb154d106541766112cbf7619cd896376,4,110,24,86,0,0,0,4,68,344,1,3,1.606105428,2110,149,14,315,305,10,11234,10759,475,139,134,5,1,99.96989539,NoArch
5b8a88689127b239cc2e10531b8610296e1cf3f9,3,34,22,12,0,0,0,7,69,49,1,1,1.124562014,1328,150,15,234,227,7,7439,7327,112,67,67,0,0,100,NoArch
966658fdadb5bca08acacaff23d910eb605a7c90,3,27,16,11,0,0,0,7,70,3,1,1,0.891512872,1340,151,14,237,234,3,7560,7439,121,66,67,1,1,100,NoArch
97ed8c028303d88fd4717f385c554e36616d5f3a,0,0,0,0,0,0,0,0,0,0,0,0,0,0,81,3,0,0,0,0,0,0,0,0,0,1,100,NoArch
bcbb1ec1dedbeae06e8e40acf9f747b22bba1fe6,1,17,2,15,0,0,0,2,2,891,1,1,0,54,152,9,4,3,1,281,198,83,3,2,1,0,100,NoArch
3da13732ec2d556ed1aa021a11b215ab0f3270b2,7,213,17,196,0,0,0,4,71,431,1,5,1.562860216,2829,153,10,418,410,8,15990,15045,945,163,157,6,1,100,NoArch
d185430ffeadeea3a188019184e5c80b3b2a8bf4,7,250,58,192,1,0,1,2,72,626,1,4,2.532911225,1918,82,4,337,321,16,10741,9812,929,128,110,18,1,97.42830424,Arch
8f80e3429276fee017ba171a74bd32aef6d0023a,1,15,8,7,0,0,0,4,19,7,1,1,0,319,83,5,66,66,0,1934,1862,72,16,16,0,1,100,NoArch
ff59a598cc9016e68471ff62a58a5538b9ba7507,1,0,1,1,0,0,0,4,20,0,1,1,0,326,84,6,66,66,0,1923,1934,11,16,16,0,0,100,NoArch
0c89959c59a332e495d74e2115584409456afe5b,1,3,5,2,0,0,0,7,73,14,1,1,0,1157,154,9,212,213,1,6654,6695,41,56,56,0,1,100,NoArch
e6790674dc1352d09781ff6cca6207e4a7af2bd7,3,88,2,86,0,0,0,4,26,1246,1,3,0.440319232,853,85,6,124,116,8,4027,3491,536,77,71,6,1,99.96769504,NoArch
4441fa74424dc1b69234a1a8c3ae7bacdd35c2e6,2,2,4,2,0,0,0,2,6,1006,2,2,0.918295834,2722,86,6,351,351,0,10537,10534,3,92,92,0,0,100,NoArch
7ae174f4f8cbdef55cf9eae1d6549a4f22fe7926,0,0,0,0,0,0,0,0,0,0,0,0,0,0,87,7,0,0,0,0,0,0,0,0,0,0,100,NoArch
4e0609f5cbf47b004385774ab5d6fa12ad5568d5,1,4,2,2,0,0,0,6,113,41,1,1,0,748,155,8,128,128,0,3517,3515,2,33,33,0,1,100,NoArch
7a4d84a5b8ca5893474422986936c11d5daae50d,0,0,0,0,0,0,0,0,0,0,0,0,0,0,88,7,0,0,0,0,0,0,0,0,0,0,100,NoArch
a259babc346a73a0ad0fe7301875c22fccf0e0ec,1,5,0,5,0,0,0,5,21,944,1,1,0,327,156,9,41,41,0,1255,1204,51,15,15,0,1,100,NoArch
047030447d00fb4b2b5e82600749a3bda8421854,1,8,8,0,0,0,0,4,10,29,1,1,0,497,157,9,18,18,0,2215,2215,0,15,15,0,0,100,NoArch
bdee5a2558fbeaf65fd5243d44e13b9b7baf80f4,0,0,0,0,0,0,0,0,0,0,0,0,0,0,89,8,0,0,0,0,0,0,0,0,0,1,100,NoArch
6fc95f5ce8f2fd7ac5196e0f245974a27bb34cf9,0,0,0,0,0,0,0,0,0,0,0,0,0,0,90,9,0,0,0,0,0,0,0,0,0,0,100,NoArch
82d7182939d7ef9c59e36131782b7cc57811d2cf,1,51,3,48,0,0,0,3,7,1198,1,1,0,54,91,9,12,5,7,282,169,113,3,1,2,1,100,NoArch
a49ba6c040f3ac07694cf7d8eb54a5c914c28494,5,158,60,98,2,1,3,4,18,723,1,3,1.787181231,409,92,10,61,54,7,1985,1739,246,26,24,2,1,94.54005935,Arch
75a8d9d623179cb1a67dc0088ef60197d5d5accc,0,0,0,0,0,0,0,0,0,0,0,0,0,0,93,8,0,0,0,0,0,0,0,0,0,0,100,NoArch
be4d64b18c5d13c697f7d4e7ade39feb9d70a7dc,2,2,2,0,0,0,0,4,8,1117,1,2,1,423,94,9,13,13,0,2438,2438,0,6,6,0,0,100,NoArch
d62860f98cdafb7032c8f70860654666bb6d31ac,1,1,1,0,0,0,0,4,12,1875,1,1,0,68,95,10,8,8,0,227,221,6,6,6,0,0,100,NoArch
6999a02d703e67b4a462573ac5c76b2f5e1e80fd,7,165,532,367,1,3,4,2,8,1608,1,3,2.459258635,1063,96,9,90,133,43,3977,5411,1434,25,54,29,1,99.91069036,NoArch
01e2aec7b59cf5def1c69a6c2208c7648b6956d2,2,61,0,61,1,0,1,1,15,950,1,2,0.208180946,136,158,0,26,23,3,885,663,222,21,18,3,1,99.98213329,NoArch
206df1bd5741424e3eadd4fcbb38411547a85379,1,31,0,31,0,0,0,2,2,650,1,1,0,40,97,4,5,2,3,264,98,166,3,2,1,1,100,NoArch
62e1abfb902ac48741481bd0d80783ecef9e79a4,7,99,25,74,0,0,0,2,149,683,1,6,1.935154173,5288,98,4,938,930,8,25216,24848,368,454,450,4,1,99.91957823,NoArch
245771a14d81dda10a64a70406ea40cac7433f36,1,135,0,135,1,0,1,1,1,0,1,1,0,0,159,1,12,0,12,655,0,655,8,0,8,1,99.97318556,NoArch
4b4ce4aaf272792d0beba07b47e7aac6850e9228,2,96,1,95,1,0,1,1,74,70,1,2,0.478723511,848,160,2,181,169,12,4397,3975,422,56,54,2,1,99.94639028,NoArch
dd1b847ad73fc13f0f12e8fc0c5f278bcbafaeb6,1,6,1,5,0,0,0,4,23,1255,1,1,0,147,161,3,20,19,1,733,709,24,12,12,0,0,100,NoArch
09bae42a83c2c20867b0e7ac9c101837c5f06b5c,6,109,26,83,1,0,1,3,38,1325,2,4,1.824094852,912,99,2,138,128,10,4518,3941,577,78,73,5,1,98.43914416,NoArch
2407a7b4ec8293ff196bce2b3adccabce9c8b0ed,1,1,1,0,0,0,0,2,2,1342,1,1,0,95,162,4,7,7,0,402,398,4,5,5,0,0,100,NoArch
9383c6d697658f6ac7902e621124649b510b6bb3,2,103,0,103,1,0,1,1,75,2,2,2,0.078856014,856,163,5,178,171,7,4378,4016,362,60,54,6,1,99.98278237,NoArch
91244607973cc5d4eccf9f3d1dd56c74d6b7635b,1,2,2,0,0,0,0,2,2,59,1,1,0,88,164,6,11,11,0,422,418,4,6,6,0,0,100,NoArch
34ee8cc7dd893a7477ce78ffdc9356498223f14c,0,0,0,0,0,0,0,0,0,0,0,0,0,0,100,3,0,0,0,0,0,0,0,0,0,0,100,NoArch
1421317bd2243f6f5bb638c209f1aaf2209baf99,3,52,1,51,1,0,1,1,151,140,1,3,0.269548899,1895,165,7,303,301,2,9574,9375,199,90,88,2,1,99.94836489,NoArch
5414e76a85ecd978a2130485065f8f6e304cdfbf,1,1,1,0,0,0,0,2,6,1934,1,1,0,112,166,8,12,12,0,381,380,1,11,11,0,0,100,NoArch
558ff7802d797d2c63c9efa12f179de080d8910d,1,134,0,134,1,0,1,1,1,0,1,1,0,0,167,9,12,0,12,655,0,655,8,0,8,1,99.97419133,NoArch
634a52a4a2ec5301d09cb07ee23adea3b1973f2b,1,3,1,2,0,0,0,2,6,1934,1,1,0,69,168,10,8,7,1,247,237,10,7,7,0,1,100,NoArch
7310949981a239ef89d0dc2e5e0c360f7e245017,3,46,3,43,1,0,1,1,13,2,1,2,1.324596001,260,101,4,32,31,1,1335,1288,47,15,14,1,1,99.98280014,NoArch
bb153aeb12626d5e36144753643175c16263d17e,1,2,2,0,0,0,0,2,11,198,1,1,0,1368,169,11,187,187,0,7494,7494,0,89,89,0,0,100,NoArch
120d1d457a16286a45aa42cc17e7643531fbbcc6,0,0,0,0,0,0,0,0,0,0,0,0,0,0,102,5,0,0,0,0,0,0,0,0,0,1,100,NoArch
f7cba2a28e198ae16073d32ec9f8fc2f7e0f2c4a,2,26,0,26,0,0,0,2,39,709,1,2,0.98285869,679,170,11,90,87,3,3059,2916,143,51,48,3,0,100,NoArch
8487e1a25d938ba214a76b85a03098638783cabf,0,0,0,0,0,0,0,0,0,0,0,0,0,0,103,6,0,0,0,0,0,0,0,0,0,0,100,NoArch
e22a37a70e65ceed6f807085cca24bc757e81c20,13,160,132,28,0,0,0,1,46,443,2,4,3.507631294,4570,1131,0,644,634,10,22676,22435,241,320,318,2,0,99.99140155,NoArch
c442ebcc7de1c7423c2b99d2146bdf6c3e6180a5,1,40,0,40,1,0,1,1,1,0,1,1,0,0,1132,1,3,0,3,59,0,59,3,0,3,0,99.96560028,NoArch
461af7c9e158b2d8f1a1df27549060f894f09918,2,146,1,145,1,0,1,1,84,67,1,2,0.14372617,1180,104,7,203,191,12,5692,5010,682,59,52,7,1,99.98280014,NoArch
b997d257d53979ccbfa61669c0c102251a37e1ac,4,94,5,89,0,0,0,4,85,664,1,4,1.272542009,2693,171,12,361,351,10,13771,13173,598,141,137,4,1,99.99140155,NoArch
9b801d19d0938a3a30ab892591e190c97993c54f,1,0,2,2,0,0,0,5,48,0,1,1,0,490,172,13,85,85,0,2310,2330,20,35,35,0,1,100,NoArch
2a1ec7c99e6b949558d48826c9ca0f4c781ef548,1,4,41,37,0,0,0,5,47,3,1,1,0,591,1133,2,80,88,8,2065,2276,211,46,47,1,0,100,NoArch
a707594a8d1ff9aadea2f43ddc21f58fe6f05e05,4,13,17,4,0,0,0,2,86,0,1,4,1.868273412,2741,173,14,352,353,1,13665,13646,19,133,133,0,1,100,NoArch
2b28443a05a542c5030d4fa6da785f7ff068fd9b,1,300,0,300,1,0,1,1,1,0,1,1,0,0,936,0,38,0,38,1473,0,1473,8,0,8,1,99.98280605,NoArch
c02d2462b5915063e648725394122a71a56c3eb2,1,1,1,0,0,0,0,4,15,1418,1,1,0,157,937,1,12,12,0,543,543,0,11,11,0,0,100,NoArch
9797077d6a7780f464878e6709391677deca4d9a,1,26,0,26,0,0,0,5,14,1126,1,1,0,370,938,2,57,56,1,2090,1851,239,12,12,0,1,100,NoArch
a77e964b92c15e242d7556366174b23b2cfe5cef,1,1,1,0,0,0,0,4,26,308,1,1,0,173,939,3,20,20,0,903,901,2,9,9,0,1,100,NoArch
25b216548d9b4dff521aec98df36380d10941823,2,206,12,194,1,0,1,1,74,56,1,2,0.66747422,1155,940,4,229,212,17,7619,6654,965,68,56,12,1,99.98281196,NoArch
7135a68559373b390dfcb96895831ca689717784,0,0,0,0,0,0,0,0,0,0,0,0,0,0,174,15,0,0,0,0,0,0,0,0,0,0,100,NoArch
1a8fd95e6f34790cb5284d7862839502d766c5de,1,1,3,2,0,0,0,2,3,331,1,1,0,341,175,16,62,62,0,1650,1650,0,50,50,0,1,100,NoArch
c2922ad1fcf85a72e69b294efeea3ed7720e2adb,2,380,11,369,1,0,1,1,11,416,1,1,0.246497829,205,941,5,58,18,40,3236,1198,2038,26,8,18,1,99.95705574,NoArch
684c901016378fa9196481828834880bfaabce79,2,79,3,76,1,0,1,1,76,18,1,2,0.331305613,857,176,14,177,171,6,4367,4023,344,58,54,4,0,99.98283262,NoArch
1d5440a1cd6239b10312c612171cd004949b476c,0,0,0,0,0,0,0,0,0,0,0,0,0,0,105,4,0,0,0,0,0,0,0,0,0,1,100,NoArch
af13cfc1cecd684673e995eeb36147a2a45730b6,1,1,1,0,0,0,0,3,3,290,1,1,0,104,106,5,15,15,0,434,438,4,6,6,0,0,100,NoArch
33e05c7f678f5a52e0de01b53cae021910e6d9f6,0,0,0,0,0,0,0,0,0,0,0,0,0,0,107,6,0,0,0,0,0,0,0,0,0,0,100,NoArch
c43eda363becbfea7390810fc743656e4234b48e,3,76,5,71,1,0,1,1,30,266,1,3,0.628343269,587,108,5,112,103,9,3587,3220,367,64,59,5,1,99.96568291,NoArch
63baaf038a06018338444370e0301ae3fb955a65,3,104,9,95,0,0,0,1,7,700,1,2,1.381465941,252,177,7,36,27,9,1571,999,572,20,14,6,1,100,NoArch
32ff105a20aaf0a709592995832da8db923e2b28,1,0,69,69,0,0,0,3,3,314,1,1,0,68,178,5,0,4,4,0,329,329,0,2,2,0,99.96568585,NoArch
7b78c3648567a0cdb56dfcf85eac06d0bf885c58,1,2,2,0,0,0,0,6,39,68,1,1,0,400,179,6,66,66,0,1721,1729,8,39,39,0,0,100,NoArch
fee7f6a7101711e94328467bff2c9612844b7c87,4,42,18,24,0,0,0,7,40,407,1,4,0.927352815,1856,109,4,120,118,2,11218,11133,85,82,82,0,1,100,NoArch
34f00a6a03e662406a3fcf0d1ad07a2fe0bb5db2,0,0,0,0,0,0,0,0,0,0,0,0,0,0,180,4,0,0,0,0,0,0,0,0,0,0,100,NoArch
88dfd77002417434eac8e12db586f0b31ea37782,1,15,8,7,0,0,0,2,3,276,1,1,0,236,110,5,33,31,2,1096,1090,6,15,13,2,1,100,NoArch
fbddf4f8683a0c246899b290ad9269c42367188d,2,68,0,68,1,0,1,3,7,91,1,2,0.923119984,87,181,4,12,3,9,773,508,265,10,3,7,1,99.98284146,NoArch
a88a513e3c91d65a311614ca84c9d2725d694bbe,2,6,4,2,0,0,0,2,13,330,2,2,0.721928095,1468,182,5,200,200,0,7800,7795,5,90,90,0,0,100,NoArch
38b840a61f4e909f6196fd3cf36e884f586ded58,2,19,22,3,0,0,0,2,14,233,1,2,0.281193796,1423,183,6,190,189,1,7665,7679,14,91,91,0,1,100,NoArch
f82530d93ba44499a7e1d2026e607b02eccf4799,3,319,8,311,1,0,1,4,9,669,1,2,0.373112261,655,942,0,118,87,31,4840,4075,765,77,46,31,0,99.98284734,NoArch
1e821c5d41043e2dfb88f984aedf12c509910a41,0,0,0,0,0,0,0,0,0,0,0,0,0,0,943,1,0,0,0,0,0,0,0,0,0,0,100,NoArch
07822041b4a877f55d375f178618bb104fe95e51,1,1,1,0,0,0,0,9,150,104,1,1,0,2047,184,7,360,360,0,8776,8774,2,191,191,0,0,100,NoArch
78e7221d3eea4b776387ff68ad4f14b06cfad854,6,6,1,5,0,0,0,3,20,1820,1,2,2.521640636,864,111,3,123,123,0,2737,2702,35,90,90,0,1,100,NoArch
2cdb51bb748250762891554739ca2125c13122c6,2,36,0,36,0,0,0,2,4,1765,1,2,0.309543429,315,112,3,39,37,2,1793,1539,254,15,14,1,1,99.96567113,NoArch
2d42b629c55b25123be84134c00bbf7cc126ff51,0,0,0,0,0,0,0,0,0,0,0,0,0,0,185,7,0,0,0,0,0,0,0,0,0,1,100,NoArch
9ebc508a5a1554fba8b05b0c7dd97227b4f47296,0,0,0,0,0,0,0,0,0,0,0,0,0,0,186,8,0,0,0,0,0,0,0,0,0,1,100,NoArch
1ebc6eeb04117ab59a8ac42a6c45500029f1c733,0,0,0,0,0,0,0,0,0,0,0,0,0,0,187,9,0,0,0,0,0,0,0,0,0,1,100,NoArch
9ed41e25e1b7d7ee85b4a05e6d92140e8b504354,0,0,0,0,0,0,0,0,0,0,0,0,0,0,26,0,0,0,0,0,0,0,0,0,0,0,100,NoArch
de4b78397e672373c08f7d7234657bcef6fcbd47,0,0,0,0,0,0,0,0,0,0,0,0,0,0,27,1,0,0,0,0,0,0,0,0,0,0,100,NoArch
9670af1e0d766aaaadf07eba6fd4756a82c84118,3,179,35,144,0,0,0,4,75,534,1,2,1.342668884,1940,188,7,296,276,20,11078,10201,877,109,102,7,1,100,NoArch
9a852b2a992b0e9c21f05df2be272fb42d738d32,0,0,0,0,0,0,0,0,0,0,0,0,0,0,189,8,0,0,0,0,0,0,0,0,0,0,100,NoArch
e2778fbf7d81b10fa558deeb9ccf66d374de7f4f,2,10,2,8,0,0,0,3,31,387,1,2,0.650022422,953,190,7,135,133,2,5355,5307,48,43,43,0,1,100,NoArch
29e3702cfd51ef83c0a596cf206ae56a99d58a90,1,132,2,130,0,0,0,4,9,356,1,1,0,239,113,2,39,25,14,1976,1272,704,14,8,6,1,99.99141041,NoArch
3d77a2f90c1e6da41e394d052ef42064a3b673d0,1,4,1,3,0,0,0,3,11,256,1,1,0,423,191,7,72,71,1,1780,1765,15,33,33,0,1,100,NoArch
74bcc2ec4adc8caecac2900363559e2e0a5116d3,0,0,0,0,0,0,0,0,0,0,0,0,0,0,1,0,0,0,0,0,0,0,0,0,0,1,100,NoArch
a0b9aec6e95c566c22e04e8874f9729ec4490819,1,70,0,70,1,0,1,1,1,0,1,1,0,0,192,8,2,0,2,277,0,277,1,0,1,1,99.98282377,NoArch
c1c7e10e945c1dd1bdfe8ba789e4488d3d66365d,0,0,0,0,0,0,0,0,0,0,0,0,0,0,114,3,0,0,0,0,0,0,0,0,0,0,100,NoArch
b675bb045c7f9f7f7370b325ab2d5953619d1d47,0,0,0,0,0,0,0,0,0,0,0,0,0,0,115,4,0,0,0,0,0,0,0,0,0,0,100,NoArch
531349030492b42f50ffd7e98085e8708bef56ec,2,88,8,80,1,0,1,1,10,568,1,2,0.625262405,278,193,9,42,37,5,1627,1264,363,21,18,3,0,98.19843117,NoArch
3d6034b7ebe67ed7ad81edf3db2d1eeefd9ca45e,2,34,12,22,0,0,0,1,26,158,1,2,0.151096971,470,194,10,47,45,2,2084,1919,165,31,29,2,1,100,NoArch
b36235f291d5871419772b62d92a14f2d1bb7a7a,0,0,0,0,0,0,0,0,0,0,0,0,0,0,5,0,0,0,0,0,0,0,0,0,0,1,100,NoArch
a09c8108596a4c5266233b2231b0e6bd0d8b5a30,1,1,1,0,0,0,0,3,3,2061,1,1,0,228,116,5,35,35,0,1025,1031,6,8,8,0,1,100,NoArch
2e7d2195ccac6a58fb85f2087cc6e26b2c177211,3,20,17,3,0,0,0,4,89,146,1,3,1.097354951,2064,117,6,333,333,0,10537,10520,17,136,136,0,1,100,NoArch
753b21047a234f69ca56f2706b62a5c537d4138c,4,13,22,9,0,0,0,1,29,306,1,4,1.479849509,642,195,10,68,68,0,2796,2845,49,39,39,0,1,98.20751465,NoArch
7cf47287b8ec07ab77d3c09aec55e20be91d51c2,1,3,2,1,0,0,0,4,12,12,1,1,0,426,1,0,72,72,0,1782,1780,2,33,33,0,1,100,NoArch
36eaff08aefe22ebee8db212ea6ff001f9c6dd93,607,3046,53675,50629,7,343,350,0,144,40,15,116,8.412619602,124706,1,0,9875,14476,4601,335757,550373,214616,4875,7604,2729,1,88.20487963,Arch
d20da4460d914ff771a2de1e2e76a2182088c512,607,53697,3053,50644,343,7,350,1,151,248,15,116,8.412248764,74077,118,6,14466,9880,4586,550002,335955,214047,7599,4879,2720,0,88.20487963,Arch
a740183da25c4dbf8fb614a124f74cefe9dad0ba,1,32,4,28,0,0,0,1,12,264,1,1,0,198,196,11,15,14,1,1220,1049,171,10,9,1,0,99.94851111,NoArch
22422ac5de6f98804e7114b3ea75f0a5a2f36c63,1,31,6,25,0,0,0,4,12,20,1,1,0,575,197,12,30,26,4,2845,2712,133,18,17,1,0,100,NoArch
0f1907138b434d1bddacd37ecefe0b35eec085df,2,53,27,26,1,0,1,6,40,61,1,1,0.848548178,484,2,1,74,73,1,2003,1950,53,44,43,1,1,99.98284146,NoArch
d2dbe18cfbb36b6df142bb94c0c80396571084fc,607,3054,53801,50747,6,344,350,0,144,39,15,116,8.414467274,124800,2,1,9874,14483,4609,335706,550781,215075,4874,7608,2734,1,88.18159787,Arch
b97dbff52ac698284cb1a232b8a94b711717522c,608,53831,3059,50772,344,6,350,1,151,251,15,116,8.416335748,74140,198,13,14483,9886,4597,550808,336225,214583,7608,4882,2726,1,88.18159787,Arch
4ee34c96097e0eb3885df88e7e31752efc112664,0,0,0,0,0,0,0,0,0,0,0,0,0,0,199,14,0,0,0,0,0,0,0,0,0,1,100,NoArch
101c35b8e88b4f591afc28caa86faad008e97bab,6,46,6,40,0,0,0,3,62,843,2,5,2.135051806,2342,119,6,344,336,8,11620,11432,188,176,172,4,1,100,NoArch
7da1e6eb8055a220952aedb9bb6d268fedc40d83,1,125,0,125,1,0,1,1,1,0,1,1,0,0,3,2,10,0,10,624,0,624,7,0,7,1,99.98284734,NoArch
5a8d59d107657183d583c45f15d6e60b64bbd8de,1,1,1,0,0,0,0,4,13,2,1,1,0,400,120,7,45,45,0,2079,2079,0,17,17,0,1,100,NoArch
e5838398105f60bc7521784eacd81dc0762b92fd,0,0,0,0,0,0,0,0,0,0,0,0,0,0,121,8,0,0,0,0,0,0,0,0,0,1,100,NoArch
c6a485f90b5f3bc17002303b9dfaa6dc0bb127b9,13,231,76,155,0,0,0,2,152,244,1,7,2.389551915,6851,200,12,1035,1017,18,33452,32501,951,496,481,15,1,99.99142514,NoArch
6a121b33eded87b3aacfef2feebdb4175b7eb31e,1,146,0,146,1,0,1,1,1,0,1,1,0,0,201,13,12,0,12,769,0,769,6,0,6,1,99.98285322,NoArch
00bb52bcdea83004cfacbdf2b21e9dc96cbdcc30,1,63,0,63,1,0,1,1,1,0,1,1,0,0,202,14,4,0,4,234,0,234,3,0,3,0,99.9828591,NoArch
7ac1bb8baa5c36aff10f9d28e45c5aa66d373438,2,7,11,4,0,0,0,4,19,1748,1,1,0.503258335,637,203,15,65,66,1,3729,3804,75,44,45,1,1,100,NoArch
5807370a244257475c6531a18b7e8abfaf57d3f0,1,5,4,1,0,0,0,4,10,2086,1,1,0,174,122,9,21,21,0,619,623,4,11,11,0,0,100,NoArch
5a0da57be8f4c6031c3bcdc33e025d2c6552e879,1,1,1,0,0,0,0,4,28,9,1,1,0,514,944,0,74,74,0,1612,1612,0,58,58,0,1,100,NoArch
c688b78617ce1541efd13be214b29bc12fff1bb7,1,0,5,5,0,0,0,2,4,9,1,1,0,157,204,16,12,13,1,777,807,30,6,7,1,0,100,NoArch
8c70e4a78055dce69faef0bf718d36120666c1b7,2,190,2,188,1,0,1,3,10,1044,1,2,0.249882293,493,945,1,74,45,29,4175,3332,843,32,21,11,1,99.98286498,NoArch
7a59d284dc6401b6b756edbfda1dc759c82cf5d4,9,219,77,142,0,0,0,1,153,137,1,5,2.091540207,5653,205,17,923,908,15,29145,28147,998,321,318,3,1,100,NoArch
2a6c87259c58f09ac3b58c3b4709f2c3351015ec,0,0,0,0,0,0,0,0,0,0,0,0,0,0,206,15,0,0,0,0,0,0,0,0,0,1,100,NoArch
bd1b10c207cfd250fe600a554420db8c5d6a68f6,5,93,5,88,0,0,0,2,40,941,1,4,1.799544345,1193,207,16,202,186,16,5809,5180,629,98,93,5,1,99.88862234,NoArch
63f14732c7d95dc2d3d60793fc5afd47c58281c9,2,44,27,17,0,0,0,3,11,1056,1,2,0.769820581,271,208,17,30,28,2,1050,956,94,19,17,2,1,100,NoArch
c19e93976cfcef5a0731a8c4be0bd2a672ffdbe0,1,1,1,0,0,0,0,2,2,111,1,1,0,71,209,17,5,5,0,338,339,1,5,5,0,0,100,NoArch
5c15b52e517abd744669cd90ed95ad1955b0daeb,1,1,1,0,0,0,0,1,2,131,1,1,0,77,210,18,6,6,0,346,346,0,4,4,0,0,100,NoArch
a72f26f0df75749a6655a86f72b46a056964fcfd,2,5,1,4,0,0,0,5,151,247,1,2,0.918295834,3799,211,18,458,457,1,18742,18715,27,253,252,1,1,99.98286204,NoArch
dbe847e0dade437ba678299f62e899f61b95a3e9,3,116,21,95,0,0,0,1,154,6,1,2,0.299649505,2042,212,19,339,330,9,11163,10542,621,103,100,3,1,100,NoArch
d3649fc7091be2e2e52bc19c838a94a9ca137d6d,1,0,1,1,0,0,0,7,58,356,1,1,0,907,123,7,121,121,0,3097,3097,0,90,90,0,1,100,NoArch
8c6e5dccea4bbd49e4f0c0608ece5d685eecaf8a,1,1,1,0,0,0,0,7,41,104,1,1,0,1022,124,8,58,58,0,6167,6167,0,46,46,0,0,100,NoArch
ca242f4a34020d7ccbe2f7c8fe295cdafa482fd1,9,196,98,98,1,0,1,1,155,353,1,4,2.76860068,5136,213,16,896,893,3,25934,25402,532,380,379,1,1,99.96573289,NoArch
11e407ea45ba17e6b9f6a2b897d00514a9ca41f6,1,23,3,20,0,0,0,4,13,44,1,1,0,600,125,5,32,30,2,2963,2845,118,18,18,0,0,100,NoArch
ed0b08bbd9d20aa2e2303f265887a0eddf9bec96,1,1,1,0,0,0,0,3,10,930,1,1,0,162,214,14,12,12,0,806,801,5,10,10,0,1,100,NoArch
e5584e6e7871a8a77b507c13f44a3c0dd07ef13a,2,21,3,18,0,0,0,4,20,149,1,2,0.650022422,726,126,4,53,46,7,3628,3496,132,23,22,1,1,100,NoArch
a1bd85e0bc6b92c8d8fa41767a6f4a2dc5485d20,8,78,39,39,0,0,0,2,156,298,1,5,2.457814125,4279,215,11,730,728,2,21046,20752,294,313,309,4,1,100,NoArch
5e90f00e8d04eec611c23ca1c07b75936f7da5af,1,3,5,2,0,0,0,9,157,7,1,1,0,1639,216,12,296,296,0,8304,8315,11,85,85,0,1,100,NoArch
3f32e76ac6da0acdac64b2174a1a0e5b50da256f,2,124,3,121,1,0,1,1,39,28,1,2,0.451275979,406,217,13,74,58,16,2726,2155,571,46,37,9,1,99.93149512,NoArch
f998d1b3dcb7b720bca16c65f0bbadbbfac7a6b3,1,1,1,0,0,0,0,4,10,1233,1,1,0,105,218,14,14,14,0,538,538,0,4,4,0,0,100,NoArch
32acb34018346cc69ba384d9031dc0e83228eb1a,1,146,0,146,1,0,1,1,1,0,1,1,0,0,219,12,10,0,10,796,0,796,8,0,8,1,99.96575929,NoArch
7f8eb612cdd4197c59cc2f7d2ef70a0aecedbf42,1,3,4,1,0,0,0,1,3,392,1,1,0,527,220,12,75,75,0,2669,2662,7,33,33,0,0,100,NoArch
fb42a118359262595a0c043c1711817ef2f3193d,2,17,7,10,0,0,0,1,16,553,1,2,0.249882293,221,221,13,33,31,2,1034,986,48,11,11,0,0,100,NoArch
5a0f76d0f21f3caef673dcbb2fd39e366bf1cf2b,1,2,2,0,0,0,0,4,29,57,1,1,0,925,222,14,65,65,0,5625,5617,8,39,39,0,0,100,NoArch
c94279e12eb3303d9989b66478cf3880ac2ac838,1,2,3,1,0,0,0,5,27,38,1,1,0,1756,223,14,98,98,0,9952,9961,9,62,62,0,0,100,NoArch
432dcfeecf35fde3407bee2b0569e04e70255686,0,0,0,0,0,0,0,0,0,0,0,0,0,0,224,15,0,0,0,0,0,0,0,0,0,0,100,NoArch
f36aa55c4a4a5b604443b76603095c45861409af,1,2,1,1,0,0,0,5,28,2,1,1,0,1755,225,16,98,98,0,9959,9952,7,62,62,0,0,100,NoArch
a039a0e99763d2018678c6fee0f37a49462bff33,0,0,0,0,0,0,0,0,0,0,0,0,0,0,127,4,0,0,0,0,0,0,0,0,0,1,100,NoArch
2350d8b764f03fc9a04e42dded258e70fa74f02e,1,4,4,0,0,0,0,5,13,1235,1,1,0,316,128,5,40,40,0,1388,1388,0,13,13,0,1,100,NoArch
444412f0df2efa94a01487c223b1b0610ceb1627,3,3,6,3,0,0,0,3,30,299,1,3,1.584962501,1438,129,5,111,111,0,8305,8329,24,55,55,0,1,100,NoArch
a8d3908586f058c2eadca1eb687907594ceb2df0,2,12,10,2,0,0,0,5,39,300,1,1,0.439496987,740,226,13,124,124,0,3111,3105,6,65,65,0,0,100,NoArch
8274f09dd4c67c38da10479d5e5cd7f3010a7bac,8,334,303,31,1,1,2,3,40,958,2,4,2.798440027,1627,227,13,191,188,3,7552,6934,618,101,107,6,1,99.87182774,NoArch
66dd8cdae33aac0b363746f84f47baf4fcc82001,1,6,2,4,0,0,0,4,36,497,1,1,0,457,946,0,79,79,0,3301,3278,23,30,30,0,1,100,NoArch
6f3c99991dbbace5b2a350478929256e51881d9c,1,9,6,3,0,0,0,5,29,18,1,1,0,1756,228,14,98,98,0,9938,9959,21,62,62,0,1,100,NoArch
763e331318995fa6a05747939a98a7dc8aea22d5,2,12,6,6,0,0,0,1,12,368,1,2,0.918295834,187,229,15,13,13,0,888,843,45,10,10,0,0,99.98293807,NoArch
a27709b086778d4eb8f46e3a55cd44981e6b3cb1,1,6,2,4,0,0,0,2,2,201,1,1,0,300,230,16,38,38,0,1509,1473,36,8,8,0,1,99.99146903,NoArch
d5333d4e448eadcc92e6a43136419c2cc41e309f,1,0,4,4,0,0,0,4,14,78,1,1,0,427,231,16,71,72,1,1767,1786,19,33,33,0,1,100,NoArch
fc63a923393f9ed6b12be9850a03abda1527e4ca,4,152,11,141,0,0,0,5,46,794,1,3,1.381533196,1020,947,1,181,155,26,4305,3740,565,133,121,12,1,100,NoArch
dbefbecf1a12b8233a4e39bc3f0d2cab131ef437,2,2,2,0,0,0,0,5,17,1161,1,1,1,247,232,17,20,20,0,1277,1285,8,15,15,0,0,100,NoArch
d12c087a54a72225f09e38857f1a7d0022c80f7c,1,7,1,6,0,0,0,4,7,234,1,1,0,50,233,18,5,4,1,190,168,22,5,4,1,0,100,NoArch
39d6f49b26e5e809ca8ebabfd51804c7166639e2,1,8,0,8,0,0,0,1,2,988,1,1,0,99,948,2,14,12,2,372,346,26,8,6,2,1,100,NoArch
e4b76014c684e3d3c89ea22b91adb8a93787945f,1,1,3,2,0,0,0,2,3,83,1,1,0,137,234,19,10,10,0,754,750,4,7,7,0,0,100,NoArch
c20430459ac35167d7910956a5a711eebd56e1c3,1,33,13,20,0,0,0,2,3,5,1,1,0,304,235,20,44,38,6,1659,1509,150,9,8,1,1,100,NoArch
9caa5c8d4d8281539670e1c1b623173aa814fbe2,1,7,1,6,0,0,0,4,15,71,1,1,0,400,236,21,45,45,0,2119,2083,36,17,17,0,0,100,NoArch
1ec71bdff17f6d11d50d77ff98db1c9a70e5d7b4,19,462,570,108,0,0,0,2,152,637,1,13,2.734286078,8600,949,3,1092,1100,8,44382,44687,305,591,587,4,0,100,NoArch
fbc5eb5eb0517c1e9b0f1ccbf0ef9f701dbd59a2,4,313,43,270,1,0,1,1,15,222,2,4,1.534539378,1757,1134,0,294,251,43,10614,9202,1412,127,110,17,2,99.57526334,NoArch
86643153141192cbf147baf137c1e03e5629d804,0,0,0,0,0,0,0,0,0,0,0,0,0,0,950,4,0,0,0,0,0,0,0,0,0,0,100,NoArch
b08ae5074325e48d5f4e5fb73d20d8f4916450b8,13,666,24,642,8,0,8,1,88,419,1,4,3.418116347,3639,951,5,493,440,53,14789,12020,2769,209,187,22,1,99.82265011,NoArch
d779c4aecd9be0ad8ae7c896ff8a18b9a72eec46,2,139,0,139,2,0,2,1,1,0,1,1,0.999962665,0,952,6,8,0,8,347,0,347,8,0,8,1,99.95785925,NoArch
ac4545b40d1564645476cd2685da7e91f52907c9,1,5,0,5,0,0,0,5,21,8,1,1,0,467,953,7,82,81,1,1998,1965,33,36,35,1,0,100,NoArch
93ccd9f17ecaf1ef72e4d431b2b9f9b297ba37b5,1,107,161,54,0,0,0,3,3,441,1,1,0,244,954,8,25,27,2,1306,1406,100,15,16,1,0,100,NoArch
ced6909078435963f9e1a1e1be84281a1c48eb62,16,351,65,286,2,0,2,3,153,600,1,4,2.934406793,4711,130,3,624,600,24,20652,18663,1989,330,322,8,1,99.92419776,NoArch
398f8ecbffae5d4e94aa51d08f6f72132721f2d0,1,1,1,0,0,0,0,3,13,1544,1,1,0,96,955,9,10,10,0,352,352,0,6,6,0,0,100,NoArch
9110827ae58d730fe096dfd74e2920a7d0a58d63,0,0,0,0,0,0,0,0,0,0,0,0,0,0,131,4,0,0,0,0,0,0,0,0,0,1,100,NoArch
472782ad8f0d35009e3b69b8b238c70cf554fd30,1,1,0,1,0,0,0,5,23,2,1,1,0,466,132,5,82,82,0,1961,1954,7,36,36,0,0,100,NoArch
538d07e5bb328d5c2084d5a7d25e23cb85bcfd40,2,4,8,4,0,0,0,7,158,48,1,1,1,2251,133,6,392,396,4,11535,11563,28,114,114,0,1,100,NoArch
0479a4eddbfc5f1dc70773d7b575dd1e34c56152,25,72,190,118,0,1,1,2,14,1473,1,7,3.255820963,2696,134,7,174,187,13,10286,10678,392,116,124,8,0,99.9410427,NoArch
dab69242d535bee4cf8da4cce6eea800767e37fc,1,19,2,17,0,0,0,5,24,2,1,1,0,467,956,10,84,82,2,2006,1961,45,38,36,2,1,100,NoArch
ea1082899ad341f890708273bd28e63eaa365d1a,1,122,0,122,1,0,1,2,3,2,1,1,0,0,135,8,13,0,13,443,0,443,8,0,8,0,99.98315364,NoArch
c6c91252e5bdd8c548be40c40e3200433809cd9b,1,1,1,0,0,0,0,7,43,14,1,1,0,1017,136,9,58,58,0,6144,6142,2,46,46,0,1,100,NoArch
200f06bbffc3e04753c2cad83b155b3fc71beeb5,1,88,19,69,0,0,0,2,2,7,1,1,0,83,237,12,4,3,1,870,373,497,3,2,1,0,100,NoArch
afd706f11d244c86548527e92c24b21565b61689,0,0,0,0,0,0,0,0,0,0,0,0,0,0,238,13,0,0,0,0,0,0,0,0,0,0,100,NoArch
5a80d5a6c06bc980df6c59eae56577c0caab36a6,0,0,0,0,0,0,0,0,0,0,0,0,0,0,957,11,0,0,0,0,0,0,0,0,0,0,100,NoArch
72a047f338ac469f848d3080ddf5d1f05ba2f8df,1,133,242,109,0,0,0,1,2,908,1,1,0,1836,958,12,292,292,0,9405,9412,7,106,106,0,0,100,NoArch
8c4ded486ef9b887e0aed253811a22f5efaea69c,3,120,23,97,0,0,0,2,3,6,1,1,1.182429012,330,137,9,18,17,1,2372,1675,697,9,8,1,0,100,NoArch
e183a824d396fb61230995d947b978117eae7ffe,3,13,10,3,0,0,0,2,4,616,1,2,1.409844941,268,239,13,20,20,0,1337,1293,44,11,11,0,1,100,NoArch
52f48db0d919c95d7419642d2ae2c97b496b2355,3,49,5,44,1,0,1,1,15,1454,1,3,0.854491888,270,138,9,44,41,3,1217,988,229,20,17,3,1,99.94948219,NoArch
d604723d8ffe053aca376e1aa534cfddca4ed8e1,0,0,0,0,0,0,0,0,0,0,0,0,0,0,139,10,0,0,0,0,0,0,0,0,0,1,100,NoArch
c866f88d232deeeae3756ae08c69db190212729a,1,142,43,99,0,0,0,3,18,1299,1,1,0,347,959,13,112,86,26,2631,2017,614,56,30,26,0,100,NoArch
1a6279e1708f96393c1d6a04e88827380b33b5a9,2,46,15,31,0,0,0,7,44,286,1,2,0.995148096,1243,140,10,91,89,2,7509,7354,155,58,57,1,1,100,NoArch
6b283abdd0569f25397fa4856fb1fd59355b1d88,1,12,10,2,0,0,0,5,21,348,1,1,0,325,240,14,67,66,1,1926,1923,3,17,16,1,1,100,NoArch
687944284d5f72136f5ef1834a55df9698929654,2,11,5,6,0,0,0,5,41,326,1,2,0.543564443,482,241,15,67,65,2,2322,2290,32,22,21,1,1,100,NoArch
1d4d0e46790835a7d050d3769a346ccb2583126d,1,33,0,33,0,0,0,2,2,168,1,1,0,306,242,16,35,31,4,780,712,68,35,31,4,1,100,NoArch
880f3d68118d350949fc4b1da88493cea5e9e732,4,13,13,0,0,0,0,2,16,284,2,2,1.950063756,2527,243,16,353,353,0,12400,12400,0,188,188,0,0,100,NoArch
747a2383f414a91369a2d4855c57749faa7436f3,1,1,1,0,0,0,0,2,3,553,1,1,0,49,244,17,5,5,0,132,132,0,5,5,0,0,100,NoArch
c42d980db8dfac965dd9a68a29a5c0c5c2926e2a,5,14,14,0,0,0,0,2,17,0,2,2,2.182005815,2576,245,18,358,358,0,12532,12532,0,193,193,0,0,100,NoArch
ae0e687ac05bfdbbc698dc5d21775f7f2ccca965,0,0,0,0,0,0,0,0,0,0,0,0,0,0,246,19,0,0,0,0,0,0,0,0,0,0,100,NoArch
c0ba767a8855d18302eccf6990b43426436e145c,1,70,0,70,1,0,1,1,1,0,1,1,0,0,141,11,4,0,4,285,0,285,3,0,3,1,99.98316782,NoArch
bc72c54a65ec7bf038ae78679fb4f1c419984aad,1,8,10,2,0,0,0,5,9,498,1,1,0,402,28,0,59,59,0,1516,1533,17,26,26,0,0,100,NoArch
d183e3a7c155bae7f38927989e3768c4ed6fdfcd,1,2,2,0,0,0,0,2,3,18,1,1,0,1727,142,12,292,292,0,9409,9405,4,106,106,0,0,100,NoArch
813d590c8c7cab3b4ce802989743bcb6647dc2dc,1,1,1,0,0,0,0,3,4,36,1,1,0,324,143,13,44,44,0,1659,1659,0,9,9,0,1,100,NoArch
453860fb472a7d6e40867d9e3164738ee2aa74c7,0,0,0,0,0,0,0,0,0,0,0,0,0,0,144,14,0,0,0,0,0,0,0,0,0,0,100,NoArch
a5ac040531d0bbfb9ade0b3f2a1b13229b0ccd8d,1,7,6,1,0,0,0,5,34,681,1,1,0,344,145,15,63,63,0,1424,1402,22,28,28,0,1,100,NoArch
dbcb7e41a9ff165fd47294b65b6e37cb53a69ac5,1,4,4,0,0,0,0,2,5,11,1,1,0,339,247,11,35,35,0,789,780,9,35,35,0,0,100,NoArch
c2205356ff11cfa50eb19fdee81f2bec39d3f3c1,0,0,0,0,0,0,0,0,0,0,0,0,0,0,146,16,0,0,0,0,0,0,0,0,0,1,100,NoArch
a15e6efabd94fd74fcdd28c3326f3096b9b7bbec,2,10,0,10,0,0,0,7,45,294,1,2,0.468995594,1282,147,17,103,101,2,7748,7704,44,75,75,0,1,100,NoArch
b0f24f34d0311e54e22bd6492010a102197c3a7e,5,25,64,39,0,0,0,7,116,143,1,3,1.564806079,2901,148,17,347,353,6,16274,16537,263,144,144,0,1,100,NoArch
068f85bce9d3510279702951ab80cf3048a2de5c,0,0,0,0,0,0,0,0,0,0,0,0,0,0,149,16,0,0,0,0,0,0,0,0,0,1,100,NoArch
39e63c0051c1e296927c0f64c69b80dad15fc028,5,171,18,153,1,0,1,1,24,641,1,5,1.324552215,1237,248,11,218,213,5,6986,6127,859,89,86,3,0,99.91580365,NoArch
0a95b7e309370c61f6a8960739acaeb6c0ab3837,4,0,83,83,0,0,0,3,10,1131,1,1,1.977093033,352,150,15,20,25,5,539,691,152,20,25,5,1,100,NoArch
76d3b4665cd2ea0da47f20693028eec92d35ddf0,6,329,118,211,0,0,0,1,7,255,1,3,1.635662632,1413,1135,0,265,219,46,7447,6530,917,132,105,27,0,99.54241166,NoArch
317c438825262e33f7c32a8b01f39f4bd77c0635,2,9,1,8,0,0,0,4,63,409,1,2,0.881290899,1454,960,3,254,252,2,7226,7178,48,130,130,0,1,100,NoArch
490dcf9bd2111180d5d7821d3cda4a68e8c3de75,1,166,0,166,1,0,1,1,1,0,1,1,0,0,29,1,14,0,14,713,0,713,12,0,12,1,99.88048489,NoArch
7d5131eacaf69d85e0f957c8754acdfb7bffdcfc,4,54,4,50,1,0,1,1,7,1665,1,2,1.178079751,218,151,12,35,30,5,992,712,280,16,13,3,1,99.96580904,NoArch
ea440176408fd7ae3150c2af2c9b36f82fec2fdc,2,3,4,1,0,0,0,4,21,226,1,2,0.863120569,376,152,13,54,54,0,1742,1742,0,19,19,0,1,100,NoArch
d295d21a13136ff11939af6fcd94473abd77c1e5,1,2,2,0,0,0,0,2,2,87,1,1,0,146,153,14,11,10,1,805,796,9,8,8,0,1,100,NoArch
7091405c191f0b6c0525ed46b9695a28885fe10f,0,0,0,0,0,0,0,0,0,0,0,0,0,0,154,14,0,0,0,0,0,0,0,0,0,1,100,NoArch
30db300a1ab0cbf68d26936b3d0db378c83196d2,0,0,0,0,0,0,0,0,0,0,0,0,0,0,249,2,0,0,0,0,0,0,0,0,0,1,100,NoArch
589f9241fe8cd8fa9027c8c344066bfe4b61acfc,1,3,1,2,0,0,0,2,3,231,1,1,0,108,250,3,16,15,1,340,332,8,3,3,0,0,100,NoArch
868965997c3ce35a7bdf6a2d071127ac2fa8d706,1,17,7,10,0,0,0,2,4,2,1,1,0,110,251,4,17,16,1,364,340,24,4,3,1,1,100,NoArch
5d42b72218baf56d1cdf63ea9fdd13457e98ab8b,6,94,68,26,0,0,0,2,76,1055,1,4,1.353939242,2024,252,4,324,320,4,11088,10885,203,116,112,4,1,100,NoArch
612437c155e9fa1c872334ce5a7d55fd60ec23e7,2,114,1,113,1,0,1,1,20,224,1,2,0.174371453,659,961,1,118,115,3,3342,2728,614,32,31,1,1,99.91465392,NoArch
5221cd349dedefade7677a2dd7c4f4cfaec4a4b6,1,3,0,3,0,0,0,2,9,2261,1,1,0,195,253,4,28,27,1,793,774,19,11,11,0,0,100,NoArch
34b123ebb62f1661bcbe26dacaf1a5f5bb6a94a6,1,25,15,10,0,0,0,2,8,2257,1,1,0,73,962,2,13,9,4,367,304,63,7,7,0,0,100,NoArch
a0426cbd5cbc18dc99772356266a26681f655b6d,4,141,17,124,1,0,1,3,13,940,1,4,0.997503048,364,963,3,48,36,12,1947,1389,558,28,21,7,0,99.95738878,NoArch
04d27a7d2d22dd0c8711c4e2bcffa610b12df50a,1,72,4,68,0,0,0,4,7,1343,1,1,0,229,155,4,42,35,7,1246,799,447,17,15,2,1,100,NoArch
26eb49f259a5f438824ebc46d3d3aa1c2f2b28c5,2,7,3,4,0,0,0,3,3,955,1,2,1,262,254,5,30,30,0,1163,1139,24,25,25,0,1,100,NoArch
d88004fe5dd65b305765d4652b8b747c50b16b23,3,9,3,6,0,0,0,2,105,166,2,2,1.251629167,3048,255,6,398,396,2,11091,11062,29,201,200,1,1,100,NoArch
bf32e4f7da7283e1772fa98fd8889b34b064f66a,1,2,2,0,0,0,0,1,3,18,1,1,0,156,256,7,7,7,0,823,823,0,6,6,0,0,100,NoArch
8f9ecf0aaa13b5caffcfbb8683700f6db8a9254e,1,4,1,3,0,0,0,5,16,110,1,1,0,432,257,8,20,20,0,2563,2547,16,11,11,0,0,100,NoArch
87589d787f03abe3805de68ac9f0257d83180ffe,1,40,20,20,0,0,0,6,19,111,1,1,0,172,4,0,29,27,2,764,717,47,10,10,0,1,100,NoArch
1e7881f5cabc1bf7e850026277040f1e641a8e8b,1,9,18,9,0,0,0,7,93,92,1,1,0,612,964,3,96,98,2,3170,3245,75,29,29,0,1,100,NoArch
dd9c10dfde17afcef224208cd708214a6f5abbfc,1,1,1,0,0,0,0,5,47,109,1,1,0,666,965,4,103,103,0,2281,2281,0,83,83,0,1,100,NoArch
db5cbc16ae08c9912aa26298fb27b56b6307a23d,1,1,0,1,0,0,0,2,2,701,1,1,0,124,966,5,9,9,0,587,580,7,4,4,0,0,100,NoArch
f0a6c69d70939b49e3c2b650a57adc6930d18219,0,0,0,0,0,0,0,0,0,0,0,0,0,0,156,1,0,0,0,0,0,0,0,0,0,0,100,NoArch
b0e35706522f491bfccf56bed14195278607b97f,2,43,14,29,0,0,0,1,77,11,1,2,0.366578013,1368,258,9,232,232,0,8105,7833,272,66,66,0,1,100,NoArch
c4597840128288f8e2722ab0b6e2bc9ee12b3e85,3,225,56,169,1,0,1,2,159,65,1,3,0.936777408,1901,967,6,331,312,19,10691,9819,872,106,94,12,1,99.94888832,NoArch
5510065ef1ecc794dc546b68a258ba548a05a394,1,3,3,0,0,0,0,3,7,8,1,1,0,267,157,2,18,18,0,1526,1536,10,9,9,0,1,100,NoArch
0cdda142d7b0f90041b81c13501dc1c4bb3ce727,1,1,1,0,0,0,0,3,8,0,1,1,0,267,158,3,18,18,0,1522,1526,4,9,9,0,1,100,NoArch
26d147afe26c6559b0ac4d0922180faaf3f6a027,1,27,10,17,0,0,0,1,5,8,1,1,0,185,259,10,11,7,4,1226,1095,131,9,6,3,1,100,NoArch
9b305d669b6e648b3053c3dd4909f02005c6c067,0,0,0,0,0,0,0,0,0,0,0,0,0,0,159,4,0,0,0,0,0,0,0,0,0,1,100,NoArch
c1051c8ee1b56480fc78d850c2dc55344244523a,4,68,0,68,0,0,0,6,154,394,1,3,1.86176536,3059,968,7,453,438,15,14574,14196,378,267,260,7,1,100,NoArch
8d9f47aa481698f62bfc75ce1fb96699c8e1f21e,2,17,14,3,0,0,0,3,160,4,1,2,0.345117315,1880,260,11,313,312,1,9725,9717,8,95,94,1,1,100,NoArch
f7804bda6cbbd451d40eb0627af94f4b678819f5,1,6,2,4,0,0,0,3,10,0,1,1,0,267,261,12,19,18,1,1561,1529,32,10,9,1,1,100,NoArch
a33f73e2026de6060199ab091b9b7ff369c50eb6,1,0,1,1,0,0,0,9,155,0,1,1,0,1979,969,8,350,350,0,8587,8600,13,192,192,0,0,100,NoArch
2b0a194416b12550903fcee1cf8531edc8be8307,3,21,13,8,0,0,0,2,13,803,1,2,1.495824229,611,262,13,71,71,0,2927,2870,57,25,25,0,0,100,NoArch
f6199fe13620e110d16cab220a428d758bae0645,0,0,0,0,0,0,0,0,0,0,0,0,0,0,160,5,0,0,0,0,0,0,0,0,0,1,100,NoArch
876ddef5947351572b859e9010bc6f1bae0a7ec5,1,18,0,18,0,0,0,7,47,66,1,1,0,1049,161,6,60,59,1,6411,6293,118,48,47,1,0,100,NoArch
6fc3744c73594d8e768f7ea866fda3f797951c20,8,406,25,381,3,0,3,1,33,175,1,3,2.019306724,1144,970,9,179,151,28,7647,5167,2480,130,117,13,1,99.88962472,NoArch
390bb147efcf8a6684f1865154846b0e3386da76,1,6,2,4,0,0,0,3,3,551,1,1,0,74,971,10,11,10,1,348,319,29,8,8,0,1,100,NoArch
e79239531e0aaca00fdde1aeeed0705f6f668be2,1,9,5,4,0,0,0,6,23,5,1,1,0,558,263,13,38,38,0,3535,3512,23,19,19,0,1,100,NoArch
e1a2d7dc75a0b678aad2e4dee55fa46cdf03385e,1,3,1,2,0,0,0,2,3,14,1,1,0,125,264,14,10,9,1,595,587,8,4,4,0,0,100,NoArch
6c86745810097ce151caf181bcc33b96ce23d064,1,108,0,108,1,0,1,1,1,0,1,1,0,0,972,11,10,0,10,402,0,402,7,0,7,1,99.9830738,NoArch
f89bf4765f32d0778be73d74f5e3f96b90095f88,1,1,1,0,0,0,0,3,18,89,1,1,0,1444,162,7,203,203,0,7898,7898,0,92,92,0,1,100,NoArch
487f2cca03458e8f03420bdbfb8f182ad6a8bc06,1,4,4,0,0,0,0,5,12,2288,1,1,0,132,973,12,23,23,0,410,403,7,16,16,0,1,100,NoArch
9cc98732e6ab3c8e175fe40e5de3b4ab5e49d4ff,5,82,5,77,1,0,1,1,16,1044,1,2,0.735557707,1491,974,13,273,270,3,5616,5292,324,148,145,3,1,99.94924287,NoArch
df8ae3821af15e9193f94833865732a0d8231745,1,1,1,0,0,0,0,3,19,0,1,1,0,1444,163,8,203,203,0,7898,7898,0,92,92,0,1,100,NoArch
8d7e93204b39dcd810db4df4195f3b6cc17f4bea,0,0,0,0,0,0,0,0,0,0,0,0,0,0,164,9,0,0,0,0,0,0,0,0,0,1,100,NoArch
d9c60b1bf94dcd70911081b6820c402983652abc,0,0,0,0,0,0,0,0,0,0,0,0,0,0,265,14,0,0,0,0,0,0,0,0,0,0,100,NoArch
7127a2cc3e7cf2baae6bd9808be6f9751c92fd4c,0,0,0,0,0,0,0,0,0,0,0,0,0,0,266,15,0,0,0,0,0,0,0,0,0,1,100,NoArch
c7c29e960a58dc44db7b0f30bd11a83d847249f5,0,0,0,0,0,0,0,0,0,0,0,0,0,0,165,10,0,0,0,0,0,0,0,0,0,0,100,NoArch
eae5aa09d1237cd299f555ade4256d989be7497b,2,10,0,10,0,0,0,2,4,486,1,1,0.468995594,450,975,14,81,79,2,2117,2068,49,63,62,1,1,100,NoArch
a831a08abb4927de5e7b9b6e394836a6d68127ec,1,1,1,0,0,0,0,2,9,2284,1,1,0,84,976,15,3,3,0,399,399,0,3,3,0,0,100,NoArch
aead3e0fc073b4370f105f94590494268bfa8098,1,1,0,1,0,0,0,3,10,563,1,1,0,296,977,16,22,22,0,1636,1629,7,12,12,0,0,100,NoArch
98497b19303af231068904157034049ba5141137,5,199,37,162,0,0,0,6,156,353,1,3,1.24092471,4245,978,17,719,678,41,20550,19689,861,364,358,6,2,100,NoArch
ce4c065f75dd2649bfba3e8a717c3bc6914edac0,1,137,0,137,1,0,1,1,1,0,1,1,0,0,979,18,18,0,18,590,0,590,3,0,3,2,99.90694527,NoArch
561cda1e45da7739dd2b566de5ce1e04907cab2a,2,16,8,8,0,0,0,2,8,326,1,1,0.738284866,1132,267,15,168,166,2,5627,5606,21,69,67,2,0,100,NoArch
356c39dcfc1673410b3a7b7d2055586be3279ab8,10,47,31,16,0,0,0,4,64,299,1,7,2.300293673,5378,268,16,815,811,4,25508,25453,55,467,463,4,0,100,NoArch
dfd525fd9616ff203b2c58e3a4c60f65a1150d68,0,0,0,0,0,0,0,0,0,0,0,0,0,0,269,17,0,0,0,0,0,0,0,0,0,0,100,NoArch
5c405cbfd8a9dce299c66a46ffbca1b00ba51f66,0,0,0,0,0,0,0,0,0,0,0,0,0,0,270,18,0,0,0,0,0,0,0,0,0,1,100,NoArch
d4133c4de88f5ad382bb8e736275997362f26a98,4,366,0,366,4,0,4,1,1,0,1,3,1.743474331,0,166,11,41,0,41,1512,0,1512,18,0,18,1,99.87318228,NoArch
673fee193d0933b28c4520dc5bdf7a88272ce925,1,39,21,18,0,0,0,5,23,71,1,1,0,556,271,19,107,103,4,2654,2551,103,45,43,2,1,100,NoArch
0e8eadb8fb96e8382736a25e201bb9332a37ee89,1,49,2,47,0,0,0,1,2,0,1,1,0,60,167,12,10,3,7,522,253,269,6,3,3,1,99.99155263,NoArch
28443226b67529ed1cef132db8634cd73a981c58,1,49,0,49,1,0,1,1,1,0,1,1,0,0,272,20,1,0,1,285,0,285,1,0,1,1,99.98310811,NoArch
b7179731fff5afb15058ee083550f6304c1dd4e5,1,8,0,8,0,0,0,1,2,8,1,1,0,42,980,19,1,1,0,104,104,0,1,1,0,0,100,NoArch
42282810a88c2a7ed1814f0bc13e922efcccaaaa,5,192,165,27,0,0,0,6,157,523,1,4,0.888145863,4862,981,20,860,848,12,22709,22405,304,392,387,5,1,100,NoArch
e01acf44ca22208d0908eff1d0c641c974d1403e,1,34,6,28,0,0,0,5,22,24,1,1,0,660,982,21,118,115,3,2812,2729,83,32,31,1,1,100,NoArch
e7c9d216600558bd097c9599c879ee8ef5328d87,1,11,3,8,0,0,0,4,37,507,1,1,0,311,983,22,68,66,2,1438,1388,50,28,27,1,1,100,NoArch
7eac1f71328fc12f82cd80d4acbe3852e43ad130,1,153,0,153,1,0,1,1,1,0,1,1,0,0,984,23,18,0,18,766,0,766,12,0,12,1,99.8142833,NoArch
7da608c411f3e4db9a33dae06967b6a218d480ad,2,19,1,18,0,0,0,3,158,0,1,2,0.468995594,2441,985,24,432,428,4,10875,10825,50,220,218,2,1,100,NoArch
7167041ee66b3bfb2c052f6717277e85ebae92dc,2,51,33,18,0,0,0,3,7,1048,1,1,0.771311106,681,30,0,77,75,2,1967,1919,48,64,63,1,1,100,NoArch
5ab78c123482cb4448830572b0b2dbc69a5f02e6,7,747,2,745,6,0,6,1,7,111,1,3,2.428388248,206,168,13,87,33,54,4061,794,3267,42,15,27,1,99.87372674,NoArch
f3b1ea9cfb9ddb3547782546627ad3696ec1ca39,1,3,3,0,0,0,0,6,78,8,1,1,0,854,986,24,171,171,0,4014,4014,0,54,54,0,1,100,NoArch
3720e847d147c04688467b9357daedc232c697ad,1,11,2,9,0,0,0,6,79,0,1,1,0,854,987,25,174,171,3,4058,4014,44,56,54,2,1,100,NoArch
31ecfae93453e5a35d72322bf2e2bb5adcdeac5e,1,9,1,8,0,0,0,6,80,0,1,1,0,863,988,26,176,174,2,4086,4058,28,56,56,0,1,100,NoArch
8ed158931258cf20966cd79386bad5eb336a3fbd,0,0,0,0,0,0,0,0,0,0,0,0,0,0,273,20,0,0,0,0,0,0,0,0,0,0,100,NoArch
039a15fc132cf65858cde803d7263aa65ac459a9,2,2,0,2,0,0,0,2,21,335,2,2,1,2582,274,21,367,367,0,12418,12404,14,172,172,0,0,100,NoArch
bdd989a975493d79a90623c2d06b5d6a5e40c0d3,0,0,0,0,0,0,0,0,0,0,0,0,0,0,169,14,0,0,0,0,0,0,0,0,0,1,100,NoArch
72b941603a2b1b3b9b014f34042461d1ec5ebb9e,2,6,8,2,0,0,0,3,159,193,1,2,0.591672779,2203,275,22,390,391,1,9698,9701,3,202,202,0,0,100,NoArch
fd976da1b5a5d3a0f9f93a3ca6615f7fd567b442,1,1,1,0,0,0,0,4,26,8,1,1,0,369,276,23,49,49,0,1738,1740,2,24,24,0,0,100,NoArch
03e6a7f9efc7a0cfe92b88ec5c58f00da654dac9,0,0,0,0,0,0,0,0,0,0,0,0,0,0,170,15,0,0,0,0,0,0,0,0,0,1,100,NoArch
a80e0619de108b9d1f15d27de57ee206c22256bc,1,1,1,0,0,0,0,4,27,2,1,1,0,369,989,26,48,49,1,1732,1738,6,24,24,0,1,100,NoArch
c5c7cd68a000bb68adc1797ce7f85e946bff217b,1,110,0,110,1,0,1,1,1,0,1,1,0,0,171,16,11,0,11,413,0,413,7,0,7,1,99.98320739,NoArch
da6809ced39e304728aebeec3561fed644ec7568,0,0,0,0,0,0,0,0,0,0,0,0,0,0,172,17,0,0,0,0,0,0,0,0,0,1,100,NoArch
5f2abc13c801f257a389203b15365b0ef645348e,1,3,4,1,0,0,0,3,12,209,1,1,0,159,277,23,17,17,0,530,507,23,11,11,0,1,100,NoArch
7d4b446e6769a5ea47affaf6faa170fe3b5995ab,1,29,33,4,0,0,0,4,13,0,1,1,0,158,990,26,17,17,0,543,530,13,10,11,1,0,100,NoArch
ada5de34382cb036a773a8a6a7a471fb1c83b486,0,0,0,0,0,0,0,0,0,0,0,0,0,0,278,24,0,0,0,0,0,0,0,0,0,1,100,NoArch
7350bd1a3f243e7420670cf2985332592777faf9,0,0,0,0,0,0,0,0,0,0,0,0,0,0,991,27,0,0,0,0,0,0,0,0,0,0,100,NoArch
32d547ecf2568fd1772b22d561f03bef1bddb27c,0,0,0,0,0,0,0,0,0,0,0,0,0,0,173,17,0,0,0,0,0,0,0,0,0,0,100,NoArch
0b9f0e34fdf121bb6098463232c4a76b6e054652,0,0,0,0,0,0,0,0,0,0,0,0,0,0,174,18,0,0,0,0,0,0,0,0,0,0,100,NoArch
21f67b88e31f5355a0eaf4cbef257859d698faf4,0,0,0,0,0,0,0,0,0,0,0,0,0,0,175,19,0,0,0,0,0,0,0,0,0,0,100,NoArch
05a2c0773ea7ddfe7d8516b2f050d47b0a85a0d5,0,0,0,0,0,0,0,0,0,0,0,0,0,0,176,20,0,0,0,0,0,0,0,0,0,0,100,NoArch
a265a2687859b940f8a7684d7e63f93a6da13b4f,0,0,0,0,0,0,0,0,0,0,0,0,0,0,177,21,0,0,0,0,0,0,0,0,0,0,100,NoArch
040cbc02481d70aac66749e487731def27d5b562,0,0,0,0,0,0,0,0,0,0,0,0,0,0,178,22,0,0,0,0,0,0,0,0,0,0,100,NoArch
6ee44f5fee1bbc2cbea4c15073b830f7bb0e9dbc,0,0,0,0,0,0,0,0,0,0,0,0,0,0,179,23,0,0,0,0,0,0,0,0,0,0,100,NoArch
8645c518f8ed84cc294ba35a454c050c16c12803,0,0,0,0,0,0,0,0,0,0,0,0,0,0,1136,0,0,0,0,0,0,0,0,0,0,0,100,NoArch
a31eb05f4e22f700944331a77c34aa51d5b030fe,0,0,0,0,0,0,0,0,0,0,0,0,0,0,180,24,0,0,0,0,0,0,0,0,0,0,100,NoArch
37258d7d9d74bb49fb3c2b752c7a5cae88ce55c3,0,0,0,0,0,0,0,0,0,0,0,0,0,0,181,25,0,0,0,0,0,0,0,0,0,0,100,NoArch
edcf5d8707de3b59f46a8e8dde3723d203f3724d,0,0,0,0,0,0,0,0,0,0,0,0,0,0,182,26,0,0,0,0,0,0,0,0,0,0,100,NoArch
d31324c8b0cbbf12b8645a8155fcfa80e7039544,32,542,72,470,0,0,0,2,5,1022,3,14,4.977158236,7296,1137,1,956,956,0,30612,30612,0,331,331,0,0,100,NoArch
ba05c2106c4bea4dbcc338f543bbf05c96f90f99,0,0,0,0,0,0,0,0,0,0,0,0,0,0,183,27,0,0,0,0,0,0,0,0,0,0,100,NoArch
c4685f165aa1ff0bd8a43e67f79d4afaa272c44a,0,0,0,0,0,0,0,0,0,0,0,0,0,0,184,28,0,0,0,0,0,0,0,0,0,0,100,NoArch
b6c35d6312d0bae613ee2adb35ffd8fb57e7d7b1,0,0,0,0,0,0,0,0,0,0,0,0,0,0,184,28,0,0,0,0,0,0,0,0,0,0,100,NoArch
3f6da8dd1dcbd1579ab80aa1e2f22c02a3184356,1,2,0,2,0,0,0,1,2,1375,1,1,0,191,35,0,27,27,0,612,601,11,16,16,0,1,100,NoArch
4037e9db9ccde86966dd56f6f93ddaa0997c67bb,1,6,1,5,0,0,0,3,18,1788,1,1,0,123,1138,2,19,18,1,379,358,21,13,13,0,0,100,NoArch
9f6d8d21c7db8bac5a8b24d73ed2d8857e183a8e,2,95,35,60,0,0,0,3,22,32,1,1,0.51594693,1807,1139,3,257,242,15,9131,8760,371,139,131,8,0,98.45264411,NoArch
8715f19d0d7c728c7c5d8e242cfdd43dbee0ce5b,14,1702,0,1702,14,0,14,1,1,0,1,4,3.427654943,0,1140,4,216,0,216,7636,0,7636,91,0,91,0,99.59576847,NoArch
88d5c9c29649b29e8edd988106fe6d198a41c639,1,8,4,4,0,0,0,3,23,0,1,1,0,1500,1141,5,218,216,2,8293,8257,36,98,98,0,0,100,NoArch
70144c9fe9f1192b73ccec957d32781404f2de7d,14,101,4,97,1,0,1,2,161,408,1,5,3.203417072,5918,992,14,922,910,12,26080,25728,352,436,426,10,0,99.98282377,NoArch
3008cfb4423bbf29a3cb5e75e732a328ed5e845f,1,0,27,27,0,1,1,1,2,0,1,1,0,27,993,13,0,1,1,0,32,32,0,1,1,0,99.98282377,NoArch
71da0cd97aedba8e2251502dd78eb5d3460fad76,1,72,1,71,0,0,0,1,2,164,1,1,0,147,1142,6,17,13,4,1137,726,411,11,8,3,0,100,NoArch
660f9cf819b46a7ee57d12f0d7b90fe48d9c97a9,1,14,6,8,0,0,0,9,89,156,1,1,0,1186,1143,7,196,191,5,5136,5097,39,54,52,2,0,100,NoArch
c4b026255e4e7206d3f98b9eb528750e61e245ec,1,0,1,1,0,0,0,2,3,18,1,1,0,193,185,19,27,27,0,609,612,3,16,16,0,0,100,NoArch
f830e07b669c914342125dd5973754ec4c822939,1,245,0,245,1,0,1,1,1,0,1,1,0,0,1144,8,27,0,27,1056,0,1056,13,0,13,0,99.92270697,NoArch
2cc274be3e942a1dc7b79b888c8c3530641037b8,0,0,0,0,0,0,0,0,0,0,0,0,0,0,1145,9,0,0,0,0,0,0,0,0,0,0,100,NoArch
9e588fd1adf72098cf7c450fa9e0d107e4ad6fa1,1,1,1,0,0,0,0,3,6,48,1,1,0,316,994,14,41,41,0,1586,1586,0,8,8,0,0,100,NoArch
fb11e28a914c9cb52fead664ebd2cf21200a61ab,0,0,0,0,0,0,0,0,0,0,0,0,0,0,186,20,0,0,0,0,0,0,0,0,0,0,100,NoArch
14b983cab1809b956fefbd0ccc55d4be2b053543,1,2,2,0,0,0,0,4,30,0,1,1,0,522,187,21,76,76,0,1647,1645,2,60,60,0,0,100,NoArch
1c121bcded2c426c3e424c797069cda3042bd9d6,3,43,8,35,0,0,0,7,162,20,1,1,1.118493328,2742,188,22,471,467,4,13268,13022,246,175,175,0,0,100,NoArch
0dd7973aa2500c77dc726d795c7d5fd0a92a5e5c,1,8,5,3,0,0,0,2,2,38,1,1,0,153,189,23,18,18,0,787,766,21,12,12,0,0,100,NoArch
e51506ca29d0e8256c4f1380f62922b7e1019459,0,0,0,0,0,0,0,0,0,0,0,0,0,0,1146,10,0,0,0,0,0,0,0,0,0,0,100,NoArch
64917b80324e697cac5060e99c220a52ef5a19db,1,3,2,1,0,0,0,5,32,165,1,1,0,924,1147,11,65,65,0,5612,5606,6,39,39,0,0,100,NoArch
fee5aa81a42e444b9f570b7aba136c8c793b3f59,0,0,0,0,0,0,0,0,0,0,0,0,0,0,1148,12,0,0,0,0,0,0,0,0,0,0,100,NoArch
fdf3571a8b1b70a3bcb9ef00500bf9f4e644cf07,2,307,4,303,1,0,1,1,163,1,1,2,0.137450089,1637,995,14,333,298,35,9749,8359,1390,102,86,16,0,99.97424451,NoArch
37aba7aa11cf790050acd8e0a4c0ebe1b12616b2,1,1,1,0,0,0,0,3,11,53,1,1,0,271,190,22,19,19,0,1561,1561,0,10,10,0,0,100,NoArch
8dd67934e6d277ee2b46c2af3630c9f232bb54da,8,9,0,9,0,0,0,3,20,963,1,2,2.947702779,521,1149,13,50,50,0,1666,1666,0,19,19,0,1,100,NoArch
81f8131fcccbadc49fe10bb7d0966bb16c2d4083,1,30,5,25,0,0,0,2,6,0,1,1,0,42,1150,14,7,3,4,243,126,117,3,1,2,1,100,NoArch
0101b8879ce30e3007ba8b86b2e52bbd514ec4ad,14,0,2035,2035,0,14,14,2,12,1655,1,3,3.585319061,2035,1151,15,0,260,260,0,10263,10263,0,161,161,1,94.63134042,Arch
d76664ae1ac422b1d78e6636cf7717b11555072c,1,6,4,2,0,0,0,6,21,0,1,1,0,193,1152,16,29,29,0,773,764,9,10,10,0,1,100,NoArch
1b6f8e26cfce46cb5d6641720dbcf8a05e399ec9,1,1,1,0,0,0,0,3,32,279,1,1,0,793,1153,17,110,110,0,4637,4637,0,34,34,0,1,100,NoArch
20f47285a85c8201d0925b07002a19d29d88daa8,1,2,2,0,0,0,0,2,16,1133,1,1,0,173,996,10,23,23,0,587,586,1,14,14,0,0,100,NoArch
9fdb13aecab4b76a6aff1a60126dbd1f81799690,68,0,14048,14048,0,62,62,2,7,1807,6,13,3.958180978,14042,1154,18,0,2339,2339,0,72408,72408,0,1414,1414,1,98.59129655,NoArch
cb3dd92ed26fec1b9ed5784f7fc4e1ff8f003326,1,14,14,0,0,0,0,4,14,118,1,1,0,201,2,0,29,29,0,1021,1021,0,11,11,0,1,100,NoArch
a0852272684c99d523a2e06b947aee3fd47bfdfc,1,1,0,1,0,0,0,2,2,9,1,1,0,305,191,22,36,35,1,1437,1425,12,16,16,0,0,100,NoArch
02954b0555d3832ba2a23c787e511023e634e2e0,0,0,0,0,0,0,0,0,0,0,0,0,0,0,192,22,0,0,0,0,0,0,0,0,0,0,100,NoArch
5d146484471bf36b9d4207e3938e13c2cdf94318,0,0,0,0,0,0,0,0,0,0,0,0,0,0,193,23,0,0,0,0,0,0,0,0,0,0,100,NoArch
f53358fb5542b57b2215912fe37afcb3a184cfc4,1,2,2,0,0,0,0,4,16,162,1,1,0,227,194,22,38,38,0,851,851,0,14,14,0,0,100,NoArch
7e551e100ede57cdee87a1dae7717b37087e8ddf,1,1,1,0,0,0,0,3,33,11,1,1,0,793,1155,19,110,110,0,4637,4637,0,34,34,0,1,100,NoArch
ba842ad58fac149426b7017e98a68edc05a4b945,1,23,1,22,0,0,0,2,7,12,1,1,0,67,1156,20,9,7,2,392,243,149,3,3,0,1,100,NoArch
b12f2ed5c6f38e91c95d0d5b10bb71d0b3baf77f,0,0,0,0,0,0,0,0,0,0,0,0,0,0,195,22,0,0,0,0,0,0,0,0,0,0,100,NoArch
efed771196cf281e38223cd88398ba4389a0505e,0,0,0,0,0,0,0,0,0,0,0,0,0,0,196,23,0,0,0,0,0,0,0,0,0,0,100,NoArch
402dcf7f2783915f7aeeabe38257d1789eb71b62,0,0,0,0,0,0,0,0,0,0,0,0,0,0,197,24,0,0,0,0,0,0,0,0,0,0,100,NoArch
4fee8844d3fedd26c6f7f483c25553a25e99c539,0,0,0,0,0,0,0,0,0,0,0,0,0,0,199,26,0,0,0,0,0,0,0,0,0,0,100,NoArch
f2a06f92c4e0b030bea5966a986ac10dbcec9471,0,0,0,0,0,0,0,0,0,0,0,0,0,0,198,25,0,0,0,0,0,0,0,0,0,0,100,NoArch
df853085d557291dee3b57c65c0de73c7c5dbe34,0,0,0,0,0,0,0,0,0,0,0,0,0,0,199,26,0,0,0,0,0,0,0,0,0,0,100,NoArch
f3f60cfc52f7efe665cbb8c0249412ead06fd472,0,0,0,0,0,0,0,0,0,0,0,0,0,0,202,29,0,0,0,0,0,0,0,0,0,0,100,NoArch
3b70bd2f06457efe4470a677b22ee4813ac0e233,0,0,0,0,0,0,0,0,0,0,0,0,0,0,200,27,0,0,0,0,0,0,0,0,0,0,100,NoArch
e429dccc5795827b8908d1e2dab5145ae6b949fd,0,0,0,0,0,0,0,0,0,0,0,0,0,0,0,0,0,0,0,0,0,0,0,0,0,1,100,NoArch
4d511d901b534e576a0855ec53819138c13610f7,0,0,0,0,0,0,0,0,0,0,0,0,0,0,201,27,0,0,0,0,0,0,0,0,0,0,100,NoArch
986a3a121cf1c5c745c55b9663c0a7602a2098bb,0,0,0,0,0,0,0,0,0,0,0,0,0,0,202,27,0,0,0,0,0,0,0,0,0,0,100,NoArch
4dc4ef7e990969daa1c937835d6f984f1322ad15,0,0,0,0,0,0,0,0,0,0,0,0,0,0,206,31,0,0,0,0,0,0,0,0,0,0,100,NoArch
075f16d7832878f443395577eba771aa323d9b8c,0,0,0,0,0,0,0,0,0,0,0,0,0,0,203,28,0,0,0,0,0,0,0,0,0,0,100,NoArch
67b1873b669752494c12ab21a48f43b2fd042c2a,3,43,1,42,0,0,0,9,164,1295,1,2,1.300087231,2039,1157,19,361,359,2,9713,9463,250,145,143,2,1,100,NoArch
b99f6b667651a9fd8d21aad2ecd067d183d72b12,1,2,4,2,0,0,0,2,8,465,1,1,0,129,1158,20,8,8,0,720,720,0,3,3,0,1,100,NoArch
2b50ad637804299cec21390c85b11ff182ed15c2,1,3,1,2,0,0,0,4,34,8,1,1,0,793,204,19,110,110,0,4649,4637,12,34,34,0,0,100,NoArch
4ae5d3b704ee8e0f8f092a524c4dc231d926d571,5,540,3,537,4,0,4,1,35,0,2,2,2.004175025,795,205,20,162,110,52,6654,4649,2005,64,34,30,0,99.90910744,NoArch
6a6e806552e38d978b7bd7caf630762c914d7cb9,2,17,7,10,0,0,0,3,48,1220,2,2,0.738284866,1147,206,21,69,68,1,6790,6705,85,52,52,0,0,100,NoArch
ece0653e8e0872b96f3e51a9e456c5ecce0d62a0,1,18,5,13,0,0,0,3,9,495,1,1,0,100,207,22,15,12,3,300,267,33,4,3,1,0,100,NoArch
3b03a5f34808794014df417009038c20059b8cf1,2,45,2,43,0,0,0,3,32,367,1,2,0.550984443,595,208,23,84,83,1,2219,1920,299,66,65,1,0,100,NoArch
47bf82495c6a224d4ad1c107d1ffd2d9238d1cf8,4,227,6,221,3,0,3,1,24,10,1,4,1.889908601,1504,1159,17,229,218,11,9141,8293,848,104,98,6,1,99.9092806,NoArch
79b4d44c927ef61afe252a08275339a24d6ea6ab,4,147,42,105,1,0,1,1,78,333,1,3,1.780449674,1825,279,0,319,307,12,10549,9957,592,101,97,4,1,99.95469783,NoArch
b8d8222ba8960dff9ddf4d8e308e994a362fa944,0,0,0,0,0,0,0,0,0,0,0,0,0,0,209,24,0,0,0,0,0,0,0,0,0,0,100,NoArch
ca6461299ec76fd6d56b6c19629c133ec60257ce,0,0,0,0,0,0,0,0,0,0,0,0,0,0,214,28,0,0,0,0,0,0,0,0,0,0,100,NoArch
d9145485593e8cc23327a7ad0c6692b4ca4369ce,299,22007,1090,20917,156,0,156,3,178,373,10,75,7.471739385,48546,390,1,8829,7090,1739,317394,228738,88656,4654,3526,1128,1,92.41226952,Arch
efd6bda979e5e0cc063b5d9ff701c8988b534ed4,1,1,1,0,0,0,0,6,46,3,1,1,0,543,1057,8,98,98,0,2329,2329,0,52,52,0,0,100,NoArch
cc40251451f90ffa34025ea8c947f60b67a572cd,2,45,4,41,0,0,0,2,6,2,1,2,0.73001663,363,1058,9,37,35,2,2388,2158,230,16,15,1,0,100,NoArch
475eedc7a6abbfffba069974ef87d1bf233abd88,2,5,5,0,0,0,0,6,175,17,1,1,0.721928095,2794,1059,10,510,510,0,12170,12162,8,259,259,0,0,100,NoArch
dfeecb4519cea68d9c2638c481a24fb972cfa027,4,278,179,99,0,0,0,6,51,40,1,2,1.942906417,1046,1060,9,161,138,23,4608,4251,357,92,78,14,1,100,NoArch
c9addfb50e85b1b438789ca4f3c066f1d4d47312,1,2,5,3,0,0,0,3,17,42,1,1,0,271,1061,10,35,35,0,740,782,42,32,32,0,0,100,NoArch
eb7275d53a22ab743ce6a5ea28465070c9e5892e,0,0,0,0,0,0,0,0,0,0,0,0,0,0,308,11,0,0,0,0,0,0,0,0,0,0,100,NoArch
363a1cf599d7203d922d93950b77519013b16638,2,64,39,25,0,0,0,2,3,91,1,2,0.915025536,386,391,1,62,61,1,2609,2477,132,26,25,1,0,100,NoArch
c8d775dcc3177047564eb93d30ec68df66ad4b12,0,0,0,0,0,0,0,0,0,0,0,0,0,0,309,12,0,0,0,0,0,0,0,0,0,0,100,NoArch
e9f30febeccc1c3f6c24bffd8eaa1d91293d30dc,2,147,2,145,1,0,1,1,15,559,1,2,0.355060533,205,392,2,34,23,11,1344,667,677,16,10,6,1,99.97574778,NoArch
ff006954d811ccaa84b8f94a77168aaaa7d73898,1,73,0,73,1,0,1,1,1,0,1,1,0,0,393,3,9,0,9,216,0,216,9,0,9,1,99.95959596,NoArch
146970965a32ac9939663b575420c380792d9685,0,0,0,0,0,0,0,0,0,0,0,0,0,0,310,10,0,0,0,0,0,0,0,0,0,1,100,NoArch
73338477add439372e59d9a232fb7a595ad7f0e7,1,6,1,5,0,0,0,10,176,17,1,1,0,2251,311,11,414,412,2,9855,9833,22,207,207,0,1,100,NoArch
aef23f94f35c180fc4165d9335f0a579253bb3e8,1,65,0,65,1,0,1,1,1,0,1,1,0,0,394,4,5,0,5,160,0,160,3,0,3,1,99.98384491,NoArch
55be01fb55a0dc2b316be5bdf09b250ca012f8bc,0,0,0,0,0,0,0,0,0,0,0,0,0,0,312,12,0,0,0,0,0,0,0,0,0,1,100,NoArch
99d51265ff1849c1446415044222f739ed65c36d,1,5,5,0,0,0,0,1,3,180,1,1,0,92,313,10,7,7,0,496,491,5,3,3,0,1,100,NoArch
2dd5b7737bfdcb6ab7e3763927735c8f4c063bfc,2,6,65,59,0,1,1,1,15,1346,2,2,0.417864262,352,395,5,42,45,3,1651,1767,116,15,18,3,1,99.98384491,NoArch
45cb6a0c755727b38e2b09d68fd925502e06027a,0,0,0,0,0,0,0,0,0,0,0,0,0,0,314,11,0,0,0,0,0,0,0,0,0,1,100,NoArch
b94342f604e9a2fd22cda5747f573369017634bb,1,6,1,5,0,0,0,2,2,1956,1,1,0,183,315,12,28,27,1,744,722,22,12,12,0,1,100,NoArch
63b4de13e6a0b986f0592d953f744a42f5bccfea,0,0,0,0,0,0,0,0,0,0,0,0,0,0,316,11,0,0,0,0,0,0,0,0,0,1,100,NoArch
9822d58d04abe22f059b85b418478a4f80592322,3,107,1,106,1,0,1,3,27,281,1,2,1.246162111,455,396,6,89,80,9,3138,2593,545,30,25,5,1,97.81669677,Arch
fd65b8201a7729e4c20fb16fcc53a1cee74777f0,1,7,3,4,0,0,0,6,28,41,1,1,0,654,317,9,120,119,1,2140,2125,15,87,86,1,1,100,NoArch
c22ea7fab0f3b08fb515146a144047e730f33afc,1,31,10,21,0,0,0,2,2,3,1,1,0,39,37,0,8,2,6,242,90,152,2,2,0,0,97.82489203,Arch
4eafcccf6249f0936a4a83ddb3b4f078c07f70ce,7,170,14,156,1,0,1,3,95,680,1,5,2.19334065,4130,397,6,773,754,19,21779,20796,983,261,253,8,1,99.44120699,NoArch
03d355e97eff80e8e925420817190150e568a23f,0,0,0,0,0,0,0,0,0,0,0,0,0,0,318,10,0,0,0,0,0,0,0,0,0,1,100,NoArch
d22e841db9b2c431a76e51a9710660fec5af7ebb,3,75,8,67,1,0,1,1,44,14,1,3,0.812016002,1475,319,11,243,232,11,7543,6914,629,125,123,2,1,98.2534431,NoArch
3336a22ff9ac1175d3bd688ef3438f5bb5ec964c,1,16,0,16,0,0,0,1,2,0,1,1,0,67,320,12,11,11,0,629,629,0,2,2,0,1,100,NoArch
684f5dfef14ac90f37754bc2e7f93bb3cfc4332d,2,2,2,0,0,0,0,1,11,112,2,2,1,285,321,13,51,51,0,1154,1151,3,44,44,0,1,100,NoArch
b53e4b545aa4a54e6fc65642cef1e64f103bf143,1,6,1,5,0,0,0,3,12,0,1,1,0,191,322,14,38,37,1,748,722,26,32,32,0,1,100,NoArch
ce8f83acf1112aa6f6773aa1010aa6ea569faf06,1,62,0,62,1,0,1,1,1,0,1,1,0,0,323,13,1,0,1,253,0,253,1,0,1,1,99.9699925,NoArch
140f8e0322f3712df4a441a38595039ba2588f63,0,0,0,0,0,0,0,0,0,0,0,0,0,0,324,14,0,0,0,0,0,0,0,0,0,0,100,NoArch
2895197d0dad246757d8d1d9eea181cbf0543ae9,1,3,0,3,0,0,0,4,11,128,1,1,0,237,325,14,53,52,1,1117,1104,13,25,25,0,1,100,NoArch
b6eef83ef4ef883eccb6ddf7a99c06540418c9a8,1,0,4,4,0,0,0,1,2,1520,1,1,0,63,326,14,1,2,1,227,263,36,1,1,0,0,100,NoArch
05f82a9b6d74f4bc88517a78b934b781a2baa706,9,291,85,206,0,0,0,1,124,811,1,5,1.621807921,3337,398,3,565,543,22,19877,18632,1245,178,165,13,1,95.45667082,Arch
80a7ec59b4896fb23366485e929769fc9ab82982,2,18,18,0,0,0,0,5,40,122,1,1,0.88797632,628,327,14,112,113,1,3071,3090,19,43,42,1,1,100,NoArch
10e57c9e05912097d9debd428ffc5629f53cdde6,1,3,3,0,0,0,0,3,10,430,1,1,0,1148,1174,0,166,166,0,4549,4549,0,79,79,0,1,100,NoArch
fc52e42636c1ac8376ab62c79e9fee9463a616b6,1,2,1,1,0,0,0,2,7,227,1,1,0,533,328,15,75,75,0,2716,2711,5,33,33,0,0,100,NoArch
9e54516abae3e5c756defbbe90d494891b488486,2,24,12,12,0,0,0,7,100,170,1,1,0.183122068,3382,399,4,420,417,3,11795,11756,39,163,162,1,1,100,NoArch
e037e069bd420d3fdef3df6f1b3af57badfbf1f0,1,2,2,0,0,0,0,1,2,17,1,1,0,62,329,16,1,1,0,253,253,0,1,1,0,1,100,NoArch
b65407087f02c81d319a06bc1f0f199db7fbad28,0,0,0,0,0,0,0,0,0,0,0,0,0,0,6,0,0,0,0,0,0,0,0,0,0,0,100,NoArch
a0d2282a418470c4256193f2085a0c3c46d2b67e,6,283,57,226,1,0,1,1,179,122,1,4,1.880134368,4033,400,3,701,677,24,19504,18253,1251,319,303,16,1,100,NoArch
952d03685680d22168dffea03c69eccf69568eff,7,77,33,44,1,0,1,4,49,513,1,5,2.100757746,2961,330,12,409,407,2,14253,14001,252,231,229,2,1,99.95945179,NoArch
fab6ba187d0302886eb463fe2dea9afa797c1988,3,21,2,19,0,0,0,3,7,155,1,2,1.477746834,1055,331,10,151,147,4,5973,5861,112,77,76,1,0,100,NoArch
db9533b6319fea445c2b447710c0370d82ecdf01,1,36,34,2,0,0,0,2,6,3,1,1,0,345,332,11,29,27,2,1910,1910,0,18,16,2,0,100,NoArch
789789f06b8af1c1a9abd1631dcb8ebfafb0bceb,5,282,6,276,1,0,1,1,23,909,1,4,1.324336092,526,333,12,85,59,26,3819,2227,1592,49,33,16,1,97.1571769,Arch
358b522b8d016eecbd1208a77a6c0309167636ec,1,2,0,2,0,0,0,5,19,205,1,1,0,708,334,13,55,55,0,3215,3203,12,33,33,0,0,100,NoArch
1eb339f46d8d76eb5ef65e147d2711dd61ce5632,2,134,45,89,0,0,0,5,15,2942,1,1,0.99348385,496,401,3,108,89,19,2993,2345,648,44,40,4,1,100,NoArch
e7c4c48ab6c351daaceb356d8e3616e9a16e3ccf,0,0,0,0,0,0,0,0,0,0,0,0,0,0,335,14,0,0,0,0,0,0,0,0,0,1,100,NoArch
bb0aed04254c2d18915e6023e53cdbd0d2125507,1,2,2,0,0,0,0,1,3,51,1,1,0,83,336,15,11,11,0,639,629,10,2,2,0,0,100,NoArch
76de7c05e60bb70222802d56eb081505f484059c,5,17,2,15,0,0,0,1,1,0,1,3,0.485460761,1252,337,13,98,95,3,6283,6239,44,60,57,3,1,99.85004998,NoArch
6a73c40c187f80a21ddc61ccbf6d257003ba6fe3,3,245,9,236,1,0,1,1,125,16,1,3,0.778552014,1460,402,4,264,239,25,6942,5986,956,137,122,15,1,99.93331666,NoArch
eb983f7c08d13c75aefb781e141ac6fd8dc9a23c,5,189,15,174,0,0,0,4,83,318,1,5,1.563819449,3057,403,5,524,502,22,15981,14973,1008,227,218,9,1,99.63780323,NoArch
956c3e0df2b858a659d47f14e9123aa9e5cf1859,4,13,8,5,0,0,0,2,180,56,1,4,1.913371879,5173,404,6,900,897,3,23980,23907,73,383,383,0,0,100,NoArch
f8b0c22d0f8b7725b8a37d251408b2f24e4a03b2,2,39,7,32,0,0,0,2,21,1555,1,2,0.886540893,469,338,12,92,90,2,2435,2163,272,34,33,1,1,100,NoArch
9740fb21a6500eecb9a6170f157b5ac57575f0ea,3,29,7,22,0,0,0,1,53,63,1,2,1.352967654,947,1062,0,133,130,3,3818,3710,108,69,69,0,1,100,NoArch
95248352244ec92a59ba7d57e8181153dedcb73f,2,16,4,12,0,0,0,6,11,47,1,1,1,357,1063,1,59,59,0,1928,1774,154,37,37,0,1,100,NoArch
f206410b3da9e690b815ee88090644f9b66510e7,2,142,0,142,2,0,2,1,1,0,1,2,0.967559482,0,405,6,4,0,4,579,0,579,3,0,3,1,96.30008525,Arch
36cc71d07708dae289e337443d09dfa99c2abe42,1,3,3,0,0,0,0,2,9,3,1,1,0,534,406,7,75,75,0,2745,2721,24,33,33,0,0,100,NoArch
093c901329478df1364d5a832f8a494bff8b3c5f,2,12,0,12,0,0,0,6,38,228,1,1,1,626,339,11,73,72,1,2680,2649,31,62,61,1,1,100,NoArch
e0d7906605e4a21165c4518263a1bf9501afdb19,2,53,42,11,1,0,1,1,14,1488,2,1,0.99030702,132,340,10,7,7,0,378,333,45,7,7,0,0,99.98292058,NoArch
52808088659d594a22a7ce484a21aec902d168e6,2,46,1,45,1,0,1,1,178,7,1,2,0.25387844,2257,341,11,416,414,2,9896,9858,38,209,207,2,1,99.96585574,NoArch
6d5c4267fe32d49cdff44e729fa0f03665ca7e59,0,0,0,0,0,0,0,0,0,0,0,0,0,0,342,12,0,0,0,0,0,0,0,0,0,1,100,NoArch
4b6c80277a064402481aeff8c3224a6b7bf49b14,1,10,1,9,0,0,0,2,4,12,1,1,0,130,343,13,10,10,0,509,437,72,3,3,0,1,100,NoArch
80fd502dcd9e9b8bb1b5462b6894e9b7e4878352,1,11,16,5,0,0,0,2,9,17,1,1,0,119,344,14,8,8,0,509,517,8,5,5,0,1,100,NoArch
c4d8bc47a0bb8a5de919611cd0d77bb285dcbb7a,7,203,13,190,1,0,1,2,90,254,1,7,1.60069551,2164,407,7,408,388,20,12425,11308,1117,143,133,10,1,99.98293515,NoArch
fe89b0264bed7081f189cb8f27abea3ba9ae8e8d,1,12,0,12,0,0,0,2,7,2977,1,1,0,210,408,7,19,17,2,938,871,67,10,9,1,1,100,NoArch
3340371bddb153f8ec642f39c429d70899d11f77,1,143,0,143,1,0,1,1,1,0,1,1,0,0,409,8,5,0,5,779,0,779,4,0,4,0,99.98294098,NoArch
14f7c669ec4fe807cc955491c6256ad474bfa722,1,9,4,5,0,0,0,1,2,0,1,1,0,143,410,9,5,5,0,846,779,67,4,4,0,0,100,NoArch
9b7ce0e490eb2a21056984f0139131851f53f61a,1,10,8,2,0,0,0,1,3,2,1,1,0,148,411,10,5,5,0,867,846,21,4,4,0,0,100,NoArch
a3344e61a9d947a94da85e6e40cc4d3159ae789a,2,130,8,122,1,0,1,1,181,19,1,2,0.596999517,1728,345,7,328,317,11,9644,8973,671,97,91,6,1,99.95737789,NoArch
591e55ffcee6ccfb7cde69bd0ee9104e3eeffb32,4,97,14,83,1,0,1,1,84,86,1,3,1.531141068,2050,412,9,331,325,6,12726,12327,399,113,111,2,1,99.96592555,NoArch
2f3f48e7d4cb6aa4c8743e3792421f3f16705728,1,0,81,81,0,1,1,4,10,254,1,1,0,81,346,7,0,3,3,0,321,321,0,2,2,1,99.97444634,NoArch
ce9f83ccfcdfd48cb102fb11c38bdc5fe4d8dae3,7,203,9,194,3,0,3,7,24,498,2,2,2.070010575,1682,347,8,292,284,8,9112,8114,998,86,79,7,1,99.93188591,NoArch
a05e84eea35be54b5c08e696cbedce5dc0d9a733,5,14,7,7,0,0,0,7,25,0,2,2,2.081397184,1731,348,9,289,287,2,8485,8453,32,82,82,0,1,100,NoArch
6e1d530029c6e921943740f15a1dd69e43a2033c,1,2,2,0,0,0,0,1,3,0,1,1,0,44,349,10,2,2,0,260,260,0,2,2,0,1,100,NoArch
d6bd98f4c7d7889cc61477ea4ea5f648082e7f32,1,37,0,37,0,0,0,2,3,1172,1,1,0,69,413,8,5,4,1,523,281,242,4,3,1,0,99.99149081,NoArch
98904794786db2e4d98a2784c562e0fd0b3f97bf,0,0,0,0,0,0,0,0,0,0,0,0,0,0,350,11,0,0,0,0,0,0,0,0,0,1,100,NoArch
79d303d8029dd4918baade1cab97668c1787c0ca,0,0,0,0,0,0,0,0,0,0,0,0,0,0,414,9,0,0,0,0,0,0,0,0,0,0,100,NoArch
aa3110e26c0f773ca3abd5285a907768255b2a6f,1,14,0,14,0,0,0,5,16,194,1,1,0,237,415,10,17,16,1,1320,1250,70,14,13,1,0,100,NoArch
4e8143711a8b4640485bb78f94c52b4f4b8bfa4f,2,16,1,15,0,0,0,4,85,424,1,2,0.672294817,1295,351,11,237,235,2,7587,7464,123,64,63,1,1,100,NoArch
41c2a9c4698e98667d86b5ccb43d76b7b492d2d3,1,109,0,109,1,0,1,1,1,0,1,1,0,0,416,9,5,0,5,574,0,574,2,0,2,0,99.98298452,NoArch
5555f7c7e10ab15cd7b2031eb8c6bde9e3147c1d,0,0,0,0,0,0,0,0,0,0,0,0,0,0,417,10,0,0,0,0,0,0,0,0,0,0,100,NoArch
4a2b796acc69b0e7e1701d4fdb2288326c2337a9,1,1,1,0,0,0,0,1,2,2,1,1,0,109,418,11,5,5,0,574,574,0,2,2,0,0,100,NoArch
0e1d63269d9d39852f6fdca02394a0783d33ed82,2,8,3,5,0,0,0,2,10,62,1,2,0.684038436,176,419,12,9,9,0,800,762,38,6,6,0,0,100,NoArch
2b9c59c2833a7ea18de0d3e0586ba0d15de34166,4,155,90,65,0,0,0,6,20,60,3,3,1.109869614,643,352,8,86,79,7,3404,2944,460,23,20,3,1,100,NoArch
21b81e180f831724f0969edbfdb03e76cb238551,1,1,0,1,0,0,0,3,5,3012,1,1,0,99,353,8,10,10,0,493,484,9,2,2,0,1,100,NoArch
c980168df5916d18df6e6fe555b94bbcdb307aae,1,15,156,141,0,0,0,6,21,2,1,1,0,504,354,9,46,77,31,1620,2238,618,15,16,1,1,100,NoArch
c15b6d00467b872d07ad47d4e0c5e05df56ecc67,0,0,0,0,0,0,0,0,0,0,0,0,0,0,38,0,0,0,0,0,0,0,0,0,0,0,100,NoArch
c3a64a8eb30cf9368dba12ce3d02c72d39a9641c,2,77,13,64,1,0,1,1,12,596,1,1,0.595761097,144,420,11,6,4,2,758,531,227,6,4,2,0,96.24737579,Arch
3a6a56c6337c94b1d5872234ceced0d4d370b801,2,2,1,1,0,0,0,3,14,698,1,2,0.918295834,403,355,10,70,70,0,2164,2146,18,27,27,0,1,100,NoArch
429869d034890a14def5953c510ffd19b3858e00,1,34,0,34,1,0,1,1,1,0,1,1,0,0,421,12,5,0,5,226,0,226,1,0,1,0,99.94600918,NoArch
c909e965c731d96c91798aa81ace97dbba9e6f1d,1,3,1,2,0,0,0,1,4,231,1,1,0,278,422,11,15,15,0,1665,1646,19,8,8,0,0,100,NoArch
a34c80858e17ad8e2b627b33836514ad651a8c6f,1,106,0,106,1,0,1,1,1,0,1,1,0,0,356,11,6,0,6,540,0,540,3,0,3,1,96.09450763,Arch
3af93f18984053f67ea929a24ef4acb61dad3a51,4,39,140,101,0,0,0,1,4,505,1,2,1.176922104,493,357,12,31,32,1,2008,2611,603,12,13,1,1,96.09519612,Arch
41a1842d8c09a95d347b4c37d5abb3f23771a054,1,2,79,77,0,0,0,3,4,840,1,1,0,149,358,13,2,4,2,327,870,543,1,3,2,1,99.99100881,NoArch
dee584b99e25dff2eb855b517a7318d6f85c8249,3,197,2,195,1,0,1,5,45,592,1,2,0.300322862,515,423,12,80,63,17,3210,2305,905,36,25,11,0,99.98202086,NoArch
af159dd82b382baf04668ea78dbb22eeea972857,14,186,127,59,2,0,2,1,7,756,1,3,3.042659485,1117,359,14,111,109,2,4691,4425,266,68,61,7,1,99.91918103,NoArch
eb6fec879fc14a7fb9b45610eeeae3ab254713bf,5,180,99,81,2,1,3,3,6,111,2,3,1.949890631,388,360,15,46,44,2,2377,1730,647,14,14,0,1,97.2255288,Arch
8b6a0c7237a61353b9947c43e7a52e8d82955738,1,136,0,136,1,0,1,1,1,0,1,1,0,0,361,16,26,0,26,623,0,623,10,0,10,1,86.1754733,Arch
240619f0bb21ec6be84d05fc2f7e9d0056c0f8fe,0,0,0,0,0,0,0,0,0,0,0,0,0,0,424,12,0,0,0,0,0,0,0,0,0,1,100,NoArch
7046dc7f248ac25475615e0023453ea2a9beb0f0,0,0,0,0,0,0,0,0,0,0,0,0,0,0,425,13,0,0,0,0,0,0,0,0,0,1,100,NoArch
ea843782b387e39aa363f5bb45607b61c99f588f,10,674,180,494,0,0,0,4,182,500,1,3,1.546680211,5558,1064,0,905,833,72,30137,27752,2385,414,368,46,0,98.32420413,NoArch
0d05af661405f9f765182c7570ddf6a518870f6b,4,425,0,425,4,0,4,1,1,0,1,2,1.721881171,0,362,17,32,0,32,1647,0,1647,14,0,14,1,99.94812471,NoArch
b09ed031aa9e1b3cf392337bc5403c67b7bc5936,1,1,1,0,0,0,0,4,14,2,1,1,0,994,1065,1,139,139,0,5870,5870,0,75,75,0,0,100,NoArch
54a00fe5fe9b134d9394077b924b222115710657,2,26,7,19,0,0,0,2,9,1187,1,2,0.32984607,778,1066,2,121,120,1,4128,3953,175,59,59,0,1,100,NoArch
8cf566b4cadecf25d44d7c2840131ba09acf7cda,1,30,0,30,0,0,0,5,19,478,1,1,0,214,363,18,22,18,4,1396,1206,190,14,13,1,0,100,NoArch
5405ec8c49d62a0b602b4b2b142e1d7b9ca14c61,1,4,5,1,0,0,0,2,3,1361,1,1,0,159,1067,3,16,16,0,891,876,15,9,9,0,0,100,NoArch
21891008c5c4dc22e862184bcd6cb578f7256b5f,9,116,45,71,0,0,0,1,54,1129,1,6,2.399255956,2186,426,14,313,304,9,9363,9052,311,167,161,6,1,100,NoArch
3713a3bdeb734b1cd076b08177f44a450e2de43b,2,182,0,182,2,0,2,1,1,0,1,2,0.577289902,0,427,15,10,0,10,903,0,903,6,0,6,1,99.94298746,NoArch
50daa35a32851159bbd47ca08cc2517f3d166782,3,26,2,24,0,0,0,3,183,644,1,3,1.094914318,2125,428,15,368,367,1,10904,10737,167,121,121,0,0,100,NoArch
1b6d397aab3c8cb4a010603ce55b87249950ef2d,14,476,25,451,3,0,3,2,126,495,1,5,2.149358857,4383,429,16,680,618,62,21544,19142,2402,360,326,34,1,99.94301994,NoArch
1a5ad284ed67d1742237c337072635f29aae5f9c,43,524,232,292,0,0,0,2,184,713,1,16,4.805879615,24057,1068,4,3668,3619,49,108842,107106,1736,1900,1871,29,2,96.26646754,Arch
cd6f4f56505539fdcbb9e091d8504e5dc347dfc7,1,6,2,4,0,0,0,4,16,0,1,1,0,995,1069,5,141,139,2,5905,5885,20,75,75,0,0,100,NoArch
e2a383690cb03f45aada66239bfad613f1ef5f45,2,55,8,47,1,0,1,2,12,1158,1,1,0.995451583,116,1070,6,19,15,4,615,461,154,13,11,2,0,99.98900253,NoArch
4386e118a1d7cc15fc2cc489c204886b4b552a01,1,6,2,4,0,0,0,5,38,2,1,1,0,770,430,14,131,131,0,4207,4179,28,55,55,0,0,100,NoArch
10a976674edc472181635c5a68f5446067b6216b,2,59,1,58,1,0,1,1,27,493,1,2,0.286396957,399,431,15,44,43,1,1908,1636,272,29,28,1,1,99.89038693,NoArch
755345cb531c96de8e9c5e5fdd0e47dbc911329d,0,0,0,0,0,0,0,0,0,0,0,0,0,0,364,12,0,0,0,0,0,0,0,0,0,1,100,NoArch
09642bbcfa2eb7afb667bff0975595aca094e047,0,0,0,0,0,0,0,0,0,0,0,0,0,0,1175,0,0,0,0,0,0,0,0,0,0,0,100,NoArch
c92fe9992bb6da30615d7fb94a057077428226f2,2,4,4,0,0,0,0,4,17,148,1,1,1,109,432,15,6,6,0,411,381,30,6,6,0,0,99.98361104,NoArch
da0490b5012e93e9b4711430815aa301dadd2024,1,5,2,3,0,0,0,4,17,11,1,1,0,999,1176,1,141,141,0,5955,5905,50,75,75,0,1,100,NoArch
e1389a6accadebc1094d02775b979feafe0d9b40,14,101,57,44,0,0,0,3,36,856,2,10,3.012337721,5794,433,16,795,787,8,30888,30560,328,394,390,4,1,100,NoArch
35593638f5d45f7ba5a76d4431afe725563f633e,1,12,0,12,0,0,0,10,180,12,1,1,0,2295,434,17,422,422,0,10200,10154,46,208,208,0,2,100,NoArch
aace7c69370eacc2683f03f16aee2d81821acb89,2,102,2,100,1,0,1,1,34,115,1,2,0.355795198,614,365,13,129,121,8,3300,2833,467,48,43,5,1,99.77518232,NoArch
87b1ab15fe7e9cbd3d2011084791856df69e9cce,0,0,0,0,0,0,0,0,0,0,0,0,0,0,435,17,0,0,0,0,0,0,0,0,0,0,100,NoArch
a4983690cb02fb2abcbe8ef28606528944524ca8,0,0,0,0,0,0,0,0,0,0,0,0,0,0,436,16,0,0,0,0,0,0,0,0,0,0,100,NoArch
33f4190343c1698796814bd8d5f9cd451402c605,3,53,16,37,0,0,0,1,37,22,1,2,0.297944574,2791,437,17,385,376,9,16095,15858,237,188,184,4,2,100,NoArch
18adfefabef7fb6dc7dafcdf86cb59b54b7750a1,2,94,0,94,1,0,1,1,102,9,1,2,0.08499556,1371,438,18,239,235,4,6573,6134,439,64,62,2,1,99.96147496,NoArch
ae7df9fcaa2648432827a898ad7905730245b0f0,1,6,1,5,0,0,0,5,60,21,1,1,0,548,439,19,105,104,1,2714,2646,68,41,41,0,1,100,NoArch
b50ede668d067e09e51e340df4b7e12c12f8c807,1,13,2,11,0,0,0,4,11,386,1,1,0,117,440,17,18,16,2,372,348,24,5,4,1,1,100,NoArch
ecf068e23b1384d523e2e9e6724c38bf3bf107bb,4,175,13,162,1,0,1,2,86,229,1,3,1.38117546,1823,441,18,317,295,22,10222,9385,837,123,116,7,1,99.95598349,NoArch
72015ca681858a41a63f4734549e71afa2f8a9d9,2,149,2,147,1,0,1,1,23,193,2,2,0.140696225,123,442,16,33,21,12,1557,671,886,6,5,1,1,99.97249876,NoArch
7f0ced9402713b4ee660167d0060d8f56461e148,1,4,1,3,0,0,0,9,103,15,1,1,0,1372,443,17,236,235,1,6160,6149,11,62,62,0,1,100,NoArch
32714018830bb49a7ae8a437cc21bddc7d92ab72,2,33,7,26,0,0,0,5,38,37,1,2,0.909736123,1786,444,16,247,241,6,9689,9579,110,118,115,3,1,100,NoArch
3c8df79ecaa8b1c22925be2dfe960da27b4b9c79,2,305,0,305,1,0,1,1,11,8,2,2,0.031780304,304,445,15,62,39,23,2535,672,1863,41,38,3,0,99.98900253,NoArch
651a5fecd1ec441af1b93186faa4e6730dd044c7,1,16,0,16,0,0,0,1,2,0,1,1,0,304,446,16,23,23,0,1863,1863,0,3,3,0,0,100,NoArch
f0a446f3951d0c427a295a1b2419494cbc75fabb,0,0,0,0,0,0,0,0,0,0,0,0,0,0,37,0,0,0,0,0,0,0,0,0,0,1,100,NoArch
99ef19a43d47c698ffd2ef2e8c6bff0334c53310,1,87,0,87,1,0,1,1,1,0,1,1,0,0,366,2,4,0,4,418,0,418,4,0,4,1,99.9780099,NoArch
ea2e4f5ac276b802a08e8861c1692647f72313f9,0,0,0,0,0,0,0,0,0,0,0,0,0,0,367,2,0,0,0,0,0,0,0,0,0,1,100,NoArch
9ae0d327696f6ae78b9190250899739902077288,0,0,0,0,0,0,0,0,0,0,0,0,0,0,38,1,0,0,0,0,0,0,0,0,0,1,100,NoArch
121ecb5599f81d16ff3003886aaa0b5422f860e6,2,17,2,15,0,0,0,3,19,1355,1,2,0.485460761,300,368,2,39,36,3,1462,1415,47,28,26,2,1,100,NoArch
9fcf16eaabb197b5c91d916a621243d6d141e5ae,3,90,1,89,1,0,1,1,56,159,1,3,0.239333295,401,369,3,67,61,6,2507,2096,411,33,27,6,1,99.98900737,NoArch
bf61bebd798185f784f5f36b596d9d6b199dd362,1,0,5,5,0,0,0,3,6,372,1,1,0,299,370,4,35,36,1,1386,1431,45,15,16,1,0,100,NoArch
9c47f6b38548d089fe05a63ed37d9ca81fc91376,2,117,0,117,1,0,1,1,57,0,1,2,0.2149782,289,371,5,61,50,11,2175,1628,547,27,19,8,1,99.97801956,NoArch
bb17d6151665c040e5960598403168f7bf5669ec,1,2,2,0,0,0,0,5,58,3,1,1,0,293,372,6,51,51,0,1645,1645,0,19,19,0,1,100,NoArch
2b6f36dbfd3bc2bd4f9e155d6528ac7346e95c6d,2,166,4,162,1,0,1,1,28,1,1,2,0.273769169,113,373,7,31,11,20,1213,475,738,19,8,11,1,99.9890122,NoArch
e771b88479c70cd24ea489ef325b59da108572cd,2,56,2,54,0,0,0,1,114,221,1,2,0.216396932,2942,447,5,340,337,3,11851,11523,328,185,184,1,1,100,NoArch
9444a7903e88c4a391daf190d0e4dc9fd57ee1ca,2,114,2,112,1,0,1,1,101,37,1,2,0.328812238,637,374,8,112,102,10,3955,3377,578,38,30,8,1,99.97253653,NoArch
6b18edc77133cafbf9297ec5e2991f09ccf1243b,1,180,0,180,1,0,1,1,1,0,1,1,0,0,448,6,16,0,16,1046,0,1046,7,0,7,1,99.98901702,NoArch
d96c1cb7a352d61d15b430b6a279ff70b8181351,4,61,9,52,1,0,1,1,29,16,1,3,1.6441109,1312,375,9,186,181,5,7626,7412,214,99,98,1,1,99.96162912,NoArch
bc2b677c4deb263c141e6faea778b44ab50648c3,2,31,2,29,1,0,1,1,2,0,1,1,0.439496987,31,376,10,2,1,1,114,57,57,2,1,1,1,99.52512424,NoArch
027d2e71b691efc2f7bf7dc6832335affd8cf8b3,4,196,6,190,2,0,2,1,10,1367,1,2,1.549740495,216,449,5,38,22,16,1685,793,892,28,18,10,1,99.97772829,NoArch
794e62fbaacb17ec9abff107ad49e28ac5df8187,2,35,3,32,0,0,0,7,115,159,1,1,0.991992403,3268,1071,0,425,420,5,11473,11376,97,266,262,4,1,100,NoArch
dc6dc7e540f3b8f470bc804c257086be177c4f30,7,65,75,10,0,0,0,4,18,603,1,1,2.265139575,478,1072,1,27,26,1,1565,1645,80,21,20,1,0,99.71048383,NoArch
370d56e300baf17606af93a27f4a2fbb4c6c3335,2,126,0,126,1,0,1,1,12,1090,1,2,0.309543429,145,377,11,37,27,10,1126,555,571,20,12,8,1,99.96100279,NoArch
ad06a5f9c347ff2ddd87885c2f16f91637b471c3,3,278,1,277,1,0,1,1,116,738,2,2,0.337336959,2491,450,5,328,308,20,9930,8660,1270,187,174,13,1,99.98886042,NoArch
27262c84630dbfb48b7662dab68f34a277e5f7a5,16,1000,331,669,1,0,1,3,185,265,1,9,2.46884672,8058,1073,2,1308,1221,87,44160,41088,3072,591,556,35,0,99.9888691,NoArch
7a5abebea8e33e8b585a81b69755a6206bf963e3,4,126,45,81,0,0,0,5,22,283,1,2,1.498112461,2102,1074,3,299,288,11,10867,10581,286,176,172,4,0,100,NoArch
e70308804fc21a0b2bafb5667ee23c860e0e93b8,1,9,0,9,0,0,0,5,23,0,1,1,0,1138,1075,4,171,171,0,6593,6538,55,89,89,0,0,100,NoArch
774a9daa4d0fa21a455eeb7fb92fae25baf99075,1,3,3,0,0,0,0,3,12,2915,1,1,0,189,1076,5,15,15,0,912,921,9,5,5,0,0,99.95550364,NoArch
37b7d9cfbd1480340eabe1926f5c337aad9dafe0,1,2,2,0,0,0,0,1,3,0,1,1,0,465,1077,6,63,63,0,2708,2700,8,25,25,0,0,100,NoArch
47181b7b07689eee30fcc2413dff93a940dbe4ac,2,32,3,29,0,0,0,4,40,0,1,1,0.970950594,2083,1078,7,292,288,4,10093,10026,67,163,159,4,1,100,NoArch
ddf228227cf0eb8932595892beea5e5e872cc311,1,7,5,2,0,0,0,4,15,0,1,1,0,478,1079,8,58,58,0,1160,1160,0,57,57,0,0,100,NoArch
1999d948bba5ceacc9360e0cab3c86595a04cb78,2,2,3,1,0,0,0,1,103,1,1,2,0.970950594,1101,1080,9,164,164,0,6073,6075,2,55,55,0,0,100,NoArch
f42c91f43db0f2a59d0bd7e924adc4ac9d042d03,4,66,26,40,0,0,0,3,61,345,1,2,1.568416778,1651,1081,10,265,260,5,6613,6506,107,124,122,2,1,100,NoArch
97032199728567b0ea70f33c0bfedd96e420b0ac,1,180,0,180,1,0,1,1,1,0,1,1,0,0,378,12,11,0,11,1135,0,1135,7,0,7,1,99.91669906,NoArch
ae5300b1904fdadbd7e5817f849f3fbc5df3a943,1,1,1,0,0,0,0,5,41,303,1,1,0,487,379,12,80,80,0,3436,3436,0,30,30,0,1,100,NoArch
94261594d3ef6d5a9ab15becf6b42a6f80956a18,0,0,0,0,0,0,0,0,0,0,0,0,0,0,380,13,0,0,0,0,0,0,0,0,0,1,100,NoArch
e85dda9c64c27a3449da0c44b5314aa8be06cdc9,3,42,16,26,0,0,0,2,24,299,3,3,1.234111438,1532,451,4,212,206,6,8411,8201,210,107,105,2,0,100,NoArch
d55404445af782b2fbbba8d055b7d55c5b7e5d5c,1,1,1,0,0,0,0,1,2,92,1,1,0,157,452,5,10,10,0,873,873,0,6,6,0,0,100,NoArch
b8c2d09220415efc90844853a9c8ebb31a560fa7,0,0,0,0,0,0,0,0,0,0,0,0,0,0,381,13,0,0,0,0,0,0,0,0,0,1,100,NoArch
69e3b6c8c83d2bf0a06a0a7f0e3a8bd44cde907b,3,25,3,22,0,0,0,6,128,149,1,2,1.283886824,1694,1082,11,330,326,4,9815,9668,147,123,121,2,1,100,NoArch
4dd5b5efb7ab731d75ef1115d48e2d729c2fbcc5,4,145,16,129,1,0,1,1,4,609,1,2,1.769327235,479,453,6,77,67,10,2617,2014,603,45,37,8,1,99.96119304,NoArch
a8b0d399154bb3fe61de206ab77d6f9451c8c18a,1,3,0,3,0,0,0,2,2,114,1,1,0,190,382,14,15,15,0,905,884,21,10,10,0,0,100,NoArch
d8440f8610f56d79555c43a40c16948fb56df1d9,1,1,1,0,0,0,0,1,5,921,1,1,0,282,1177,0,48,47,1,1176,1170,6,13,13,0,0,100,NoArch
9ae41192a9d2c39fcc82d8dfd101392be8698456,1,66,7,59,0,0,0,1,5,453,1,1,0,770,1178,1,150,140,10,4797,4492,305,54,51,3,1,100,NoArch
c14dc3a06fb4b25db3e69f232ea565a4ff161824,8,538,125,413,2,0,2,1,117,675,1,1,2.017530639,5306,1083,12,832,779,53,21495,20298,1197,397,372,25,1,97.25654822,Arch
7ad152bac8bbdef1aa36f064683018701cf24e82,1,2,1,1,0,0,0,7,74,100,1,1,0,2041,1084,13,187,187,0,5744,5740,4,103,103,0,0,100,NoArch
2aa2278fc27720fbc2209b3ba22fa63218c35836,1,1,1,0,0,0,0,4,41,21,1,1,0,1634,383,11,234,234,0,8939,8933,6,106,106,0,1,100,NoArch
9f417a2e5a4f2b406c720ca96494464ac7369153,4,83,13,70,0,0,0,1,40,610,1,4,0.993925614,1920,384,12,302,290,12,11217,10864,353,142,137,5,1,100,NoArch
d53609ff08eb5108f273d1afc5801de9fa148cd6,1,6,1,5,0,0,0,1,3,27,1,1,0,30,385,13,1,1,0,85,57,28,1,1,0,1,100,NoArch
ac77a047c0e22177fd6f69ed3e16cd64b0ca37f7,1,0,4,4,0,0,0,4,15,0,1,1,0,268,386,14,36,36,0,1377,1385,8,18,18,0,1,100,NoArch
1f063e8557211e655c2eca8065623b157f590de5,1,1,1,0,0,0,0,6,24,2,1,1,0,214,387,15,44,43,1,854,846,8,17,17,0,1,100,NoArch
eeacd65a2b8df4eb6b2fa48b0687872cbe296128,3,186,13,173,1,0,1,1,11,2096,1,2,1.325987687,188,388,16,42,19,23,1606,788,818,30,12,18,1,99.96199645,NoArch
00879cf6836ee20da9796d5475593889f370d661,34,637,273,364,4,0,4,1,186,976,1,9,4.005561786,10152,1085,14,1752,1706,46,43990,42217,1773,873,836,37,1,97.31257064,Arch
fb591e7b895d4309a207abab154c0181a46ebdac,4,94,72,22,0,0,0,2,187,182,1,3,0.98636871,2887,454,6,467,463,4,13871,13671,200,184,182,2,0,100,NoArch
39c536395a4f024f206610a38ab73de053c18688,1,5,0,5,0,0,0,3,5,173,1,1,0,183,455,7,18,18,0,1054,1045,9,11,11,0,0,100,NoArch
ddb2c91c20179732a676d9e40ebc6eddfd000890,3,61,38,23,0,0,0,1,188,18,1,2,0.369241368,2939,1086,15,487,487,0,15223,15235,12,148,148,0,0,100,NoArch
9807ee3253200e8ed25407d95bf06ec13ee7be8a,6,604,21,583,1,0,1,8,55,979,1,2,1.745718784,1852,14,0,174,142,32,14754,10650,4104,97,78,19,1,96.50402893,Arch
dd48ebea0058bc363c398d89e1d01d9fcf5ef3af,1,4,5,1,0,0,0,4,25,113,1,1,0,429,1087,16,52,52,0,2338,2349,11,20,20,0,0,99.96117761,NoArch
d1b5029dc6100d7996b19ced959b4ae12bfaa8c5,1,1,1,0,0,0,0,4,28,5,1,1,0,296,1088,17,64,65,1,1333,1337,4,23,23,0,0,100,NoArch
ff43b7a9aac929349b88bc30a8e53a5290590de7,1,9,6,3,0,0,0,3,5,23,1,1,0,226,456,6,35,35,0,908,908,0,22,22,0,1,100,NoArch
b73b8bc5b7989ef9e4677a762dc7b01f68d7c58a,2,61,54,7,0,0,0,6,26,160,1,1,0.258018669,839,389,11,146,147,1,4254,4168,86,34,34,0,1,100,NoArch
8f3e831fcf1b6e34925ade8894f4d8073efa7661,1,14,7,7,0,0,0,3,6,0,1,1,0,229,457,7,35,35,0,908,908,0,22,22,0,1,100,NoArch
4a23f0d1c1ab0a772239b329a0092308ea9d367b,1,2,2,0,0,0,0,3,7,0,1,1,0,236,458,8,35,35,0,908,908,0,22,22,0,1,100,NoArch
149d4772df8d2eff7daad7593d8a0e819fe21308,0,0,0,0,0,0,0,0,0,0,0,0,0,0,390,12,0,0,0,0,0,0,0,0,0,1,100,NoArch
452ceae26e4ebe2982bf2a8d6f09918d5ca8bc58,1,1,1,0,0,0,0,10,181,109,1,1,0,2307,1089,14,422,422,0,10206,10200,6,208,208,0,0,100,NoArch
a89118211467832067f62b7f6c03c0e8820fd6d0,0,0,0,0,0,0,0,0,0,0,0,0,0,0,391,13,0,0,0,0,0,0,0,0,0,1,100,NoArch
d1e35e6c3acc4245def6987fe32955e904b1c27a,1,1,0,1,0,0,0,5,12,1386,1,1,0,400,459,8,25,25,0,2245,2236,9,24,24,0,0,100,NoArch
0785e76eef0157d778078208c2feb2671e2f57f3,0,0,0,0,0,0,0,0,0,0,0,0,0,0,392,14,0,0,0,0,0,0,0,0,0,0,100,NoArch
f7c3c11cc4650deebb3c9e6538a926a19dc63537,0,0,0,0,0,0,0,0,0,0,0,0,0,0,393,13,0,0,0,0,0,0,0,0,0,1,100,NoArch
554a01a42075ad03b4e60f885a2c831c8e0792a0,1,3,1,2,0,0,0,6,27,8,1,1,0,359,394,13,75,74,1,1778,1764,14,20,20,0,1,100,NoArch
76f842d37117f3227f62294b84bf55639e27d329,5,106,45,61,0,0,0,3,42,202,2,4,1.5496825,3789,460,7,533,522,11,20778,20267,511,237,236,1,0,100,NoArch
2c9cbbdff38f16bb207ddaee9c5a5240cec1cb33,0,0,0,0,0,0,0,0,0,0,0,0,0,0,395,13,0,0,0,0,0,0,0,0,0,1,100,NoArch
c14c7e791dc499af9d7e984b620c876506654564,2,189,8,181,1,0,1,1,91,99,1,2,0.998493919,1048,1090,8,232,217,15,5914,5069,845,75,68,7,1,99.98705669,NoArch
42ee51fe9abe67712921ddb6ec296b8551aed2b0,3,237,1,236,1,0,1,1,189,16,1,3,0.69000312,2590,1091,9,456,440,16,12900,11797,1103,198,188,10,1,100,NoArch
6a5030b9f56d31519b4bfb102b0a74314a675cb4,1,13,15,2,0,0,0,3,12,2695,1,1,0,56,1092,10,4,4,0,145,158,13,1,1,0,0,100,NoArch
412730b8994c275605dfbdb6dded2c7b4df4db2f,0,0,0,0,0,0,0,0,0,0,0,0,0,0,396,14,0,0,0,0,0,0,0,0,0,1,100,NoArch
caea2f22f097c15fa62d32de5305d4124b08d4d7,2,4,5,1,0,0,0,4,43,8,1,1,0.764204507,2821,1093,10,413,413,0,15884,15898,14,195,195,0,0,100,NoArch
8d9ff0d25fa8602f109b63a7277440a57d920416,0,0,0,0,0,0,0,0,0,0,0,0,0,0,397,14,0,0,0,0,0,0,0,0,0,1,100,NoArch
95ba6efcebbece7104ea53dc5c99e1eb7b23029d,1,2,0,2,0,0,0,3,11,3178,1,1,0,49,1094,11,0,0,0,80,80,0,0,0,0,0,100,NoArch
179bd54e22bc6ea4614b6bb460dc43c7251b6c87,1,35,30,5,0,0,0,5,28,0,1,1,0,1182,1095,12,179,179,0,6947,6941,6,89,89,0,0,100,NoArch
4160249750fc4a84da5f295059a3775a4f46fce8,0,0,0,0,0,0,0,0,0,0,0,0,0,0,461,7,0,0,0,0,0,0,0,0,0,1,100,NoArch
cc700dd84103d21d9f2a6e51d44b95041c6cc623,1,10,2,8,0,0,0,3,5,1041,1,1,0,400,462,8,40,38,2,2099,2058,41,11,11,0,0,100,NoArch
28180b35bd13f70787652c26c4c274d9d175cb96,1,327,205,122,0,0,0,10,190,8,1,1,0,1856,1096,11,330,330,0,10089,9247,842,95,95,0,0,100,NoArch
720ff40ac026c4700e3c2306e537d9c497206f4b,1,3,7,4,0,0,0,10,191,0,1,1,0,1978,1097,12,330,330,0,10049,10089,40,95,95,0,0,100,NoArch
52a91db74099bfb87fb468d5cd2d711639870c8a,0,0,0,0,0,0,0,0,0,0,0,0,0,0,398,10,0,0,0,0,0,0,0,0,0,1,100,NoArch
06b41bb7592d2bf3c4de995c0a71fcc5b974bd86,0,0,0,0,0,0,0,0,0,0,0,0,0,0,399,11,0,0,0,0,0,0,0,0,0,1,100,NoArch
b47da808d7bf1ef479e482ed0c1db1c701386626,2,112,29,83,0,0,0,4,44,6,1,1,0.995605261,2825,1098,13,413,413,0,16519,15890,629,195,195,0,0,100,NoArch
89e538db7cc2762df4b2db9b2ca8e98b8cc132dc,1,7,10,3,0,0,0,10,192,1,1,1,0,1974,1099,14,330,330,0,10057,10049,8,95,95,0,0,100,NoArch
e0f1872e692880931ca4bde085db9603cb1b269d,0,0,0,0,0,0,0,0,0,0,0,0,0,0,400,12,0,0,0,0,0,0,0,0,0,1,100,NoArch
d1fa2baf404d0dbad19c8daf5e67d6d91178b301,4,469,0,469,4,0,4,1,1,0,1,1,1.918563247,0,401,12,57,0,57,2400,0,2400,24,0,24,1,99.94826025,NoArch
aac39acbb227377f19e684874e1526081379c3a4,0,0,0,0,0,0,0,0,0,0,0,0,0,0,39,0,0,0,0,0,0,0,0,0,0,1,100,NoArch
7a7a876045902b16dcbe55ff8ab48132714ddb57,0,0,0,0,0,0,0,0,0,0,0,0,0,0,402,13,0,0,0,0,0,0,0,0,0,1,100,NoArch
a6a6a708ff26c8ddba966107d2add4186e173ba4,36,994,259,735,1,0,1,1,96,536,1,22,3.493459741,16295,463,9,2508,2429,79,84006,80325,3681,1228,1178,50,1,96.23550288,Arch
40ae8b1d4c29d704c2b13eeff52c6d70b24ada70,1,9,1,8,0,0,0,1,2,2,1,1,0,152,403,14,21,19,2,824,758,66,8,8,0,1,100,NoArch
5763561d60bc3e405a1b2612ba6eb23afb2f4b76,3,13,9,4,0,0,0,3,46,45,2,2,1.436545552,3766,464,8,547,547,0,21140,21099,41,259,258,1,0,100,NoArch
ebef6140470d680bd9644b29ab3fd6c52c954a0c,0,0,0,0,0,0,0,0,0,0,0,0,0,0,465,9,0,0,0,0,0,0,0,0,0,0,100,NoArch
ee554acb09f4eff83fcec1aa3f6622b7015d27a1,0,0,0,0,0,0,0,0,0,0,0,0,0,0,466,10,0,0,0,0,0,0,0,0,0,0,100,NoArch
681cf04da9914650bfbc7ec0622b02cbf9ddc9e5,3,43,3,40,0,0,0,8,56,181,1,2,1.09560974,1606,404,15,90,89,1,9957,9621,336,64,63,1,1,100,NoArch
958038e0ca3448a8297cd60c75cea6aae1653137,1,2,13,11,0,0,0,3,11,20,1,1,0,458,467,11,61,61,0,2124,2140,16,15,15,0,0,100,NoArch
1b0f4ae79998352d5ef6b17e9d0e66c98d7cf7df,0,0,0,0,0,0,0,0,0,0,0,0,0,0,468,12,0,0,0,0,0,0,0,0,0,0,100,NoArch
4ced774bcaf3fb6eec421ad28567a1b438b7c5dd,0,0,0,0,0,0,0,0,0,0,0,0,0,0,405,16,0,0,0,0,0,0,0,0,0,1,100,NoArch
48d0045460d5d9f9001166caf8cf38e5b1ec245a,0,0,0,0,0,0,0,0,0,0,0,0,0,0,40,1,0,0,0,0,0,0,0,0,0,0,100,NoArch
26430893ae73393901933aede1b680f285e7797b,1,1,1,0,0,0,0,2,5,405,1,1,0,404,1100,13,61,61,0,2429,2429,0,37,37,0,0,100,NoArch
2705e3606fe3b4ac449119ad3c25ad6a5eeb1b57,5,190,64,126,0,0,0,8,193,57,1,2,1.271304136,6411,1101,12,1142,1115,27,30731,30159,572,490,478,12,1,100,NoArch
70314ea8a68cc6600730a659e58a4b01cfbdef75,1,20,0,20,0,0,0,6,60,22,1,1,0,764,1102,13,123,119,4,2769,2685,84,101,97,4,1,100,NoArch
ea0ceacef07627abfde4f47d7ba9c0f44bf4de91,1,1,1,0,0,0,0,10,183,0,1,1,0,2317,1103,14,424,424,0,10239,10239,0,210,210,0,1,100,NoArch
cee683f84c087dd8239078aaadaa5477193a44f0,1,2,1,1,0,0,0,3,41,48,1,1,0,520,1104,15,97,97,0,2549,2549,0,35,35,0,1,100,NoArch
67699f2a18c3dbc0ad7de05caef5da3ed842898d,1,2,4,2,0,0,0,2,2,11,1,1,0,91,41,2,10,9,1,395,405,10,4,4,0,0,100,NoArch
70971237bfeec4f0c194a9e72276908ecaf54194,0,0,0,0,0,0,0,0,0,0,0,0,0,0,406,17,0,0,0,0,0,0,0,0,0,1,100,NoArch
584d52c1f0a5f9ef418239f6d75ec0a1036eafd5,4,151,52,99,0,0,0,8,57,255,1,2,1.583158362,1963,407,18,174,160,14,12397,11850,547,107,101,6,1,100,NoArch
b1d7a78c0a1ed6212b9cec274992f37d91b03d94,3,23,46,23,0,0,0,4,47,25,1,1,0.701626777,3487,469,10,492,493,1,19757,19878,121,229,229,0,0,100,NoArch
03349fecda8efde730b100ed338c0cfe2171d462,1,3,0,3,0,0,0,3,3,478,1,1,0,74,408,18,9,8,1,233,224,9,9,8,1,1,100,NoArch
7017d091134665b828446df8f6ef1c93200c9829,0,0,0,0,0,0,0,0,0,0,0,0,0,0,409,19,0,0,0,0,0,0,0,0,0,1,100,NoArch
73433372e9bacff78406c64b644c9b1202a0a2c0,4,193,6,187,1,0,1,1,194,518,2,3,0.769037268,3222,470,11,446,431,15,18619,17762,857,155,148,7,1,99.98756992,NoArch
1f355142f40e1e61b02a7f44636881dd881e4ee6,3,39,12,27,0,0,0,2,6,847,1,1,1.465730701,529,410,18,76,72,4,3045,2906,139,44,40,4,1,100,NoArch
54a152039391c15f13507f23630169b2784b8fa3,1,196,0,196,1,0,1,1,1,0,1,1,0,0,471,11,17,0,17,950,0,950,5,0,5,1,99.91284861,NoArch
3817ed9a975514012f28d46cf7c439d2a0931c64,2,105,5,100,1,0,1,1,4,28,1,2,0.376019851,259,411,18,47,35,12,2200,1713,487,16,10,6,1,99.96882987,NoArch
a7f916446484bc03a8c95c30b4453436a1be3696,1,3,1,2,0,0,0,2,9,173,1,1,0,156,472,12,16,15,1,682,674,8,6,6,0,1,100,NoArch
f2517c01b87f667659b75f2ced1ab7bcb9e427c2,5,255,13,242,1,0,1,1,48,289,1,3,1.214284941,4090,473,13,597,567,30,22601,21357,1244,307,293,14,1,99.98753739,NoArch
145c80a298c71f20ae080b1feca715f153b89881,3,50,35,15,1,0,1,1,184,155,2,3,1.424575172,2474,412,17,443,443,0,10807,10732,75,222,221,1,1,99.98754049,NoArch
d85895666a17b5e059548f20f787b0e507ae964b,7,128,16,112,2,0,2,1,69,384,1,5,2.371180281,2573,474,13,401,389,12,13142,12561,581,187,184,3,1,99.90041081,NoArch
607f1ef669eba566d61669d2f3458744a0b96e34,1,1,1,0,0,0,0,5,14,72,1,1,0,595,475,14,168,168,0,3312,3308,4,58,58,0,1,100,NoArch
c6af867113dd3f967e7c4beeb3f024378e06baf1,2,27,1,26,0,0,0,6,16,50,1,1,0.67694187,298,1105,9,29,25,4,1582,1430,152,7,7,0,1,100,NoArch
5ea053920f2edf28313daf5cd7ab514d1bdba380,0,0,0,0,0,0,0,0,0,0,0,0,0,0,476,15,0,0,0,0,0,0,0,0,0,0,100,NoArch
11705e70b4395c25f275ae448efc12b0fec8d501,12,138,100,38,3,1,4,2,185,777,1,5,3.396026793,3704,413,15,599,600,1,17776,17800,24,280,279,1,1,99.93782255,NoArch
8ed8dd41c4250042589a90fc9506cca9c6205aa2,2,6,1,5,0,0,0,6,29,1,1,1,0.863120569,816,414,16,117,117,0,5232,5184,48,30,30,0,1,100,NoArch
03f38ae402511f664c36b5415703f887739e921a,7,164,0,164,2,0,2,1,42,85,1,4,1.998704169,1174,415,17,180,169,11,4718,4091,627,148,138,10,1,99.96893059,NoArch
c4425caa2f66a1d59703845b3316683542ed3429,3,110,5,105,0,0,0,1,2,26,1,3,0.455828724,254,416,17,40,27,13,1829,1183,646,26,19,7,1,100,NoArch
12f019591369bb6f8f6c8eadf82339d3391c5af0,5,45,10,35,0,0,0,1,47,28,1,3,1.89906938,2090,417,17,295,288,7,10499,10324,175,152,148,4,1,100,NoArch
383d12ed0e1269161561e0050a6695610003bba2,16,541,97,444,3,0,3,1,130,100,1,5,3.100645826,6216,477,14,974,920,54,30911,28740,2171,509,476,33,1,99.9503229,NoArch
40f921dab9b0d7b68dc4c7ac556a618eebffd2f8,0,0,0,0,0,0,0,0,0,0,0,0,0,0,1106,6,0,0,0,0,0,0,0,0,0,0,100,NoArch
4f5e620d1ca8bbe382b428a065dd118b58c0e797,6,116,47,69,0,0,0,1,48,7,1,3,1.436342933,2336,418,15,321,317,4,12052,11748,304,164,163,1,1,100,NoArch
2677c6bf0e77c192e016dcd1c6896c1349d39f54,1,5,3,2,0,0,0,6,34,2,1,1,0,699,419,15,127,127,0,2299,2287,12,91,91,0,1,100,NoArch
21e641d496ed5196de1c23883c1525c3afd5389d,2,15,0,15,0,0,0,1,3,317,1,2,0.353359335,495,478,9,68,67,1,2183,2100,83,32,32,0,0,100,NoArch
623da6ffab4638d3e6ca6eb53497703a093dd55f,1,6,2,4,0,0,0,4,5,491,1,1,0,208,479,10,30,30,0,893,907,14,17,17,0,0,100,NoArch
f206a1bd11dfe8265faacfdbbb74113894069d28,9,536,372,164,1,0,1,1,49,588,1,8,1.354799351,4140,480,11,536,520,16,24306,23478,828,238,228,10,1,96.03535853,Arch
5f400b3853aae9f5a581de99cc390a6bb330f47f,1,2,2,0,0,0,0,4,49,23,1,1,0,1819,1107,6,262,262,0,10161,10161,0,115,115,0,0,100,NoArch
0004917cd8b39bced226032b7ba0d6bca30e64f6,1,68,0,68,0,0,0,3,11,2362,1,1,0,187,1108,3,59,44,15,1372,899,473,18,13,5,0,100,NoArch
9ecc679b3864dc37b3ec6be104ce2634d0ca033f,5,121,19,102,1,0,1,2,13,900,1,4,2.046916615,384,481,12,37,31,6,2230,1730,500,25,19,6,1,93.70187191,Arch
af5d8d154adfa117bd4bce9eab7a19ccb9b632a3,1,13,1,12,0,0,0,5,26,765,1,1,0,576,482,13,112,110,2,2727,2674,53,46,45,1,1,100,NoArch
5e0e4248de994f655edc821ff56a59ab3dbcc304,1,7,1,6,0,0,0,4,42,12,1,1,0,406,483,13,74,73,1,2492,2463,29,24,24,0,1,100,NoArch
cca20b81d7f1ae821a2b498a9db6e3d1f2e7315d,1,9,10,1,0,0,0,3,12,5,1,1,0,255,1109,4,58,59,1,1362,1372,10,18,18,0,0,100,NoArch
91ae1712f4c66c5f4f6cad4d6ceebc8680a13ceb,1,119,0,119,1,0,1,1,1,0,1,1,0,0,1110,5,7,0,7,654,0,654,3,0,3,0,99.98872604,NoArch
e8ff71d371622918b74fb23bf4341071817eac12,0,0,0,0,0,0,0,0,0,0,0,0,0,0,1111,6,0,0,0,0,0,0,0,0,0,0,100,NoArch
43c231525783f5e716d1b6b1f00ac2c44e711db1,0,0,0,0,0,0,0,0,0,0,0,0,0,0,1112,7,0,0,0,0,0,0,0,0,0,0,100,NoArch
6b4509cdea61f78c2ecc013929c8c54da0f38341,9,680,32,648,6,0,6,1,97,56,1,4,2.866045154,2901,484,13,579,513,66,19340,16158,3182,209,165,44,1,94.43498358,Arch
4f32c6bcc13d7a4284157381536b228f6ec15e41,1,1,1,0,0,0,0,3,10,5,1,1,0,81,485,13,7,7,0,378,387,9,5,5,0,1,100,NoArch
e6c4d7e81e913397d248c3212625d6a2b2f464d3,1,5,1,4,0,0,0,2,6,185,1,1,0,319,486,14,30,29,1,1708,1675,33,21,21,0,0,100,NoArch
589d634fe31fab7928f07de7a43c9f396d9de723,1,1,1,0,0,0,0,2,3,986,1,1,0,171,487,14,16,16,0,741,741,0,13,13,0,0,100,NoArch
cba046834ca7b203fe96971b2e6370378fd583b1,4,484,99,385,1,0,1,1,50,8,1,2,1.272104896,3169,1113,8,528,449,79,20093,18024,2069,237,210,27,1,99.98019017,NoArch
969e7585f39d0c62a3d7aa5c0352ddc6d1ce06a4,4,33,3,30,1,0,1,1,131,49,1,3,0.914182838,1571,488,15,256,254,2,7600,7541,59,83,82,1,0,99.9669858,NoArch
f5e8d90337b668a4afd2c6e1a083d16f9ca17f47,0,0,0,0,0,0,0,0,0,0,0,0,0,0,420,7,0,0,0,0,0,0,0,0,0,0,100,NoArch
909f7763ff3037c74ab56fea65fcc9401fe60484,0,0,0,0,0,0,0,0,0,0,0,0,0,0,421,8,0,0,0,0,0,0,0,0,0,0,100,NoArch
7dcd1a968043d767d52f371c7037d9c810153712,1,1,1,0,0,0,0,1,3,72,1,1,0,160,422,9,21,21,0,824,824,0,8,8,0,0,100,NoArch
7ad733aa1680f952ff74985be831d5694647abaf,0,0,0,0,0,0,0,0,0,0,0,0,0,0,423,9,0,0,0,0,0,0,0,0,0,0,100,NoArch
c1acb4030d12e6d653bc5bca385532fc00dc3ed9,1,1,1,0,0,0,0,1,2,18,1,1,0,131,489,12,11,11,0,610,610,0,8,8,0,0,100,NoArch
8c4bb36bbe31b01219305ce6649f961b791f7c02,2,27,42,15,0,0,0,6,19,643,1,2,0.558629373,1155,7,0,104,106,2,6129,6092,37,64,65,1,0,100,NoArch
6f7e3fc1d5be96ff0ba57b1f0fd45f2289242c37,3,16,3,13,0,0,0,2,51,192,1,2,1.432983121,3515,490,13,538,534,4,19962,19880,82,242,241,1,0,100,NoArch
0af6b063e7bcbdee3541d023fa832cb934fad514,6,4,33,29,0,0,0,5,195,65,1,3,1.879542072,4997,491,14,750,753,3,25287,25346,59,310,313,3,0,100,NoArch
6dffe4debefd29dfbe58c8d3bd64782bcaf25b1e,2,91,0,91,1,0,1,1,8,1638,1,2,0.087280589,99,424,6,17,13,4,832,390,442,8,4,4,1,99.98679519,NoArch
8cb9ef312f47f7e799316e633ae8d2550935cd85,1,1,1,0,0,0,0,5,38,2,1,1,0,1234,425,7,180,180,0,7323,7321,2,91,91,0,0,100,NoArch
e1f6acf03873009c1da2287be64b83ffab078dc4,0,0,0,0,0,0,0,0,0,0,0,0,0,0,426,7,0,0,0,0,0,0,0,0,0,0,100,NoArch
6b81869fc6a73e25894f82840c03d557f5917642,0,0,0,0,0,0,0,0,0,0,0,0,0,0,427,8,0,0,0,0,0,0,0,0,0,0,100,NoArch
c23f9e6584e01b92460a06273f09a22f358453f3,6,153,17,136,0,0,0,1,106,964,1,3,1.13453963,4458,492,14,517,512,5,17562,16768,794,217,212,5,1,100,NoArch
74495451afed39130b56bb98df616a0693db6065,2,42,27,15,0,0,0,6,20,6,1,2,0.558629373,1140,493,14,106,104,2,6092,6129,37,65,64,1,0,100,NoArch
474a30d7ce6a6fdc8f2106a4d7e075d04169eecb,0,0,0,0,0,0,0,0,0,0,0,0,0,0,428,8,0,0,0,0,0,0,0,0,0,0,100,NoArch
01495a00e98315d8cbe7f2b4d952c4d15afdfab0,1,1,0,1,0,0,0,5,39,3,1,1,0,1234,494,13,180,180,0,7331,7323,8,91,91,0,0,100,NoArch
05101de83928b3df2e61b6b6d3e67c3630943d6f,2,2,2,0,0,0,0,3,55,499,1,2,1,1154,495,14,180,180,0,4383,4383,0,103,103,0,1,100,NoArch
b18255665f6b7b0e241d6f01019edcf5e1161c5c,1,1,1,0,0,0,0,6,132,23,1,1,0,756,496,15,134,134,0,3590,3590,0,35,35,0,1,100,NoArch
144a362aeebdd11a8144c704d3ee0414cbb70a84,1,8,0,8,0,0,0,4,15,303,1,1,0,90,429,9,7,6,1,217,152,65,7,6,1,1,100,NoArch
34dcc17aa3ea1643e99d37098a08c30e1eaf94ec,1,17,0,17,1,0,1,1,1,0,1,1,0,0,430,10,1,0,1,86,0,86,1,0,1,1,99.98019802,NoArch
ab2cd1133d45d70840c65efd7129e64196a763f4,2,59,12,47,1,0,1,1,8,863,1,2,0.876064368,114,497,16,16,10,6,344,250,94,16,9,7,1,99.96700759,NoArch
bc6cfbfe1bb670e2693294217e3bb529233b46bd,0,0,0,0,0,0,0,0,0,0,0,0,0,0,498,17,0,0,0,0,0,0,0,0,0,0,100,NoArch
05a2ffb9dc770d9751519fd9fc1769106dd95c02,0,0,0,0,0,0,0,0,0,0,0,0,0,0,39,0,0,0,0,0,0,0,0,0,0,0,100,NoArch
24b42fcd8236f0fc62f69d3a34ee9eb86287b620,0,0,0,0,0,0,0,0,0,0,0,0,0,0,431,11,0,0,0,0,0,0,0,0,0,1,100,NoArch
7f7a95b457741170d1436cc06626be2265e1f8f6,2,18,5,13,0,0,0,4,25,1428,1,2,0.828055725,1564,499,18,260,259,1,9370,9265,105,119,119,0,1,100,NoArch
670a9c4c569112a2aaa4d9734c477c4bdcbc8a1a,1,3,3,0,0,0,0,5,56,8,1,1,0,682,500,19,97,97,0,2532,2532,0,52,52,0,1,100,NoArch
7cab67bf1d0b90decbadbc733541cdae6ee20e05,0,0,0,0,0,0,0,0,0,0,0,0,0,0,501,20,0,0,0,0,0,0,0,0,0,1,100,NoArch
7629eafd0a54f163b8092f43d2d83f9cd6ee3907,1,2,2,0,0,0,0,6,98,36,1,1,0,1422,502,20,246,246,0,7691,7691,0,94,94,0,1,100,NoArch
530ab0420b51b22f9a6c70b78ecb3068a76ffe00,1,39,0,39,0,0,0,2,2,1877,1,1,0,191,503,20,14,10,4,1214,969,245,10,8,2,0,100,NoArch
d93ef2a919c61ba27dbb353f11dee8a333340465,1,1,1,0,0,0,0,1,6,145,1,1,0,829,1179,0,150,150,0,4799,4797,2,54,54,0,1,100,NoArch
3796cf449771d5008f6e084799ced3d9f3ec0fed,0,0,0,0,0,0,0,0,0,0,0,0,0,0,8,1,0,0,0,0,0,0,0,0,0,0,100,NoArch
8d19556ea6b9348fa839d92950218a9b4ab51d3e,0,0,0,0,0,0,0,0,0,0,0,0,0,0,9,2,0,0,0,0,0,0,0,0,0,0,100,NoArch
45116abe3a930dc9f2f599a653d21227b836b1ec,0,0,0,0,0,0,0,0,0,0,0,0,0,0,9,2,0,0,0,0,0,0,0,0,0,0,100,NoArch
948e386fbdd598a88ff1845eb97b2b69792fceeb,1,16,0,16,0,0,0,1,4,263,1,1,0,108,432,12,6,6,0,564,564,0,3,3,0,0,100,NoArch
3f8cb551224d9759569d2d2954e2c49dee5146e9,0,0,0,0,0,0,0,0,0,0,0,0,0,0,10,3,0,0,0,0,0,0,0,0,0,0,100,NoArch
0d6db707c4ecddb1f49205013801c6663d0b95f2,0,0,0,0,0,0,0,0,0,0,0,0,0,0,12,5,0,0,0,0,0,0,0,0,0,0,100,NoArch
ac652da52d252e6801a891c0e34bc5025d42c2f3,0,0,0,0,0,0,0,0,0,0,0,0,0,0,11,4,0,0,0,0,0,0,0,0,0,0,100,NoArch
4625a468a097d284575ddc478ab24caf861cb136,1,2,2,0,0,0,0,1,2,35,1,1,0,30,504,21,1,1,0,72,53,19,1,1,0,1,100,NoArch
604ec7cc9f1e1dd40be0aac1a59e5892d1b49249,1,1,1,0,0,0,0,1,3,0,1,1,0,30,505,22,1,1,0,72,72,0,1,1,0,1,100,NoArch
261ccabf6592e36a0d0b2f9d3bb36334c9c03ba8,12,178,4,174,0,0,0,1,5,572,1,8,3.505384959,1170,433,13,113,113,0,6214,6234,20,60,60,0,0,99.97360955,NoArch
9e32de2812abb58772b752140d07d0a1513f0a48,5,80,0,80,0,0,0,1,5,227,2,4,2.321928095,391,434,14,25,25,0,2273,2273,0,10,10,0,0,100,NoArch
ab28b31451f750fa6701dac83ae1e8387003a7e8,3,48,6,42,0,0,0,1,2,264,2,2,1.567711658,196,435,15,12,12,0,1092,1138,46,7,7,0,0,100,NoArch
a72e6a88623a10daa508ae603a47bc5d74ec7a50,0,0,0,0,0,0,0,0,0,0,0,0,0,0,436,16,0,0,0,0,0,0,0,0,0,0,100,NoArch
67887b419970df6fccdf3633bf77a14613aa8542,0,0,0,0,0,0,0,0,0,0,0,0,0,0,437,17,0,0,0,0,0,0,0,0,0,0,100,NoArch
30d7a7d7d31cf2065fac74559071e9c626082d51,0,0,0,0,0,0,0,0,0,0,0,0,0,0,12,5,0,0,0,0,0,0,0,0,0,0,100,NoArch
5fe87d74506381d2667df17c8565c3dc91b64fd7,0,0,0,0,0,0,0,0,0,0,0,0,0,0,15,8,0,0,0,0,0,0,0,0,0,0,100,NoArch
0fad136cc6e8e615bb03e311558622fa6dc2264e,0,0,0,0,0,0,0,0,0,0,0,0,0,0,13,6,0,0,0,0,0,0,0,0,0,0,100,NoArch
f30cd72f61a06749e24c465ca193aadc70a7b72c,1,1,0,1,0,0,0,4,11,875,1,1,0,150,438,18,22,22,0,601,599,2,7,7,0,0,100,NoArch
1f85f4b685baa49646d8bcc797e195816976ac6d,1,1,1,0,0,0,0,4,7,2372,1,1,0,177,439,19,19,19,0,766,766,0,5,5,0,0,100,NoArch
612b044169dcf29a25dbe64a860c1375d8c178eb,1,2,2,0,0,0,0,3,4,57,1,1,0,274,15,0,47,47,0,903,901,2,21,21,0,1,100,NoArch
89944c79885195235bbb0132e250185be57fa879,1,9,2,7,0,0,0,5,29,45,1,1,0,245,440,20,39,38,1,1317,1248,69,12,12,0,1,100,NoArch
317bee8f6f3ce49fd52b45c26381419ae13ed2b1,0,0,0,0,0,0,0,0,0,0,0,0,0,0,506,17,0,0,0,0,0,0,0,0,0,0,100,NoArch
784b93df4d369f8c90c2038dc440ee0f0b0f09d8,16,49,26,23,0,0,0,2,186,915,2,14,3.323146288,6104,441,21,972,967,5,30421,30248,173,428,426,2,1,100,NoArch
72278d5e0fb04baf5c4e6e7b04e8efd34bf53c10,1,12,3,9,0,0,0,3,8,953,1,1,0,89,507,18,11,9,2,428,392,36,5,3,2,1,100,NoArch
e32c1ba9f8ffaea94885841eadd9ede44d080136,2,19,1,18,0,0,0,3,16,2,1,2,0.468995594,491,442,22,85,82,3,2944,2844,100,36,35,1,1,100,NoArch
46e2e6e3638479569368491cdf270353d5e1cc1d,3,32,8,24,0,0,0,3,15,114,1,3,1.298794941,1172,508,19,140,138,2,6585,6424,161,61,61,0,1,100,NoArch
b14fec37161f67e6fbf59405ed03333bbdc01e5b,1,2,2,0,0,0,0,6,15,1341,1,1,0,396,443,23,57,57,0,2098,2090,8,12,12,0,1,100,NoArch
52675ab3e7b9b5f6162d929f5aca0a6b986b672c,3,86,10,76,1,0,1,2,15,1100,1,2,1.150366587,173,509,20,23,16,7,1059,765,294,8,7,1,1,99.97361304,NoArch
61e47a23451dc974f46abbfe7816dd15c772e9fc,0,0,0,0,0,0,0,0,0,0,0,0,0,0,444,24,0,0,0,0,0,0,0,0,0,0,100,NoArch
d649a9184b44236e055f024be947e67cb455e10b,0,0,0,0,0,0,0,0,0,0,0,0,0,0,445,25,0,0,0,0,0,0,0,0,0,0,100,NoArch
d3fc97aba29b14781a2ed97a320b8d86582fe5fb,0,0,0,0,0,0,0,0,0,0,0,0,0,0,446,26,0,0,0,0,0,0,0,0,0,0,100,NoArch
8063f4bcdaeb3fea6b54782b9475b554aaa5180f,0,0,0,0,0,0,0,0,0,0,0,0,0,0,447,27,0,0,0,0,0,0,0,0,0,0,100,NoArch
760f56875a9f243dece62a7a5827d33427e76069,0,0,0,0,0,0,0,0,0,0,0,0,0,0,447,27,0,0,0,0,0,0,0,0,0,0,100,NoArch
d3bb57d0bc846f4fd19a16ba4d96f055cba3a2ec,0,0,0,0,0,0,0,0,0,0,0,0,0,0,448,28,0,0,0,0,0,0,0,0,0,0,100,NoArch
a440b6c6773520b67c6620be62e657c11ee4ce5a,0,0,0,0,0,0,0,0,0,0,0,0,0,0,14,7,0,0,0,0,0,0,0,0,0,0,100,NoArch
e3674e70e2b1918c6e03966681d07a94e2033f86,0,0,0,0,0,0,0,0,0,0,0,0,0,0,18,11,0,0,0,0,0,0,0,0,0,0,100,NoArch
a6fbc32e620d02431796a9b6b77820524c44fe31,4,108,16,92,0,0,0,1,55,17,1,3,1.421627808,2989,527,16,381,374,7,16451,15860,591,188,183,5,0,100,NoArch
81c5b9d6d3f8a68eb0f255ebb8d7609c9ac3a5ea,0,0,0,0,0,0,0,0,0,0,0,0,0,0,526,15,0,0,0,0,0,0,0,0,0,0,100,NoArch
dbaf2b1c8c3a30b10898d9d6baa308bd73931f59,0,0,0,0,0,0,0,0,0,0,0,0,0,0,611,12,0,0,0,0,0,0,0,0,0,0,100,NoArch
81f3935cf33feeca9e3380bc01f132e2fc45e57b,2,54,0,54,0,0,0,4,63,2036,1,2,0.309543429,796,612,12,119,116,3,4319,3924,395,49,48,1,1,100,NoArch
7d5494258b32767b6f94d118c806f36699e3ec59,4,95,2,93,0,0,0,2,40,811,1,3,1.518221369,961,613,11,176,162,14,5154,4641,513,71,64,7,0,99.89471728,NoArch
78a54c93533dfce355686ece14ddbfd73e230845,2,3,0,3,0,0,0,3,8,606,1,2,0.918295834,260,614,11,31,31,0,1005,971,34,22,22,0,1,100,NoArch
c0c55ae2a5f3cc2d90572c8dccb0fa9127085253,2,75,31,44,0,0,0,3,14,1355,1,2,0.987380023,969,24,0,110,107,3,3287,2939,348,47,44,3,1,100,NoArch
a332127cc253a6bcb8cee8b48b88be70186372d9,1,5,2,3,0,0,0,2,2,304,1,1,0,248,527,11,33,33,0,1227,1222,5,18,18,0,0,100,NoArch
938a5fce16f7512c1f33137f96e48d06605c5d84,2,74,2,72,1,0,1,1,2,290,1,2,0.398459274,98,615,11,17,13,4,865,454,411,5,3,2,1,99.97529186,NoArch
f51c4cc63f4c9adfbea8d3dbe00c3e6f4e9bc6a6,1,51,7,44,0,0,0,2,3,5,1,1,0,251,528,8,39,33,6,1421,1227,194,21,18,3,0,100,NoArch
426a3a17fe4d3bad55f0cb77ababadc35de81520,1,1,7,6,0,0,0,3,13,45,1,1,0,1140,616,6,165,166,1,4452,4506,54,79,79,0,1,100,NoArch
08a2967764fb7a2812f8bf69a7f7a2f6ab88854f,0,0,0,0,0,0,0,0,0,0,0,0,0,0,617,6,0,0,0,0,0,0,0,0,0,0,100,NoArch
6ed942a3eec957658074741ed6ab74cb62d9a795,1,4,4,0,0,0,0,6,95,51,1,1,0,1133,618,5,232,232,0,5407,5401,6,74,74,0,1,100,NoArch
5b5d60f9d19ee61ea9653b8a065e6b4636467159,1,12,1,11,0,0,0,3,4,464,1,1,0,149,619,6,22,21,1,975,897,78,10,9,1,0,100,NoArch
afa3f2410768b3eb022d1cafba318a4805ce8390,1,0,1,1,0,0,0,6,55,75,1,1,0,732,620,7,126,126,0,3150,3150,0,72,72,0,0,100,NoArch
6519c3e2327930500912bdcc68098f28d366449b,11,411,51,360,1,0,1,1,135,141,1,8,1.895150926,4881,621,8,822,777,45,25192,23165,2027,411,401,10,0,99.96295153,NoArch
31ed6d550e5fda659c32dc0966e6ce4c5479298e,0,0,0,0,0,0,0,0,0,0,0,0,0,0,529,2,0,0,0,0,0,0,0,0,0,1,100,NoArch
bf20aa514c38ff80f8b86492eb152f56566e2bb0,0,0,0,0,0,0,0,0,0,0,0,0,0,0,530,3,0,0,0,0,0,0,0,0,0,1,100,NoArch
054fc6aca52f2bf220af2d2fdea5d700a06a0bbe,2,148,115,33,0,0,0,1,53,110,1,2,0.036041322,902,531,4,147,135,12,6003,5981,22,61,58,3,1,99.98148605,NoArch
3ddb71c65bf08affd9cf5adef6abb54f0abcaa8f,12,208,53,155,0,0,0,1,65,95,1,8,2.542353108,4357,622,8,695,671,24,21545,20339,1206,380,374,6,0,100,NoArch
ccd2e94f4ef16556071d3e4938e3e4dc5d45dd01,2,30,5,25,0,0,0,3,12,562,2,2,0.315997133,808,623,9,119,118,1,4362,4219,143,57,56,1,1,99.99383097,NoArch
9c768579e8881a1c0a2c3a4005ce81e39ed56300,2,22,1,21,0,0,0,2,40,695,1,2,0.965636133,847,624,10,148,143,5,2785,2696,89,106,102,4,1,100,NoArch
1a0c582028e6a4ae04ae554536490beef37b7142,0,0,0,0,0,0,0,0,0,0,0,0,0,0,625,11,0,0,0,0,0,0,0,0,0,1,100,NoArch
1355cf581017b9a2f4ff60983e32e594e6217aec,4,39,30,9,0,0,0,2,58,334,1,4,1.908403112,1195,626,12,165,162,3,4749,4718,31,80,77,3,1,99.97531931,NoArch
c75ff7f163d1a41573ebd70fa02d0cdaef717d9a,2,2,2,0,0,0,0,4,16,2019,1,1,1,507,532,5,58,58,0,1262,1262,0,32,32,0,1,100,NoArch
738e9a19ea3519d6483744a0f02f1e815f98e22b,2,65,44,21,0,0,0,3,96,550,1,2,0.307456533,1205,627,13,238,234,4,5866,5709,157,78,75,3,1,99.99382868,NoArch
6348481c181802e418445e812a0923ad7a092af0,4,34,58,24,0,0,0,2,91,434,1,4,1.791817779,1992,628,14,344,345,1,10425,10568,143,117,118,1,1,98.86740504,NoArch
44d6be4e335124e35ce9e5f67bb40a6d28185bd0,2,36,5,31,0,0,0,5,93,566,1,2,0.461216041,1169,533,6,205,202,3,6289,6105,184,92,91,1,1,100,NoArch
7a7b380def879593935759308fa5bd3978fdb01a,3,27,56,29,0,0,0,2,12,658,1,2,1.22716963,635,629,14,51,56,5,3273,3419,146,30,32,2,0,95.6570784,Arch
72bf2f85cc084e771bc3b120754518e614258bea,1,3,2,1,0,0,0,2,11,9,1,1,0,262,630,15,29,29,0,1917,1911,6,7,7,0,0,100,NoArch
6983978564689d83f7e7610275ee677adc928a08,1,13,1,12,0,0,0,2,12,2,1,1,0,263,631,16,31,29,2,1957,1917,40,8,7,1,0,100,NoArch
a91a1814747657bda5c8b5a3a1d2f9b8a7efc433,1,4,1,3,0,0,0,1,14,422,1,1,0,519,632,17,56,56,0,2643,2620,23,24,24,0,0,100,NoArch
55794fe07036dc437b9010fce0c71e4d0ff48454,2,8,6,2,0,0,0,1,33,53,1,2,0.591672779,824,534,7,132,132,0,3667,3629,38,61,61,0,0,99.98984875,NoArch
11d79743bf1089b73861e395c686e8931b44517b,1,4,1,3,0,0,0,1,2,66,1,1,0,101,535,8,5,5,0,561,515,46,3,3,0,0,100,NoArch
e35519f3a116231e3e88452e2c0752609c3cf931,2,29,2,27,0,0,0,4,65,266,1,2,0.345117315,1226,633,18,181,179,2,5414,5184,230,124,123,1,1,99.81226851,NoArch
2306d962417c283fcd96c775c63d00adb0406173,1,32,10,22,0,0,0,2,3,1379,1,1,0,157,536,8,29,24,5,1052,897,155,10,8,2,1,100,NoArch
7267896d56beaaa4bcee676900057fe7d8deb86c,1,2,2,0,0,0,0,2,4,0,1,1,0,179,537,9,29,29,0,1060,1052,8,10,10,0,1,100,NoArch
a2d4eb5ceeef20649d20f539932df1e33c115985,2,61,1,60,1,0,1,1,5,1,2,2,0.205592508,179,538,10,36,29,7,1336,1060,276,13,10,3,1,99.98985698,NoArch
c56d192d81cf8c7807a7f24c870ba8ac1f891674,0,0,0,0,0,0,0,0,0,0,0,0,0,0,5,0,0,0,0,0,0,0,0,0,0,0,100,NoArch
10a403b6ab901c53470a465aff2529d2b1927bfb,4,76,4,72,2,0,2,1,6,0,2,3,1.650205192,239,539,10,39,36,3,1571,1336,235,15,13,2,1,99.96451204,NoArch
bef96a9248de94b32df7418d80bb716a3637ab2d,3,89,10,79,1,0,1,7,28,142,2,2,1.42954034,549,540,11,81,74,7,3255,2747,508,14,12,2,1,99.98479627,NoArch
de66445d582033420ef873d1013b70f27e481909,1,23,11,12,0,0,0,1,2,0,1,1,0,55,541,12,1,1,0,317,351,34,1,1,0,1,100,NoArch
1f9cc43890a7a539d17d409d4c07e5a00f35aea7,4,50,16,34,1,0,1,1,7,3,2,3,1.487454624,287,542,13,43,39,4,1634,1547,87,17,15,2,1,99.98986623,NoArch
a71c1e354eb71524ff181d0d52088d781ce3273a,0,0,0,0,0,0,0,0,0,0,0,0,0,0,543,12,0,0,0,0,0,0,0,0,0,1,100,NoArch
e0c5024fcffb96a5cdbd8d6d2f4b66e2001237f9,2,170,8,162,1,0,1,1,108,100,1,2,0.539608477,663,544,12,113,101,12,4193,3371,822,35,30,5,1,99.98986829,NoArch
663d5db7f1f370f8af109a313d10fee0545da65c,9,160,13,147,1,0,1,1,92,500,1,4,2.193292837,3869,545,12,712,695,17,21067,20408,659,415,402,13,1,99.97467713,NoArch
d0a1a001a3bee563e8cf06b4d2b82fc8373617d6,2,12,0,12,0,0,0,3,8,168,1,1,0.650022422,425,546,13,32,30,2,1877,1842,35,19,18,1,1,100,NoArch
ebcab0512cf018857987ee50803f1151fc4c7f54,2,23,20,3,0,0,0,3,9,2,1,1,0.999609836,437,547,14,33,32,1,1721,1877,156,20,19,1,1,100,NoArch
2a2dcd5ec45f2d165f65a8e6983a9d28c4981199,8,129,14,115,1,0,1,3,193,1039,1,4,1.825014319,5542,548,14,999,985,14,28524,27864,660,407,398,9,1,99.98987342,NoArch
3e1550143941eb07865990d4d28c9eb67d91c18d,3,58,7,51,1,0,1,1,94,1,1,2,1.013628577,1360,549,14,248,244,4,8070,7914,156,67,63,4,1,99.97975196,NoArch
bd49b5250a1ecc987b4a150be425d475a62925de,9,18,10,8,0,0,0,1,95,0,1,4,3.110577243,3607,550,14,604,602,2,18589,18516,73,363,361,2,1,100,NoArch
72cd4ec09eb6e6bc7fe41006fb555444102a0b75,1,1,1,0,0,0,0,2,5,3723,1,1,0,185,634,0,19,19,0,690,690,0,7,7,0,0,100,NoArch
715bf260f4c90a36441f7218612501b5e0173391,2,9,7,2,0,0,0,4,77,1339,1,2,0.954434003,2540,635,1,248,248,0,7906,7898,8,161,161,0,1,100,NoArch
6c721fcff57a31fd03017e3ad7ac485bced789ef,1,1,0,1,0,0,0,2,4,1445,1,1,0,115,636,2,18,18,0,482,473,9,13,13,0,1,100,NoArch
86565eb0e19af8ead04a0fa3a3ae7e99d5eb8fe0,3,245,0,245,3,0,3,1,1,0,1,2,1.560903512,0,551,9,22,0,22,968,0,968,11,0,11,1,99.95952441,NoArch
2803b18fb606ed555ca78c1caa75e7292247557e,1,5,1,4,0,0,0,2,13,999,1,1,0,214,637,3,11,11,0,1360,1310,50,9,9,0,1,100,NoArch
9e40b914dec18a10182dd78b1694cd3c0604cd8b,4,101,17,84,1,0,1,3,67,185,2,3,0.997151836,3557,638,4,562,554,8,20371,19781,590,233,230,3,1,99.98482856,NoArch
dce325b14423d03ca97ef31b9dffef1877235cb1,1,44,16,28,0,0,0,1,2,8,1,1,0,92,639,5,9,7,2,702,561,141,4,3,1,0,100,NoArch
182da6531deab9931f2095ba329fb5888741cef8,2,11,3,8,0,0,0,1,11,1878,1,2,0.940285959,216,552,7,20,18,2,1006,963,43,8,8,0,1,100,NoArch
55c3ef9fdab718937d6d1ba9daca4556258599c1,1,2,0,2,0,0,0,6,48,890,1,1,0,543,640,6,98,98,0,2355,2337,18,52,52,0,1,100,NoArch
0ed0ba584c3a2637dac6378301b3d276aae13c9f,6,160,89,71,0,0,0,2,194,264,1,3,1.500161458,5088,641,7,897,887,10,25750,25327,423,409,405,4,1,99.98988571,NoArch
5ca9763343e4f692d53429b27813e45b7653d532,1,9,6,3,0,0,0,6,50,0,1,1,0,548,642,8,100,99,1,2371,2359,12,52,52,0,1,100,NoArch
921d6ca25ddd012cc8d335c67ed6708b76dcbe50,1,13,2,11,0,0,0,2,4,1006,1,1,0,216,1180,0,35,31,4,1100,1004,96,11,10,1,1,100,NoArch
7b1cdbc0808e2cc5fc77108fa9e73c5b3c930921,5,95,13,82,2,0,2,1,8,33,2,3,1.82177267,292,553,6,48,42,6,1785,1565,220,19,16,3,1,99.97977346,NoArch
c7522305732396dbee751ea37e2554f2420908be,8,324,93,231,1,0,1,1,103,160,1,8,2.087553672,5759,643,9,1074,1043,31,31866,30485,1381,415,398,17,1,99.9898898,NoArch
14d5dcee8c55632d6099e1e86ef627a5c3d98c74,0,0,0,0,0,0,0,0,0,0,0,0,0,0,644,10,0,0,0,0,0,0,0,0,0,1,100,NoArch
5f013444115a5ebd19c5f9dcc44fa147dec2cd44,1,6,14,8,0,0,0,1,3,0,1,1,0,53,554,5,6,6,0,108,181,73,4,3,1,1,100,NoArch
cc64a51c164639362494753ed0d621aeb3469a5d,1,8,3,5,0,0,0,2,13,83,1,1,0,275,645,11,32,31,1,1975,1957,18,8,8,0,0,100,NoArch
1edb58ab89bad5526ee0ccab911d6f3f3a699c6e,1,4,1,3,0,0,0,10,203,237,1,1,0,2053,646,12,347,346,1,10462,10429,33,97,97,0,0,100,NoArch
219c5d32cd75bdae8b86e960d121e553042d3e9a,1,75,0,75,1,0,1,1,1,0,1,1,0,0,647,13,5,0,5,325,0,325,4,0,4,0,99.97978471,NoArch
1b9e94fb465b6d04c86fb7a004ecda5808c3d4d0,1,2,1,1,0,0,0,4,14,720,1,1,0,287,648,14,39,39,0,1565,1559,6,21,21,0,0,100,NoArch
be9bdab07bd012132ec63f6dccac5ed93966fa81,1,5,1,4,0,0,0,4,4,395,1,1,0,169,25,0,29,29,0,642,622,20,18,18,0,1,99.98989389,NoArch
f7d63386d97e4d3dcdc422e40e1f33beef8c6c3b,1,1,1,0,0,0,0,4,35,104,1,1,0,302,649,15,67,67,0,1393,1387,6,24,24,0,0,100,NoArch
52b13d0ba2fbd731d0e53ebc7da84b18aafad2a0,3,92,3,89,1,0,1,1,4,102,1,3,1.115694616,142,555,4,25,17,8,848,465,383,17,11,6,1,99.98484236,NoArch
a0a1e643e432d1670816fb9c323fef9e6d3597a6,2,50,1,49,1,0,1,1,46,53,1,2,0.238684511,677,556,5,114,112,2,2630,2394,236,82,80,2,1,99.98989695,NoArch
b026971933beda6df7fe09b0361674536404b0a2,8,165,22,143,3,0,3,1,9,25,2,3,2.3197565,350,557,6,59,45,14,2072,1645,427,32,19,13,1,99.94951025,NoArch
600c7c2c7cab572779183bdd4e7e6cbb6940e5b7,3,24,0,24,0,0,0,8,59,520,1,2,0.888686553,1709,558,7,96,94,2,10530,10342,188,67,66,1,1,100,NoArch
ec30bf0c955253bcfa0789769781fc402d674530,1,1,1,0,0,0,0,9,95,20,1,1,0,965,559,7,190,190,0,5105,5103,2,79,79,0,1,100,NoArch
e511e76d4fef5e91fc73f8063bff04844ad4be19,1,29,0,29,0,0,0,6,27,198,1,1,0,639,560,8,45,43,2,4261,4100,161,22,21,1,1,100,NoArch
53ea4caa200a5920974f5be9df4b454d4c82954e,3,3,3,0,0,0,0,6,104,499,1,2,1.584962501,2267,561,9,445,445,0,12250,12250,0,164,164,0,1,100,NoArch
9c78797f5de12b4d81e7c75e3e505eadc047d6c3,4,97,30,67,0,0,0,4,120,1129,1,2,1.584785339,2938,562,10,382,372,10,11371,11072,299,196,192,4,1,100,NoArch
4e33fb114bba828af335be3bcf849116dd8587f2,1,8,0,8,0,0,0,8,121,0,1,1,0,2381,563,11,305,304,1,8456,8412,44,173,173,0,1,100,NoArch
aad7e7394ad18bdb55feb352b748953dcce2d1a5,15,211,22,189,1,0,1,1,204,469,1,8,2.236575506,5740,650,11,793,772,21,27254,26218,1036,319,308,11,1,99.97476786,NoArch
27484b932435c375e3d9bf27aee6d7bf26ae8f67,3,163,7,156,1,0,1,1,3,19,1,2,0.749319851,151,564,12,33,19,14,1286,533,753,17,9,8,1,99.96972602,NoArch
610c5bf4d8936ce655690c5aea98026c57eed0c6,1,1,1,0,0,0,0,5,15,566,1,1,0,595,651,11,168,168,0,3312,3312,0,58,58,0,1,100,NoArch
cb9f176752c48db2ce32014fc71f2cfcfc729666,1,4,1,3,0,0,0,10,205,11,1,1,0,2060,565,12,349,348,1,10506,10484,22,97,97,0,1,100,NoArch
ed6a4c706760992d361c58ad4215e1f82266a06f,1,3,1,2,0,0,0,3,9,3794,1,1,0,95,652,9,17,16,1,338,330,8,11,11,0,1,100,NoArch
62609f099a3df38aa499bc78598e03a95d3df8bd,1,4,3,1,0,0,0,4,68,56,1,1,0,2364,653,10,376,376,0,13717,13705,12,160,160,0,1,100,NoArch
029c1e3e28687ae89023695dee02b60502d2c2df,1,1,1,0,0,0,0,3,14,56,1,1,0,751,654,11,118,118,0,3982,3981,1,55,55,0,1,100,NoArch
62c6c8f8d8d0048afc02fd0440e3354e09de75a2,1,44,31,13,0,0,0,4,69,0,1,1,0,2365,655,12,379,376,3,13778,13717,61,160,160,0,1,100,NoArch
aadd682d09535ff04b4939b21643efe0dfa499ca,1,1,1,0,0,0,0,4,70,0,1,1,0,2378,656,13,379,379,0,13774,13778,4,160,160,0,1,100,NoArch
acc3d4f7cbb84ed6afae769e79bd00d22c10db04,5,84,33,51,0,0,0,1,71,186,1,3,1.694082947,4350,657,10,677,673,4,25082,24704,378,300,298,2,1,98.28455629,NoArch
88fc7fec5091ae36d5ceb05203577dd3875dee14,4,474,51,423,0,0,0,8,29,209,2,2,0.559141493,745,0,0,103,85,18,6153,3760,2393,31,17,14,1,100,NoArch
31c01f8916d067ef2a6f271f8a469d95006e0b5b,2,184,9,175,1,0,1,6,31,115,2,2,0.583967358,749,658,9,149,137,12,4078,3170,908,38,32,6,0,99.99115827,NoArch
29c0dff26a0c32961387c3570d63e77480487a60,1,1,1,0,0,0,0,6,24,53,1,1,0,534,659,9,78,78,0,3203,3197,6,49,49,0,0,100,NoArch
aae3ea27f714f90658fcfabc8856d3a08e7a2da8,2,3,2,1,0,0,0,1,32,221,1,2,0.970950594,915,660,10,151,150,1,3923,3907,16,37,37,0,2,100,NoArch
1a177f374a0a6ab5b1d6e1bc6d2c33b33ad5ce70,1,173,0,173,1,0,1,1,1,0,1,1,0,0,566,9,6,0,6,848,0,848,6,0,6,0,99.7784179,NoArch
37bbad0679bcba5bfc88fca0296eee0148d2b094,1,17,2,15,0,0,0,6,16,873,1,1,0,338,567,3,69,66,3,1829,1745,84,26,25,1,1,100,NoArch
eae88fe309f3e253e347d933461db78bcf2e8650,2,326,1,325,1,0,1,1,12,159,1,2,0.132065356,199,661,10,61,32,29,3028,1035,1993,34,18,16,0,99.99111506,NoArch
ab412fa136cefeb48a050487e72fb5a601c45642,1,131,0,131,1,0,1,1,1,0,1,1,0,0,568,2,8,0,8,721,0,721,8,0,8,0,99.99111743,NoArch
1a409b097dc66baf09d7ece7eb50e3eefcc9d472,1,10,1,9,0,0,0,5,18,1322,1,1,0,230,569,3,35,33,2,1151,1120,31,18,16,2,1,100,NoArch
595e44c64ce3cc86a79076281365c7f70ee2b0db,3,152,8,144,1,0,1,1,5,662,1,3,0.564438994,883,26,0,148,139,9,6181,5475,706,63,59,4,1,99.99111979,NoArch
3d82d748622bb88a9024a444e54432a8c12cc7e6,2,179,59,120,1,0,1,1,6,0,1,2,0.9995415,660,27,1,122,117,5,4632,4081,551,52,48,4,1,99.99112137,NoArch
27d0ff4011482a7a5eeda14a1c16647e72ac4671,12,211,94,117,0,0,0,1,105,1062,1,7,2.694399932,5387,662,5,841,827,14,27560,26850,710,359,352,7,1,98.38625961,NoArch
55ae21c3811bdeb5bd53c51af75ff8226d63a886,1,1,1,0,0,0,0,1,3,38,1,1,0,147,663,6,13,13,0,843,841,2,8,8,0,0,100,NoArch
7f002de9642dd75aa5d3663747286b0adb660132,1,1,2,1,0,0,0,2,4,167,1,1,0,120,664,7,9,9,0,570,575,5,7,7,0,0,100,NoArch
a204c793b22f273529b7ec429c08f7f7b966ca5a,1,6,0,6,0,0,0,1,2,83,1,1,0,197,665,8,24,23,1,1141,1117,24,13,13,0,0,100,NoArch
8bf987b134bd827b93ed8157b323bc3bd2d8a82e,554,2296,2291,5,0,0,0,3,206,1366,16,144,8.062796672,142410,570,4,17901,17901,0,700361,704528,4167,8464,8464,0,1,100,NoArch
47b56311a46e9b53b0a2267926279aa9fb9971a0,0,0,0,0,0,0,0,0,0,0,0,0,0,0,571,5,0,0,0,0,0,0,0,0,0,1,100,NoArch
a806882adbf865012c615b5ded10f76820024a27,0,0,0,0,0,0,0,0,0,0,0,0,0,0,572,6,0,0,0,0,0,0,0,0,0,1,100,NoArch
784ead59c735d861b139a484ed7f84a883e8ae5f,1,827,0,827,1,0,1,1,1,0,1,1,0,0,666,8,115,0,115,4016,0,4016,47,0,47,0,99.98992951,NoArch
237f83578fd761c8aea8bb5a65ce69a5e0e35f30,1,6,0,6,0,0,0,2,4,2,1,1,0,203,667,9,25,24,1,1157,1133,24,13,13,0,0,100,NoArch
971f61f0d369114b73312afd9f2843e3e5f19159,1,1,0,1,0,0,0,2,4,167,1,1,0,310,668,10,41,41,0,1549,1538,11,19,19,0,0,100,NoArch
8fdf3457e315b12cf99b6449305e18afe7df8628,2,4,2,2,0,0,0,2,16,1715,2,2,0.918295834,444,669,11,72,71,1,1490,1480,10,33,33,0,0,100,NoArch
cfdd68c79983eff4ed2b1a8850bb536cf08cefc9,1,509,0,509,1,0,1,1,1,0,1,1,0,0,670,12,48,0,48,1618,0,1618,19,0,19,1,99.98993153,NoArch
bf4dd7330dbcc9a32c407d665fe3b9e2b049c26e,2,43,1,42,0,0,0,4,107,2,1,2,0.574635698,1577,671,13,262,257,5,8714,8508,206,103,102,1,1,100,NoArch
9edeb21bec968dcda639222c45a7c1ae72e54d6b,3,100,1,99,1,0,1,1,30,93,1,3,0.995798131,1188,672,12,113,106,7,8466,7879,587,65,62,3,1,99.97986814,NoArch
a1d324518287bd1de6094f4c0ff99d9536b8f315,1,1,1,0,0,0,0,4,16,0,1,1,0,519,673,13,61,61,0,3611,3611,0,40,40,0,1,100,NoArch
6b643dc2c3d932ddd7f5d90e0ce522201ae57b8e,2,18,9,9,0,0,0,2,73,10,1,2,0.918295834,2523,674,14,390,389,1,14542,14473,69,165,165,0,1,100,NoArch
65f24283426401e6988cd898973cf1b640fb8168,1,24,20,4,0,0,0,5,28,962,1,1,0,339,1181,0,70,69,1,2019,2005,14,17,17,0,1,100,NoArch
8280417876a8093c7127dc6ea6b7b00f74c34ec7,2,123,2,121,1,0,1,1,8,8,1,2,0.529360865,664,28,2,125,117,8,4730,4079,651,52,48,4,1,99.97484277,NoArch
0bbc0acb840941f81822900609eaae9da28f3cc2,718,719,719,0,0,0,0,1,99,1941,13,84,9.487066319,79761,1182,1,6801,6801,0,307010,307010,0,4310,4310,0,0,100,NoArch
b0c2a40fb979829ceca2ca51858ca67269bd5992,1109,1109,1110,1,0,0,0,1,207,1988,13,122,10.11434199,170356,1183,2,19193,19193,0,684129,684129,0,10994,10994,0,0,100,NoArch
6f68a94319e2882070dc99ba73535e3358551c77,5,192,21,171,1,0,1,4,197,168,2,4,1.734857398,2683,675,14,487,465,22,12566,11682,884,239,227,12,2,99.94969566,NoArch
e8d9b709e02827ac0471953f4407b27e7118ffa4,1,18,19,1,0,0,0,3,8,18,1,1,0,178,676,15,15,16,1,1048,1033,15,10,11,1,0,100,NoArch
e0c678e9a015e811283a9cafe875f0e928ea179e,2,86,2,84,0,0,0,3,4,990,1,2,0.266764988,411,29,3,65,62,3,3269,2609,660,29,26,3,1,100,NoArch
14722f8627134b7ae804e84bebf5697ea5a3df39,2,27,1,26,0,0,0,8,61,51,1,2,0.811278124,1587,30,4,95,94,1,10224,10057,167,66,65,1,1,100,NoArch
a6c51a45322dd59973cc7743aed7790258aac209,4,151,28,123,1,0,1,1,74,7,1,2,1.525117251,4118,677,16,632,622,10,22948,22369,579,318,313,5,1,96.28458936,Arch
6d444d5132dd21d80185786e1b2219a0d39622cf,2,4,2,2,0,0,0,4,18,19,1,1,1,1068,678,17,70,70,0,5841,5819,22,31,31,0,0,100,NoArch
c1f4dc94bbec4674fc9327e7452fc479ee02a615,1,3,3,0,0,0,0,3,4,4,1,1,0,77,1184,3,5,5,0,466,457,9,5,5,0,1,100,NoArch
8649f65c54ae4028e19e37b4166adbd691980d3b,1,1,0,1,0,0,0,4,12,1,1,1,0,179,679,18,12,12,0,932,923,9,8,8,0,0,100,NoArch
c6ede162c352fd4d980174f9c158c672e8e01d08,4,156,34,122,1,0,1,1,32,17,2,2,1.871406174,1062,1,0,105,99,6,6176,5583,593,32,28,4,1,99.97529034,NoArch
cb967831d62231694a003cf5d9468da2e890d36d,12,356,107,249,0,0,0,2,138,18,1,4,2.136313772,4745,680,18,869,825,44,23049,21930,1119,408,382,26,1,99.99382335,NoArch
3419bb7ca50709386cc7c8badf25624ea58e4142,1,1,0,1,0,0,0,2,3,332,1,1,0,94,681,19,7,7,0,444,437,7,7,7,0,0,100,NoArch
0298440d4f82ba9a2eb25a67c3e56bd6db858a5d,1,1,1,0,0,0,0,2,4,1,1,1,0,435,682,20,39,39,0,2471,2475,4,19,19,0,0,100,NoArch
d884ba29649726df56ccf62dc04bfc916c8e7ce0,1,116,0,116,1,0,1,1,1,0,1,1,0,0,573,3,1,0,1,635,0,635,1,0,1,0,99.98764822,NoArch
0c98cb0818c1bf5fbd97c7517bf33f497ddc8160,0,0,0,0,0,0,0,0,0,0,0,0,0,0,574,4,0,0,0,0,0,0,0,0,0,0,100,NoArch
6595dc4a62d53744a4ba3fa5ff3841280ecbd1ab,3,139,8,131,1,0,1,1,44,22,1,2,0.55558131,515,31,3,92,85,7,2411,1985,426,48,45,3,1,94.94328277,Arch
d245457ccdcebb57b14c5f10f963ef9b68d3f104,1,6,2,4,0,0,0,4,6,42,1,1,0,235,32,4,39,39,0,1259,1247,12,15,15,0,1,100,NoArch
a5fc6dd999352fed6c5df025ee790a19692e1ce8,2,166,17,149,1,0,1,1,44,12,1,2,0.736967251,755,33,5,137,128,9,3013,2392,621,105,100,5,1,99.67788941,NoArch
3e895c6e9549b48856598a8ea949e1e2d904732c,1,4,4,0,0,0,0,7,8,24,1,1,0,212,34,6,30,30,0,899,885,14,17,17,0,1,100,NoArch
576230be652b2e25073e897b332579459b2944d1,4,52,0,52,0,0,0,3,7,1948,1,2,1.935782071,665,35,7,117,107,10,3297,3047,250,62,56,6,1,100,NoArch
2d121f4092a3891c4162f95c46a57d9e56c52134,4,165,52,113,0,0,0,2,109,32,1,3,1.284450798,5647,683,11,816,811,5,31077,30337,740,305,304,1,1,100,NoArch
7739a3cc4a4764046643f4dbdb5f823bf26b4a81,1,4,1,3,0,0,0,6,109,27,1,1,0,1441,684,12,251,250,1,7824,7801,23,95,95,0,0,100,NoArch
57f5e7efa552789c673b61007f1359166cf0c632,2,395,0,395,1,0,1,1,5,855,1,2,0.990617497,81,685,13,47,4,43,1973,232,1741,28,2,26,1,99.61372064,NoArch
56f8e368d5c3002695d896b9556fbfd9b2744749,2,201,9,192,1,0,1,1,21,14,1,2,0.438057285,171,36,8,45,29,16,1699,753,946,21,11,10,1,92.89389515,Arch
72a0fd1a439d36bd242c4d34b35e8bd48e9234e7,1,9,6,3,0,0,0,6,35,31,1,1,0,162,37,9,18,17,1,837,814,23,8,8,0,1,100,NoArch
9308db8b75a747646f02f0ff8dad0ea65d16aabe,2,82,78,4,0,0,0,3,6,35,1,1,0.543564443,643,38,10,21,21,0,3565,3524,41,18,18,0,0,100,NoArch
99653c6c8c0d422eac64b538b24ae13be3227be5,2,51,0,51,0,0,0,6,208,36,1,2,0.918295834,2797,575,2,403,400,3,15565,15234,331,122,121,1,1,100,NoArch
5ad72d650cce2d09881f4b7f0cf1eebdb79c4a7a,1,54,0,54,1,0,1,1,1,0,1,1,0,0,576,3,2,0,2,248,0,248,2,0,2,1,99.97481426,NoArch
f38908eb52380688aff3c73406d9ac1b32ce28bb,4,208,11,197,1,0,1,2,198,32,1,4,1.664015856,3240,686,11,583,565,18,16197,15133,1064,310,298,12,1,92.89040239,Arch
1d885d393e2d84eda12f85833b7a89bf0b187203,1,1,1,0,0,0,0,1,2,2,1,1,0,54,577,4,2,2,0,248,248,0,2,2,0,1,100,NoArch
645037e539b6376cb2ca78d23d8c5ba721b3d8ad,4,13,7,6,0,0,0,4,21,1953,1,3,1.336160254,868,578,5,114,113,1,4688,4654,34,69,68,1,0,100,NoArch
462efdb9deaa60e7945a180652a5e0f596d3fdd4,1,20,19,1,0,0,0,10,209,3,1,1,0,2080,687,12,353,351,2,10598,10586,12,98,97,1,1,100,NoArch
d8fd5330a4fb4b7d5054bab8ba11686de647a7a3,1,11,0,11,0,0,0,4,21,39,1,1,0,164,688,13,33,29,4,564,502,62,29,27,2,1,100,NoArch
6ebedcc1edf91e988c931fb8695df88526222311,1,2,0,2,0,0,0,2,4,57,1,1,0,320,689,14,23,23,0,1869,1855,14,3,3,0,0,100,NoArch
330c9a896d175ccb2bb41f2a9ce569851026ac9c,4,18,8,10,0,0,0,1,13,186,1,3,1.709778149,383,579,6,26,24,2,1896,1845,51,17,16,1,1,100,NoArch
93e2bd355b6320b1a105620617d1e4260721d3ca,7,66,21,45,0,0,0,3,68,36,1,4,1.855131139,1158,690,13,181,172,9,5077,4836,241,78,74,4,1,94.3097272,Arch
b98047ed8c7802d24b98af5f28e9f00f7d126371,1,6,1,5,0,0,0,2,5,60,1,1,0,83,691,14,4,4,0,447,405,42,3,3,0,0,99.97521225,NoArch
d17ecebec435b15e8457e2646875c96027c999c6,12,59,11,48,0,0,0,1,98,35,1,5,3.238932065,2784,580,7,440,425,15,14297,13877,420,217,212,5,1,99.96281376,NoArch
2f47288da270b2db68915ec8caac632236bc6802,1,11,9,2,0,0,0,1,3,473,1,1,0,158,581,8,24,24,0,963,957,6,9,9,0,1,100,NoArch
1b45e3be04db0f382470d435bbd3cce589ae39a3,6,40,49,9,0,0,0,6,210,96,1,5,1.606293337,3676,692,12,537,541,4,19354,19354,0,199,201,2,1,99.98140457,NoArch
78f85ed277d639bbe48eab9e7ed8a22fb09e84c6,2,6,2,4,0,0,0,7,110,42,1,2,0.811278124,2086,693,13,342,341,1,11951,11926,25,120,120,0,0,100,NoArch
69f56058f258b1036972dfdf51bfa5c48d0d826e,4,202,19,183,1,0,1,3,111,28,2,3,1.419955572,1672,694,14,299,275,24,9979,8924,1055,120,108,12,1,99.93182945,NoArch
f29c8011d0acae4aa7f7cc7a796dd906bd38d059,2,138,75,63,0,0,0,5,15,48,1,2,0.401517143,572,39,8,41,35,6,3036,2695,341,31,28,3,1,100,NoArch
34242e246e750bf27309c1fb2701a2553625ca0e,1,95,0,95,1,0,1,1,1,0,1,1,0,0,40,9,7,0,7,365,0,365,7,0,7,1,99.91946974,NoArch
d75bb6d6d8164e95c4b5d51aa9a7e66a31c854cc,1,37,29,8,0,0,0,5,17,434,1,1,0,744,41,10,89,87,2,2304,2261,43,40,39,1,1,100,NoArch
815b789eebfcaf14667a0f93c0c6af2a8cba565c,0,0,0,0,0,0,0,0,0,0,0,0,0,0,42,11,0,0,0,0,0,0,0,0,0,1,100,NoArch
008b3e551c1d8763cbfaa5e18cf7cb6dc1932366,3,243,1,242,2,0,2,1,23,67,1,3,1.060340507,461,582,9,141,114,27,4040,2718,1322,82,58,24,1,95.41234595,Arch
1c1aa173111c47ceeef1c87bbcc8b790ce7399f2,3,82,9,73,0,0,0,2,76,37,1,2,0.792378069,4037,695,15,530,526,4,22551,22017,534,261,259,2,1,99.91301827,NoArch
74a45502e217c8ef45d7ff23eeb7ba5538a73c4a,1,49,23,26,0,0,0,3,5,56,1,1,0,250,43,12,19,18,1,1777,1569,208,14,13,1,1,100,NoArch
5b5d494e6556839c43859afc2d47c3b7d55ecd41,3,125,14,111,1,0,1,1,8,38,1,2,1.084215502,773,44,13,93,84,9,2364,1830,534,82,76,6,1,99.89842805,NoArch
373417c0df0a2d96b204226eb971360ac39ad558,1,2,2,0,0,0,0,3,4,161,1,1,0,166,583,10,21,21,0,912,912,0,10,10,0,0,100,NoArch
8fba621a0808b26a62bed58809365db47e685dce,4,42,1,41,0,0,0,4,20,56,1,1,1.74292412,1491,696,16,279,270,9,5424,5276,148,151,145,6,1,100,NoArch
6c09e846b18c5b9b7da3780199f98d2c1f7ae8c8,2,9,5,4,0,0,0,3,100,30,1,2,0.863120569,1310,584,11,258,257,1,6389,6375,14,85,84,1,1,100,NoArch
da66c468477da6475841975c35b7a85fa39f22f0,1,103,0,103,1,0,1,1,1,0,1,1,0,0,12,0,5,0,5,310,0,310,5,0,5,1,99.99031758,NoArch
fe0a764836aec112de82075eca4cf94c733f4a0f,1,1,1,0,0,0,0,2,3,80,1,1,0,156,697,14,10,10,0,790,788,2,4,4,0,0,100,NoArch
8700ab7cdebb96d7afba702b26551c23a0faba72,1,0,1,1,0,0,0,6,112,14,1,1,0,1450,585,12,252,252,0,7867,7876,9,95,95,0,1,100,NoArch
4f9784dafc56c4b59fa7899b4bcddc2d1fabddf2,2,27,1,26,0,0,0,4,18,62,1,2,0.749595257,509,45,14,87,85,2,3218,2944,274,37,36,1,1,100,NoArch
f93d05acefc81fc9aa6d90914eb737783520c68a,2,5,0,5,0,0,0,6,113,31,1,1,0.721928095,1574,698,15,270,269,1,8410,8370,40,108,108,0,1,100,NoArch
b6672d12b28b2875ea25dbc79579e89d5f975698,1,8,0,8,0,0,0,2,5,26,1,1,0,322,699,16,23,23,0,1906,1869,37,3,3,0,0,100,NoArch
358ace29f5ac536a5c2b7b3d7ba2a3d954a191cf,1,5,0,5,0,0,0,2,5,83,1,1,0,295,586,11,39,39,0,1452,1413,39,21,21,0,0,100,NoArch
bc715ea63d9dff4495e118f89cc821893501b7a4,0,0,0,0,0,0,0,0,0,0,0,0,0,0,587,12,0,0,0,0,0,0,0,0,0,0,100,NoArch
3df3302c65b16090464588bbccd14a11b46a1ba9,3,26,4,22,0,0,0,4,30,63,1,3,1.255536725,834,700,17,149,146,3,4933,4790,143,73,72,1,1,100,NoArch
286c9d0020e468e5f14c632d8da4f15bb617162a,1,6,6,0,0,0,0,11,199,29,1,1,0,2396,701,17,441,441,0,10511,10511,0,220,220,0,1,100,NoArch
55b9954873ba789444f6025615cf4ce51a1b8109,1,6,0,6,0,0,0,6,52,21,1,1,0,375,702,16,65,63,2,1769,1727,42,23,23,0,0,100,NoArch
f0429be6ee603f3b94d37c53005f40853d3f24b0,8,65,20,45,0,0,0,4,200,56,1,4,2.614410349,6258,588,11,1105,1104,1,30409,30143,266,465,465,0,1,100,NoArch
3d61acf2b202656fc13f93b31cc28f80b30f6cd7,3,344,117,227,0,0,0,2,6,65,1,2,1.18547446,744,46,7,102,88,14,6215,4874,1341,46,41,5,2,100,NoArch
2900806b9ed527db1ae269b5767e0e3267953420,1,1,1,0,0,0,0,1,2,23,1,1,0,122,589,12,16,15,1,675,671,4,12,12,0,1,100,NoArch
4ed495630619ec9b71261a6b054735a91cb7325f,0,0,0,0,0,0,0,0,0,0,0,0,0,0,47,8,0,0,0,0,0,0,0,0,0,0,100,NoArch
2a558c80a6462e14c4f37b37ad45bf4a44f84a10,5,220,23,197,3,0,3,1,101,7,1,3,1.663523289,1822,590,11,327,322,5,11518,10518,1000,100,90,10,1,99.87432328,NoArch
986ed145a791052a7190f069563095a0110c8742,10,206,34,172,0,0,0,4,101,60,1,9,1.768988623,2642,703,11,435,424,11,14589,13539,1050,166,159,7,1,99.99517328,NoArch
2b456ddbd06d78ffc7a7c3a4f3e669cbf24f95a4,4,10,1,9,0,0,0,1,211,63,1,4,1.980825936,3884,591,10,658,658,0,20591,20508,83,208,208,0,1,100,NoArch
cc810aa4da7b63d6d5b28c9456d1506453f2f8b8,1,28,0,28,1,0,1,1,1,0,1,1,0,0,592,11,4,0,4,102,0,102,2,0,2,1,99.97104387,NoArch
0de4f88aa7d5b1268460b5912783dbdf04c584ba,1,2,1,1,0,0,0,10,212,3,1,1,0,2086,593,11,354,353,1,10687,10673,14,98,98,0,1,100,NoArch
3973d8ff225d1d50ab73c5786b707120d2ea9e06,1,1,1,0,0,0,0,8,102,17,1,1,0,1275,704,8,237,237,0,7506,7506,0,61,61,0,0,100,NoArch
400990f98a4a5621b1979719b0f6e42ec4d72d5e,2,45,1,44,1,0,1,1,13,523,1,2,0.558629373,196,705,9,40,38,2,931,748,183,33,32,1,1,99.9807015,NoArch
e44ccf7f08936b9cc4ddb1d5c0b874e0e1158e85,1,2,3,1,0,0,0,5,19,13,1,1,0,122,706,10,13,13,0,612,619,7,4,4,0,1,100,NoArch
8fd00fac5866997b52eb1a520e1d2bc697dfacb4,2,132,125,7,0,0,0,5,14,378,1,1,0.702853173,446,48,3,86,83,3,2303,2250,53,64,62,2,1,100,NoArch
8314d8651f71d8cbe1be17ecbdaa8c3aa7a00a43,1,19,18,1,0,0,0,2,2,1630,1,1,0,245,49,4,27,27,0,1094,1056,38,13,13,0,0,100,NoArch
d618ab37b0f445429f864424ffd243b11690e7cb,3,100,89,11,0,0,0,5,18,33,1,2,0.787562616,856,707,11,179,176,3,4933,4881,52,89,88,1,1,100,NoArch
27c1719757ef0eaf57d6bc883e93deb331aa3bff,21,179,57,122,1,0,1,1,213,74,1,9,3.586893609,9185,708,12,1635,1626,9,45749,45116,633,737,731,6,1,99.97105923,NoArch
8ba02a395f2337bd31a0b54d96d73dbb4e94acf1,1,2,2,0,0,0,0,4,5,97,1,1,0,77,594,10,5,5,0,466,466,0,5,5,0,1,100,NoArch
e10f75c33d57041083c95d08dd16635eeafe4ba9,122,969,46,923,110,0,110,1,140,25,1,9,2.657881189,6979,709,12,1786,1103,683,76355,33303,43052,1032,466,566,1,88.89081656,Arch
32d24fbbdd064b3097c3c1fc7ebff7903356dd26,1,1,1,0,0,0,0,9,100,1,1,1,0,967,710,13,191,191,0,5122,5122,0,79,79,0,1,100,NoArch
536755170c598f9bbc7057e71df39b2d110e064d,0,0,0,0,0,0,0,0,0,0,0,0,0,0,595,10,0,0,0,0,0,0,0,0,0,1,100,NoArch
a065bb1fb3d6d6a5cbbce15cc0cb4788506fc618,0,0,0,0,0,0,0,0,0,0,0,0,0,0,596,11,0,0,0,0,0,0,0,0,0,1,100,NoArch
41424a41b9f3597e012e4ee2fe97f3755d8960b0,0,0,0,0,0,0,0,0,0,0,0,0,0,0,597,12,0,0,0,0,0,0,0,0,0,0,100,NoArch
cad663a1e9c9a29f0b73487f3fda9b77cfb61e00,1,5,4,1,0,0,0,3,3,120,1,1,0,93,50,5,4,4,0,427,416,11,2,2,0,0,100,NoArch
2305b7e7af8b37025719b309474ada0326945771,0,0,0,0,0,0,0,0,0,0,0,0,0,0,598,13,0,0,0,0,0,0,0,0,0,1,100,NoArch
8d65328f0f8a916e0702c550ff351df968eb681f,0,0,0,0,0,0,0,0,0,0,0,0,0,0,599,14,0,0,0,0,0,0,0,0,0,1,100,NoArch
68bcac109a2caf4855656ac0c94924d5c44f704a,5,5,5,0,0,0,0,3,72,167,2,5,2.321928095,2244,600,14,380,380,0,11270,11205,65,179,179,0,1,100,NoArch
88c10842dff97f7a8e599cae09a993ea91a4a34b,9,229,12,217,2,0,2,1,55,77,1,4,2.992857857,2802,711,13,380,354,26,16529,15317,1212,199,185,14,1,96.98104555,Arch
6f5b224ef49bfe754018a915bc1c7aace9e5b5d7,1,1,1,0,0,0,0,2,6,39,1,1,0,330,712,14,23,23,0,1906,1906,0,3,3,0,0,100,NoArch
3da9f1c6ea0836b5fed53b00f3cb3a40fad47e14,4,10,10,0,0,0,0,5,214,11,1,3,1.921928095,6213,601,15,1096,1096,0,30774,30774,0,424,424,0,1,100,NoArch
eee1db625aaa21d38e4ee36ac89dccdadd46cde2,1,1,1,0,0,0,0,5,32,3,1,1,0,683,713,14,140,140,0,4014,4014,0,67,67,0,1,100,NoArch
4552896e9161e71d1b7d19ce5054960de129a9fe,0,0,0,0,0,0,0,0,0,0,0,0,0,0,602,16,0,0,0,0,0,0,0,0,0,1,100,NoArch
c42d8de03489baa6d6d5a3c6af42324bf4e0f37b,3,11,10,1,0,0,0,5,202,35,1,3,0.892942742,4288,714,15,753,753,0,19941,19927,14,369,369,0,1,95.39017776,Arch
0bb98ba03825e7736b0f333a61b280424d204d6c,0,0,0,0,0,0,0,0,0,0,0,0,0,0,603,17,0,0,0,0,0,0,0,0,0,1,100,NoArch
5cf486c97571e2426234f153ae220809a5e1da4e,1,5,3,2,0,0,0,2,5,3963,1,1,0,95,51,5,3,3,0,453,435,18,1,1,0,0,100,NoArch
883eed0e385e9695a3746f1dede0a15c9fc24427,4,180,156,24,0,0,0,3,19,118,1,1,1.725308671,1649,52,6,113,111,2,9254,9025,229,54,52,2,0,100,NoArch
4298a41af826537880fa3c46824945baa5c09c8c,1,1,1,0,0,0,0,3,17,125,1,1,0,426,715,15,25,25,0,2562,2556,6,11,11,0,0,100,NoArch
f23303ae66b302b26c63970455c71223a5a23eee,1,6,0,6,0,0,0,1,3,1496,1,1,0,74,716,15,6,5,1,330,308,22,5,4,1,0,100,NoArch
228abac0c13dd454072b4a74f65cc017e7c4d72c,1,7,8,1,0,0,0,3,6,47,1,1,0,166,717,16,21,21,0,930,912,18,10,10,0,0,100,NoArch
d68ef66f7bc7facf0424a29efc85bf2ce3d768dd,0,0,0,0,0,0,0,0,0,0,0,0,0,0,604,16,0,0,0,0,0,0,0,0,0,1,100,NoArch
2f414913e169a5ccb1626f160cb0b2096650172e,0,0,0,0,0,0,0,0,0,0,0,0,0,0,605,17,0,0,0,0,0,0,0,0,0,1,100,NoArch
751ba900aec76163339c42bef5a5ed664a4cddf5,2,155,4,151,1,0,1,1,17,61,1,2,0.408354012,252,53,7,47,32,15,1431,735,696,21,13,8,1,99.9227311,NoArch
08bd791c5dce3711e36b3485d507578d2acc3a45,1,5,3,2,0,0,0,2,2,198,1,1,0,69,54,8,3,3,0,321,309,12,3,3,0,0,100,NoArch
d4d3915d9161e483aff6b59b6a1d0d93617b02a6,1,18,11,7,0,0,0,5,49,10,1,1,0,530,718,15,91,89,2,3667,3621,46,34,33,1,0,100,NoArch
8e3e5839e9c70243eb5cad0edfa709733e770ae2,0,0,0,0,0,0,0,0,0,0,0,0,0,0,606,18,0,0,0,0,0,0,0,0,0,0,100,NoArch
bbd4b33646909a2036a2a95a0b3004526161fb3b,1,1,1,0,0,0,0,2,3,222,1,1,0,102,55,9,5,5,0,461,459,2,4,4,0,0,100,NoArch
53f789b475b67e09d8843bca7a3dc2c54b471381,1,2,2,0,0,0,0,4,6,114,1,1,0,323,56,10,21,21,0,515,515,0,16,16,0,1,100,NoArch
41506505f4b348b7e5b720150f476448914b434e,7,313,16,297,1,0,1,1,203,640,1,5,1.902509362,3764,719,16,698,657,41,17464,16111,1353,349,331,18,1,99.98595506,NoArch
5b11c0e476771ae94fe073bc3d6cf09912ba058d,1,1,1,0,0,0,0,6,16,119,1,1,0,316,720,17,40,40,0,1384,1380,4,13,13,0,1,100,NoArch
d3676e4bc85a2226df48fbcfb27fc6b3f02b44f1,1,52,32,20,0,0,0,4,11,119,1,1,0,187,607,19,32,23,9,1119,1025,94,7,6,1,1,100,NoArch
8443bd188a4d45779b6b9385611203e5a8e7dfc5,3,8,3,5,0,0,0,5,37,86,1,2,1.494918848,947,721,18,129,129,0,3756,3739,17,58,58,0,1,100,NoArch
625f5e38a550915f6374b26ff2c28998ef53ac8d,1,3,2,1,0,0,0,4,47,20,1,1,0,523,608,20,97,97,0,2564,2552,12,35,35,0,0,100,NoArch
69ac6cc55e8d8e60b5b8e898fbc5106561a2c3fd,1,16,0,16,0,0,0,2,2,33,1,1,0,28,722,19,4,4,0,102,102,0,2,2,0,0,100,NoArch
c94de4230a98c261a8d1afcae16fc86e90aa057b,0,0,0,0,0,0,0,0,0,0,0,0,0,0,723,20,0,0,0,0,0,0,0,0,0,0,100,NoArch
59536b0e97a0576211e0692d8797adb32b2b04b8,0,0,0,0,0,0,0,0,0,0,0,0,0,0,724,21,0,0,0,0,0,0,0,0,0,0,100,NoArch
cd2c5dd3d040b039cc611773dcf0f063e01df68a,2873,399761,0,399761,2873,0,2873,1,1,0,1,235,10.85032037,0,725,22,42679,0,42679,1733430,0,1733430,24018,0,24018,0,58.63857884,Arch
063285ca8e142480b435c2c294f5163d1afddd5a,2873,0,399761,399761,0,2873,2873,1,2,0,1,235,10.85032037,399761,726,23,0,42679,42679,0,1733430,1733430,0,24018,24018,0,58.63857884,Arch
6da4ffe901648bb76aefd1559eabe4011fbc11ac,0,0,0,0,0,0,0,0,0,0,0,0,0,0,1191,6,0,0,0,0,0,0,0,0,0,0,100,NoArch
1d295c323f9030f6bd95482a57387abb9657a273,0,0,0,0,0,0,0,0,0,0,0,0,0,0,1192,7,0,0,0,0,0,0,0,0,0,0,100,NoArch
f33f32e892e8b40e0cd4888aadef9b3035265611,700,27417,6923,20494,317,5,322,1,224,164,14,109,7.807564383,104153,173,17,17297,13891,3406,680281,491772,188509,8909,6810,2099,1,84.89157712,Arch
8a3bdd9f717e1d8bf124d624b54dd50d214d86c1,4,36,12,24,0,0,0,6,22,438,1,1,1.845221125,679,174,18,96,90,6,3402,3260,142,48,44,4,1,99.97030703,NoArch
4acd13243ad5a39068b9c82c05210b57f78de252,9,205,126,79,0,0,0,1,113,350,1,7,2.298015641,4971,837,13,837,823,14,26200,25615,585,294,287,7,1,100,NoArch
88f60580e3e3ae2a27b3f7639bfc6469f5bbe8b7,3,151,95,56,0,0,0,5,113,330,2,2,1.053647557,1800,175,16,292,286,6,8033,7774,259,88,86,2,1,100,NoArch
6579d9eadabed64988cc6dc2036a4ad18ac374b1,2,429,6,423,1,0,1,1,10,309,1,2,0.269055303,130,176,17,61,16,45,2660,377,2283,26,12,14,1,99.98812352,NoArch
baac9e7e9a03f9142a788bf98b96012e54dfdf32,2,0,162,162,0,2,2,2,4,718,1,1,1,162,177,17,0,18,18,0,690,690,0,4,4,1,99.96436631,NoArch
9ff350033f72ebf0851a9b63b4a59e86d13bbb79,3,70,14,56,0,0,0,9,73,32,1,2,1.008760027,2865,178,16,270,267,3,18764,18376,388,111,109,2,1,100,NoArch
56272fab37d850994109cb46ecb740974cc92519,2,4,4,0,0,0,0,5,114,6,1,1,1,1738,179,17,283,283,0,7505,7513,8,81,81,0,1,100,NoArch
b7f280817d072be10c0314bff9f43d2d7b242564,1,1,1,0,0,0,0,10,115,0,1,1,0,1429,180,18,246,246,0,6427,6427,0,64,64,0,1,100,NoArch
75e6f1981d84f08d79846087a8196f7c8faecead,1,62,8,54,0,0,0,1,2,771,1,1,0,172,696,0,8,6,2,1201,848,353,8,6,2,0,100,NoArch
6c4bcb3197b6f836b25ec4c7568709c8070a0d65,2,4,2,2,0,0,0,5,116,2,1,1,1,1738,181,18,283,283,0,7523,7505,18,81,81,0,1,100,NoArch
970a97ac5fd2f489b0f6ba743612406d66f53f2a,1,23,22,1,0,0,0,3,5,138,1,1,0,157,182,19,10,10,0,874,863,11,6,6,0,0,100,NoArch
174c40579a9e2856d4e72907129c6cf4536b4618,6,69,146,77,0,0,0,2,214,123,1,3,2.099478801,4618,838,11,779,788,9,22549,22997,448,331,333,2,1,99.95842737,NoArch
6c82480a108a0776632d44b5fa9a1d2e1d8a8501,1,100,0,100,1,0,1,1,1,0,1,1,0,0,183,19,7,0,7,494,0,494,3,0,3,1,99.98812634,NoArch
f3e9ec0b81adfdbb5c44ef4d92b036ba5f60c6b5,4,23,34,11,0,0,0,2,9,718,1,1,1.33312222,869,184,20,30,30,0,4624,4688,64,25,25,0,0,99.98812775,NoArch
3c3b5bbd74d4ba29cb9ed614ec0bd022c85cc506,4,28,15,13,0,0,0,1,9,724,1,2,1.945925421,462,697,1,40,36,4,2185,2103,82,28,26,2,1,100,NoArch
5b11ea0e8f685725c28fc41a9af20b442a7d8ea8,1,320,0,320,1,0,1,1,1,0,1,1,0,0,185,20,15,0,15,2010,0,2010,10,0,10,0,99.98812915,NoArch
54ff0ce448cbc46c546fdd4bf9d20b8ee43cdf96,2,12,7,5,0,0,0,2,40,376,1,2,0.629249224,456,839,12,59,60,1,2470,2409,61,24,24,0,1,100,NoArch
1fd39c991ef5290c63f1155a28107974525732f8,1,30,44,14,0,0,0,3,7,954,1,1,0,157,186,20,9,9,0,823,848,25,8,8,0,0,100,NoArch
1250163f394bd54e54c2d7a5e6fde93b6250f532,1,3,1,2,0,0,0,2,3,18,1,1,0,385,840,12,68,67,1,1799,1785,14,26,26,0,1,100,NoArch
f4e0725420ec14bf667c0caff5b74f6c0a028cdb,1,3,0,3,0,0,0,7,106,19,1,1,0,1202,841,13,265,264,1,5663,5653,10,80,80,0,1,100,NoArch
87e64a306d18ab6a9a3fdbe04bf2b1b80e59ec98,0,0,0,0,0,0,0,0,0,0,0,0,0,0,187,21,0,0,0,0,0,0,0,0,0,1,100,NoArch
6d077dc7b445979e1b5d9e91cc9f898f0b07871f,3,268,2,266,1,0,1,1,115,246,1,2,0.429589287,1575,842,13,301,291,10,9117,8237,880,113,107,6,1,99.94065986,NoArch
4553ff18ef3f85d80c456b73cbe1701561ac677a,1,9,7,2,0,0,0,3,9,738,1,1,0,129,188,22,13,13,0,631,621,10,7,7,0,0,100,NoArch
fa4025086337dcfd24ebccdd67647e9801aeba13,4,146,49,97,1,0,1,6,69,362,2,4,1.679262215,1496,189,23,228,220,8,6413,6030,383,135,133,2,1,99.98813479,NoArch
8ce077800fdfa5aca341734cbc4ec69e5e645c61,4,153,15,138,0,0,0,1,225,94,1,2,0.484443934,3754,843,14,615,604,11,18458,17773,685,224,221,3,1,100,NoArch
4b202c1d7a1b10019c52bc61ac36df0b9a73abce,3,143,78,65,0,0,0,1,12,493,1,3,0.716568282,495,190,23,48,32,16,2917,2592,325,38,26,12,1,99.98220429,NoArch
85edfb34251ec3b00f29c0fb510bb857437bba67,3,32,3,29,0,0,0,1,91,68,1,2,1.004084087,3258,844,14,534,532,2,18911,18716,195,214,213,1,1,100,NoArch
5b796cd8d607c7dfa416dd358c5f0e5f8f22e7fc,3,48,6,42,0,0,0,3,116,80,1,2,1.251429428,1936,845,14,331,327,4,10407,10110,297,133,131,2,1,100,NoArch
c273cab44a17a69b584ce7231388cd4d930bee31,1,12,2,10,0,0,0,5,92,1,1,1,0,2681,191,20,448,447,1,15723,15669,54,166,166,0,1,100,NoArch
06611d9c1902ba01c5b32cd898d59317d38254f1,1,2,3,1,0,0,0,3,22,64,1,1,0,924,192,21,61,61,0,5141,5150,9,26,26,0,0,100,NoArch
e7784672ac222a4cf1e27d33c3420a9f62278710,9,224,232,8,0,0,0,2,23,679,1,3,1.908257481,1136,193,22,134,133,1,5058,5169,111,76,77,1,1,100,NoArch
534a44fbd6b703e31448f89c3feddf3a7f4e3a6f,1,1,1,0,0,0,0,5,93,8,1,1,0,2691,194,22,448,448,0,15723,15723,0,166,166,0,1,100,NoArch
0b1b6fa3ca1d4104fbf255a4bbb0894955c6185f,1,3,8,5,0,0,0,2,4,638,1,1,0,102,195,23,5,5,0,470,461,9,4,4,0,0,100,NoArch
f4df288872bc5e140301b7c764faa53037f73dff,1,2,1,1,0,0,0,6,23,33,1,1,0,264,196,24,40,40,0,1403,1384,19,18,18,0,1,100,NoArch
9ba8d2681f0c241a36163a3a14e6cc839e53aba2,3,469,0,469,3,0,3,1,1,0,1,2,1.120912564,0,846,10,29,0,29,2298,0,2298,13,0,13,1,99.90508394,NoArch
07eef8e293830baabb48ae8a7fd4b817e5b85326,0,0,0,0,0,0,0,0,0,0,0,0,0,0,847,10,0,0,0,0,0,0,0,0,0,1,100,NoArch
ef850895a262f341ca5881b1da63e50cf1a2064c,6,428,10,418,2,0,2,1,24,4,1,2,1.825911305,981,197,24,156,109,47,7274,5281,1993,84,59,25,1,98.17610756,NoArch
28e9cd7eee96ac7b66687cad47c6cb4c83bd4b10,1,28,22,6,0,0,0,8,69,222,1,1,0,698,198,25,105,103,2,2604,2574,30,55,55,0,1,100,NoArch
e6909d8970b58fc2d85a32002ef4a92340ce5376,2,215,1,214,1,0,1,1,4,10,1,2,0.075841506,387,199,26,86,68,18,2836,1799,1037,34,26,8,1,99.98971299,NoArch
6778a49eecb2efe2af4fb6bb2a0d7c82f9861248,4,262,9,253,1,0,1,1,126,160,1,4,0.433153102,3138,848,11,556,539,17,16565,15032,1533,203,193,10,1,99.98971617,NoArch
90af5c59e84994a7be8990fe1f8a8d24ded006b7,0,0,0,0,0,0,0,0,0,0,0,0,0,0,849,12,0,0,0,0,0,0,0,0,0,0,100,NoArch
cf33916c6e9ea519694cfa2878bf55d8f9e20b41,1,1,1,0,0,0,0,4,30,206,1,1,0,455,850,13,53,53,0,2554,2554,0,21,21,0,0,100,NoArch
0d01b16e25e6802ef0735cfe15a8e6e8e0ebd421,0,0,0,0,0,0,0,0,0,0,0,0,0,0,1186,0,0,0,0,0,0,0,0,0,0,1,100,NoArch
48bf68124613aca336ffca3575a59fbec2020ca9,0,0,0,0,0,0,0,0,0,0,0,0,0,0,200,25,0,0,0,0,0,0,0,0,0,1,100,NoArch
8340decaf3b648531b6f638600253ed03f5499ab,2,257,32,225,1,0,1,1,14,379,1,2,0.902566138,128,201,25,31,18,13,1475,364,1111,11,5,6,1,99.94345926,NoArch
9ee296722007049d18b56c77385a58cef72a5a98,2,2,1,1,0,0,0,1,118,42,1,2,0.918295834,1594,851,13,255,255,0,7519,7512,7,70,70,0,1,100,NoArch
f0ed5d0c72f21c25fb582adc75c637505ce14851,2,14,6,8,0,0,0,3,3,1319,1,2,0.468995594,130,202,23,5,5,0,710,655,55,4,4,0,0,100,NoArch
83fde0b2a030332e0c3ce9b5518e84aab0f41e72,2,114,8,106,1,0,1,1,128,36,1,2,0.715322053,2442,203,24,326,317,9,9127,8669,458,181,178,3,1,99.98972251,NoArch
15f641634b352c4292fbf7edd0055ed943f563e5,1,57,57,0,0,0,0,1,2,0,1,1,0,98,204,25,8,8,0,437,444,7,3,3,0,1,100,NoArch
0a66b793320bcf9082cd829e253707d31a879f3c,4,104,20,84,0,0,0,1,119,233,1,2,0.92298007,3800,205,24,497,486,11,14071,13539,532,189,188,1,1,100,NoArch
0b6bf7ec1ba9df68ae6492408d482c984849c31c,5,804,23,781,2,0,2,1,129,7,1,3,1.534038752,4947,206,23,764,707,57,22950,18815,4135,375,349,26,1,97.92956126,Arch
419fde44572294e11ec4d045bc9b54e5ccc880ed,2,121,12,109,1,0,1,1,9,2027,1,2,0.783346567,82,207,24,12,8,4,816,441,375,7,4,3,1,99.98827255,NoArch
4ab5e910cbcbe8e1232c7d275a70692926181662,1,12,3,9,0,0,0,1,2,2,1,1,0,351,208,25,34,34,0,1895,1836,59,14,14,0,0,100,NoArch
6ffbed9947badd291176c095c050894966e8298e,1,99,0,99,1,0,1,1,1,0,1,1,0,0,852,12,6,0,6,523,0,523,4,0,4,0,99.97655059,NoArch
70057cb9ce4924cb6d484833f5eb757cbec1ae8e,2,72,19,53,0,0,0,3,9,412,1,2,0.591672779,304,698,0,29,26,3,1662,1283,379,21,20,1,1,100,NoArch
aa8bc42fd4cde2756ff00bd5152089d7813deea7,1,0,4,4,0,0,0,3,7,0,1,1,0,208,699,1,13,13,0,1176,1212,36,7,7,0,1,100,NoArch
5cf33b52c158e5d9f1f7b9a07abacf99f98efee9,4,38,64,26,0,0,0,3,40,114,1,3,1.297434666,1136,853,12,206,206,0,5768,5874,106,73,74,1,1,99.99413834,NoArch
2711ad1f3f838e965b82d0b19b15b88ca858335a,2,9,5,4,0,0,0,7,127,10,1,1,0.591672779,1615,854,11,280,279,1,8479,8470,9,112,112,0,1,100,NoArch
0018f4a3ad22ce1f02e7c1925f4800f19ff3198e,4,123,12,111,0,0,0,4,128,170,1,2,1.36773624,2611,855,11,419,408,11,13501,12809,692,189,185,4,1,99.95309568,NoArch
e0b23f27e22a4cadcb17d5c1f2b697fc30bc2c74,2,12,8,4,0,0,0,3,14,36,1,2,0.992774454,220,700,2,28,28,0,859,819,40,20,20,0,1,100,NoArch
5b99f118a20cb9a876cee9f4dfc2e6275cc41771,1,70,0,70,0,0,0,9,74,62,1,1,0,1851,209,17,105,101,4,12381,11900,481,81,78,3,0,100,NoArch
55e7216292e9629158e931353eafd643e64e8b0f,0,0,0,0,0,0,0,0,0,0,0,0,0,0,701,3,0,0,0,0,0,0,0,0,0,1,100,NoArch
77f9b872944543fda7c7805fad6a1140aa95f40d,1,24,0,24,0,0,0,1,2,102,1,1,0,88,210,8,9,8,1,550,521,29,4,3,1,0,100,NoArch
5886b66ed3e106d063f66e7e9d31af11c9472d4a,2,104,5,99,1,0,1,6,10,51,1,1,0.776890121,354,211,9,77,67,10,1975,1723,252,61,51,10,1,99.94136961,NoArch
5af811f27224da4efec5a302d04e55d8e326e5cf,1,1,1,0,0,0,0,7,31,128,1,1,0,364,212,9,76,76,0,1797,1797,0,20,20,0,1,100,NoArch
7b02226bd6506de9d78d86d5212fcc2a1457209e,1,0,3,3,0,0,0,4,5,322,1,1,0,208,213,10,13,13,0,1088,1102,14,7,7,0,1,100,NoArch
5396b2bca110d4ee4276595022455cff2056efdb,0,0,0,0,0,0,0,0,0,0,0,0,0,0,214,11,0,0,0,0,0,0,0,0,0,0,100,NoArch
c0c92595fd9e5ab8eca74b33e34e066465f8fc6f,1,3,0,3,0,0,0,6,37,302,1,1,0,525,702,4,93,93,0,2155,2155,0,44,44,0,1,100,NoArch
1462fd234c98037992cdb78b77e9ddde808efa83,1,15,0,15,0,0,0,12,215,80,1,1,0,2473,703,5,451,451,0,10754,10754,0,229,229,0,1,100,NoArch
3557361e86904523200ab3ff67b83d589d39dee9,2,20,15,5,0,0,0,2,54,395,1,2,0.512709142,1062,856,4,157,156,1,6166,6106,60,57,57,0,1,99.61554145,NoArch
49e704461c4fd0f81c8c6378218795ad2f50b828,3,58,8,50,0,0,0,1,59,420,1,3,0.631171805,780,857,2,122,120,2,3523,3198,325,62,61,1,1,99.97684515,NoArch
8311938134414c9394fea9fd8bc34f724931fd1a,2,121,1,120,0,0,0,3,23,233,1,2,0.46377735,1045,858,2,84,77,7,6555,5816,739,41,38,3,1,100,NoArch
ddb15afe058dd1560ef56e76936db5fe58365dd9,1,10,2,8,0,0,0,1,3,51,1,1,0,360,215,6,34,34,0,1939,1895,44,14,14,0,0,100,NoArch
721d623ff6715cef7cec88e2c5eb3a98fd9f5cdf,1,4,0,4,0,0,0,1,3,147,1,1,0,93,859,3,15,14,1,318,307,11,15,14,1,1,100,NoArch
2e2681f2c255ec70664e714bbbba927153c6cde6,0,0,0,0,0,0,0,0,0,0,0,0,0,0,704,2,0,0,0,0,0,0,0,0,0,0,100,NoArch
7c2d5e492f14a72b21ef6cff7957cf4d5cd19846,0,0,0,0,0,0,0,0,0,0,0,0,0,0,705,3,0,0,0,0,0,0,0,0,0,0,100,NoArch
33edc9902e7e575bfa80b387d2c0e298be20d787,4,70,22,48,0,0,0,1,57,106,1,3,1.731681205,1258,860,4,193,189,4,7463,7238,225,58,52,6,1,100,NoArch
d19e9e387cafff8e349c94de54b3a25dab88dd4d,0,0,0,0,0,0,0,0,0,0,0,0,0,0,706,4,0,0,0,0,0,0,0,0,0,0,100,NoArch
332c35ca18fba9316480160d4d294abda4e680bc,3,93,47,46,1,0,1,1,117,66,1,2,1.544410849,1604,707,5,302,295,7,8373,8303,70,112,111,1,1,99.88419895,NoArch
6352502376574a9aed232b4f32a9656fe0229471,0,0,0,0,0,0,0,0,0,0,0,0,0,0,708,6,0,0,0,0,0,0,0,0,0,1,100,NoArch
49718ed8a67f1d5c64bb16c25021d1e3abccaa09,6,54,15,39,0,0,0,4,118,238,1,4,1.82582425,3286,861,5,519,512,7,17611,17342,269,222,222,0,1,100,NoArch
33bb129bee18e374d6cfd97a19432146e7072117,1,65,0,65,1,0,1,1,1,0,1,1,0,0,709,7,2,0,2,256,0,256,2,0,2,0,99.98841788,NoArch
4d17a708093007fff4e2387c45d1bae7aa745a93,3,3,5,2,0,0,0,9,108,474,1,1,1.5,1760,862,6,283,283,0,8979,8979,0,110,110,0,1,100,NoArch
00fb101e2a7ebc72506f8b237b5b0b8c5160a95d,1,74,0,74,1,0,1,1,1,0,1,1,0,0,863,7,4,0,4,398,0,398,2,0,2,1,99.97105141,NoArch
6813691a3d8e8443b3841175893d265188932f5b,2,2,1,1,0,0,0,1,216,378,1,2,0.918295834,2764,864,8,468,468,0,12305,12298,7,241,241,0,1,100,NoArch
395bf82f80a5b8ba7adbd1d5dcdc0c3db8d34363,1,4,0,4,0,0,0,5,94,106,1,1,0,2691,865,9,449,448,1,15737,15723,14,166,166,0,1,100,NoArch
8e0cc676d81bdbe2859ba179f234c02f60d51fa4,1,1,1,0,0,0,0,3,9,874,1,1,0,343,866,10,42,42,0,1771,1771,0,17,17,0,0,100,NoArch
c70952723ce5e37c16ed6f2179f7d72d26eef66a,3,11,12,1,0,0,0,2,31,393,1,3,1.301574289,1450,867,11,166,166,0,8782,8784,2,61,61,0,0,100,NoArch
21541daf8413fbc6d13230e5a340cab329345925,1,1,1,0,0,0,0,3,9,874,1,1,0,349,868,12,16,16,0,1604,1604,0,7,7,0,0,100,NoArch
c9414c4a6d0fbfa5c6668f2efdae54ec5bd6c2a7,2,73,28,45,1,0,1,4,13,103,1,1,0.864983275,73,869,12,4,3,1,268,182,86,3,2,1,1,99.98263487,NoArch
44488a5bc3d872d39e847776cd955b7f374189b8,4,237,4,233,1,0,1,1,130,157,1,3,0.287136314,4108,870,13,600,573,27,16596,15180,1416,340,330,10,1,99.97685319,NoArch
599abc58bb9f41fee9d0f539e0d8c7a9dc757301,2,42,2,40,0,0,0,2,107,153,1,2,0.632130278,1324,871,14,275,273,2,6359,6197,162,87,85,2,1,99.9942143,NoArch
3c3feb49a6d26106feffd343545e94fb177d6c96,4,9,9,0,0,0,0,1,1,0,1,2,1.891061112,374,872,15,51,51,0,1536,1536,0,32,32,0,1,99.85534919,NoArch
dad86e6891205bfa6eb81dbce6399131bf749b29,1,1,1,0,0,0,0,8,70,109,1,1,0,704,873,15,105,105,0,2606,2604,2,55,55,0,0,100,NoArch
3b7507f6b756153568742b95ba1f7f871f359b5b,1,0,1,1,0,0,0,9,109,8,1,1,0,1009,874,16,199,201,2,5387,5418,31,81,81,0,1,100,NoArch
6590d4b3d0ab62e8731b6f557e46cab739d1ecb5,1,0,24,24,0,0,0,9,110,0,1,1,0,1008,875,16,193,199,6,5206,5387,181,80,81,1,0,100,NoArch
f1bbaec66ba5b593bb1bf87c6a1317a6b8865667,0,0,0,0,0,0,0,0,0,0,0,0,0,0,911,0,0,0,0,0,0,0,0,0,0,0,100,NoArch
a2fc5bc4925dc7b4015d6281713c4fb91298f699,1,6,2,4,0,0,0,7,15,363,1,1,0,180,876,17,23,21,2,682,665,17,13,11,2,1,100,NoArch
3a26442d9268ba526032de64ad36c790c4c0ac40,1,1,1,0,0,0,0,2,4,882,1,1,0,210,877,18,20,20,0,1168,1168,0,12,12,0,0,100,NoArch
d04c10845c925e37152ce1bcefa4cdd32a6562d0,1,17,9,8,0,0,0,2,8,311,1,1,0,336,878,19,26,23,3,1976,1945,31,4,3,1,0,100,NoArch
f260b17488ac00e8b9e1dcf12ff9ee9b2e68f80e,1,2,0,2,0,0,0,9,111,3,1,1,0,984,879,19,193,193,0,5228,5206,22,80,80,0,0,100,NoArch
3a71f8e33d0309cb0ca5b5758a8f251da205e757,3,145,75,70,1,0,1,1,131,32,1,3,1.288649765,3923,1115,0,599,584,15,16838,16742,96,283,278,5,1,99.96529385,NoArch
da7f9962c640666a743675085922bf75a656f81b,1,12,10,2,0,0,0,10,132,1,1,1,0,2477,1116,1,327,326,1,8818,8799,19,181,181,0,0,100,NoArch
712303e6ecf8cc6f2ecfcf2b41de892104a87785,1,6,3,3,0,0,0,7,130,8,1,1,0,1446,1117,2,269,268,1,7859,7818,41,99,99,0,0,100,NoArch
b7e31aca70763eb452bacd7ef7f0a0b38cdcfc56,1,59,68,9,0,0,0,1,3,1386,1,1,0,293,710,6,32,28,4,1629,1548,81,12,11,1,1,100,NoArch
5bd4b19fabd0c74e4e8aab0f4580d0ca9e0b4d2a,1,6,2,4,0,0,0,5,43,462,1,1,0,676,1118,3,118,117,1,3140,3126,14,42,42,0,1,100,NoArch
2f72b7182990e98e677442027104b595c2d03951,1,14,0,14,0,0,0,13,217,23,1,1,0,2488,0,0,451,451,0,10754,10754,0,229,229,0,0,100,NoArch
8bab1c1fb2c5a66cf1cf093f303bdeffca678a2a,3,109,62,47,1,0,1,1,3,284,1,2,1.514003069,333,880,19,37,26,11,1707,1592,115,24,13,11,1,99.97687327,NoArch
760c62934d2ff5fe92e399cf7f980d8de4e191d4,2,113,3,110,1,0,1,1,14,441,1,2,0.362051252,76,881,20,17,9,8,938,316,622,11,7,4,1,99.98265896,NoArch
9df9d3e89140b7329654ad5675259ec6f0c4b3a7,1,5,5,0,0,0,0,10,133,15,1,1,0,2479,882,21,327,327,0,8818,8818,0,181,181,0,1,100,NoArch
9873e21aec90d5759210ee5b36fc8251b61c496d,1,5,2,3,0,0,0,2,3,5,1,1,0,214,883,21,18,18,0,1062,1041,21,8,8,0,1,100,NoArch
d4ccc50ea7c19a0b93f2be9c7d7acbe9259f75d8,9,195,25,170,1,0,1,1,131,267,1,7,2.089933275,5837,884,19,1061,1043,18,33112,32192,920,434,426,8,1,99.89021783,NoArch
8d0cf31f84ff3f981a83322336841a7dc982df79,3,34,1,33,0,0,0,6,120,258,1,2,0.918973722,1623,885,20,300,295,5,9411,9157,254,97,94,3,0,99.98844732,NoArch
4c8ab4469817381d223e256321c01e087d0f5e40,4,92,10,82,1,0,1,1,121,14,1,3,1.297719258,2184,711,1,392,387,5,12036,11715,321,169,165,4,1,99.90177385,NoArch
b6a3990d48e6852ca8ed9ffbbd9de4c31440d859,1,3,0,3,0,0,0,2,6,4760,1,1,0,71,216,0,11,10,1,228,222,6,10,9,1,1,100,NoArch
2bfd88e87d922afbad81972490ff7b8dbe967f53,0,0,0,0,0,0,0,0,0,0,0,0,0,0,886,17,0,0,0,0,0,0,0,0,0,1,100,NoArch
cfcd4f7f64241fe58568cb5e17b4e6cf322c4ce4,2,11,10,1,0,0,0,7,132,29,1,1,0.863120569,2025,217,1,374,374,0,10330,10311,19,154,154,0,1,100,NoArch
5f7fc14e2e23d655de13562110a238faf40dc1cd,4,89,98,9,0,0,0,3,95,375,2,3,1.791233205,4563,712,2,718,706,12,22519,22902,383,328,322,6,1,100,NoArch
802f6b193a6767576cca4bd41604b79f98420709,1,11,8,3,0,0,0,7,133,1,1,1,0,1450,218,2,272,269,3,7915,7874,41,100,99,1,1,100,NoArch
ecb10e9519c82b13bb61685ecdb0251f56a8a24d,2,22,26,4,0,0,0,6,25,254,1,2,0.738284866,415,713,3,58,56,2,2221,2241,20,27,27,0,0,100,NoArch
08b8a354ab9c5ccd04720e60c365f112db8ae13e,1,11,33,22,0,0,0,2,3,161,1,1,0,106,714,4,7,7,0,332,459,127,5,5,0,1,99.98265996,NoArch
41cdadbe2a55c5cf7f86341e34565ef372dc9197,4,197,54,143,1,0,1,1,226,49,1,4,1.134752358,7246,887,8,1289,1267,22,37563,36791,772,509,494,15,1,99.98844064,NoArch
68bcf0fb15ae1c2ff23aa9bd3a2327a6913705d3,2,58,33,25,0,0,0,6,53,236,1,1,0.779349837,1032,219,3,221,213,8,6821,6646,175,95,94,1,1,100,NoArch
e2825710994b3e9132142456514c059c47647aec,4,282,14,268,0,0,0,2,10,1498,1,3,1.016195705,726,1,1,80,69,11,4401,3331,1070,27,22,5,1,99.98265796,NoArch
e72f43f8e6f23a29112a6e85dc44d707eeb4e547,0,0,0,0,0,0,0,0,0,0,0,0,0,0,715,5,0,0,0,0,0,0,0,0,0,1,100,NoArch
aa3ab1223472d4b26e83771bb9e7afc12ccf64cf,2,575,302,273,1,0,1,1,23,5,1,2,0.840169076,1182,1119,2,233,185,48,6254,4876,1378,110,87,23,1,99.98843663,NoArch
7da61d992f6aebb02245349f42dfa56c6a31a2ea,2,56,14,42,0,0,0,5,97,7,1,1,0.994693795,3228,1120,3,535,527,8,17139,16931,208,244,236,8,1,100,NoArch
882c5539d1b5cdfe64b4f4c5048e7c377e331846,1,6,0,6,0,0,0,9,75,134,1,1,0,1921,888,8,105,105,0,12442,12381,61,81,81,0,0,100,NoArch
1c264085d1a9504a48e07f181ef8419f1b7dff27,4,76,108,32,0,0,0,9,76,155,1,2,1.906671215,3142,716,5,294,291,3,19899,20209,310,120,119,1,1,100,NoArch
c5349000922cbcc4b4820c8b09d10e124f6496f3,1,1,1,0,0,0,0,9,77,0,1,1,0,1935,717,6,106,106,0,12514,12516,2,82,82,0,1,100,NoArch
c856f30bc556ccdf5c1f05a0244743eca8100c3e,2,146,14,132,1,0,1,1,134,9,1,2,0.881290899,1453,220,4,285,272,13,8482,7915,567,103,100,3,1,99.98843931,NoArch
5cc1a557ff9d272e7eebcbee9ac5cfa294a580d9,1,11,11,0,0,0,0,7,135,0,1,1,0,1473,221,5,276,277,1,7945,7931,14,100,100,0,1,100,NoArch
323eeda725aa4bad381ff2f04a6364550812f445,2,178,1,177,1,0,1,4,18,149,2,2,0.183917404,751,889,6,132,118,14,5066,3975,1091,62,55,7,0,100,NoArch
d97e8fe3547a666fbd669b7790770385dec820fd,1,12,12,0,0,0,0,4,11,426,1,1,0,186,222,6,24,24,0,1058,1032,26,10,10,0,0,100,NoArch
cb1b92bf58e2631077a31b97cc8087bb35605a03,5,402,36,366,1,0,1,1,227,133,1,3,1.985212302,2394,223,7,442,415,27,13550,12185,1365,140,130,10,1,99.98844198,NoArch
bb4a2f73f4db9316593ca4e0e23d69b776513bad,10,546,54,492,2,0,2,4,98,279,2,4,1.869855282,6121,890,7,1026,951,75,32896,30430,2466,462,435,27,0,99.89019245,NoArch
384388fe629473c04f1722274cf044922a3659a1,2,19,7,12,0,0,0,1,3,0,2,2,0.619382195,570,891,7,71,68,3,3172,3112,60,19,18,1,0,100,NoArch
46e6cc01fccc635610206719aa025218c8589f19,0,0,0,0,0,0,0,0,0,0,0,0,0,0,718,7,0,0,0,0,0,0,0,0,0,1,100,NoArch
89f22dacac4d786c04d4b0fe3ab7b6ae6d3b3557,8,182,275,93,0,0,0,4,99,81,2,4,2.068565716,6205,892,8,983,989,6,34387,34714,327,439,434,5,1,96.03263762,Arch
e8074fdc0f7538a2e4d378cc6d87edeed3e12da0,0,0,0,0,0,0,0,0,0,0,0,0,0,0,7,0,0,0,0,0,0,0,0,0,0,0,100,NoArch
9a9fccbea49bd8177d279236eb1a72b7f89f98d3,0,0,0,0,0,0,0,0,0,0,0,0,0,0,8,1,0,0,0,0,0,0,0,0,0,0,100,NoArch
4a7475d7c261f3fdd7ba1e9da71748747b913871,1,9,4,5,0,0,0,4,11,377,1,1,0,795,719,7,76,76,0,2885,2863,22,27,27,0,1,100,NoArch
78761cb348fd7b4076f1cbfdf20ba94300818703,1,1,1,0,0,0,0,2,2,411,1,1,0,38,1187,0,3,3,0,79,80,1,3,3,0,0,100,NoArch
d95658f4b444af178b112e7aa8e1d4aacdcae8d0,1,9,1,8,0,0,0,2,11,966,1,1,0,85,1188,1,8,6,2,205,175,30,7,6,1,0,100,NoArch
1753a699e0efc3b0e65eacfc42a41438c1cc9dca,1,31,1,30,0,0,0,4,12,966,1,1,0,165,1189,2,32,28,4,626,531,95,24,20,4,0,100,NoArch
71d5fef019b7ed1bb9d8129bc180216cb6655c07,1,12,3,9,0,0,0,6,38,153,1,1,0,528,1190,3,95,93,2,2186,2155,31,44,44,0,1,100,NoArch
a35fdd13fb9b7d43baa0ddd5ecbdcd04458c6c9f,2,38,11,27,0,0,0,9,78,186,1,2,0.911342376,2250,720,2,158,155,3,14315,14132,183,98,97,1,1,100,NoArch
0e95460e0af4dc7f857dfe1a13559f31bc019207,1,2,2,0,0,0,0,7,34,634,1,1,0,273,224,0,0,0,0,831,831,0,0,0,0,1,100,NoArch
71e228fe92248fb06b5ac09720580754221a6ebf,1,4,2,2,0,0,0,3,5,873,1,1,0,191,225,1,33,32,1,762,748,14,16,16,0,1,100,NoArch
580635473ddd9d819cffd8816cff6425f1d9dd14,0,0,0,0,0,0,0,0,0,0,0,0,0,0,226,2,0,0,0,0,0,0,0,0,0,1,100,NoArch
221da8bcd2bec5e53250d7bf34516a7f121dd53a,5,172,9,163,1,0,1,1,29,192,1,2,1.501991159,1243,893,0,198,171,27,5908,5033,875,143,129,14,1,99.97579572,NoArch
5774d004f82b15e8b515864c61ee40e689783fae,1,9,4,5,0,0,0,9,79,36,1,1,0,1968,227,3,107,107,0,12736,12715,21,83,83,0,1,100,NoArch
7eb8f0fd730156fb5c623740dcddda75c675d421,1,1,1,0,0,0,0,4,12,1010,1,1,0,83,894,1,7,7,0,190,188,2,7,7,0,0,100,NoArch
eca00f9ab9206371a61782c92d301b38e7c09d67,1,0,4,4,0,0,0,6,26,103,1,1,0,496,895,2,124,125,1,2940,2963,23,60,61,1,0,100,NoArch
e02dfdeaadb710e1662f8576566330dd3d1ba7e5,1,61,33,28,0,0,0,3,6,764,1,1,0,233,896,3,22,16,6,1599,1408,191,4,3,1,0,100,NoArch
2fba95d26d1de715cce7434a5077b4ae49f12e46,0,0,0,0,0,0,0,0,0,0,0,0,0,0,897,4,0,0,0,0,0,0,0,0,0,1,100,NoArch
e3a1fc9b3557bc1f924c197e1f994170c50bb591,3,67,27,40,0,0,0,3,40,232,1,2,0.80094533,1690,721,0,202,201,1,10039,9851,188,67,66,1,1,100,NoArch
999dc0df2044ae76a72810e7e9b7e2093d222fe7,2,406,42,364,1,0,1,1,47,42,1,2,0.761956816,401,228,3,129,79,50,3578,2100,1478,71,66,5,1,99.98789932,NoArch
4ddd9019c8e59ff0940b04baa24a47e0725ba137,1,4,0,4,0,0,0,2,2,2465,1,1,0,97,2,0,12,12,0,411,404,7,7,7,0,1,100,NoArch
95355ae6e3a881cb0495f77da63273694f968e6d,1,27,18,9,0,0,0,2,2,2465,1,1,0,353,3,1,49,48,1,1919,1911,8,18,17,1,1,100,NoArch
00bee4ee1341f19aa69748155a8bb9b722c26065,1,438,0,438,1,0,1,1,1,0,1,1,0,0,4,2,39,0,39,1817,0,1817,11,0,11,1,100,NoArch
82a093b47947a32e56a8f6b339f08aad7421ab04,0,0,0,0,0,0,0,0,0,0,0,0,0,0,5,3,0,0,0,0,0,0,0,0,0,1,100,NoArch
1d52f3b53cafc3c89c4df1a6ea7427a5ce2ab23b,2,170,9,161,1,0,1,1,108,81,1,2,0.689517501,1210,229,4,279,266,13,6360,5675,685,86,81,5,1,99.93952223,NoArch
dbc661fd9b27eedb6c9045a81bc25b55a4720251,6,62,4,58,0,0,0,7,219,814,1,5,1.979263066,4624,1121,0,785,771,14,20165,19799,366,412,408,4,1,100,NoArch
7b90f4178fb8882bcc24fc0b5708dccacbcb484c,1,28,17,11,0,0,0,13,220,0,1,1,0,2535,230,5,461,460,1,11057,11038,19,230,230,0,1,100,NoArch
eec1091c45ed71590e64dd45530b066fb9bc9a69,2,124,1,123,1,0,1,1,48,230,1,2,0.204324671,369,231,6,70,66,4,2905,2293,612,20,17,3,1,100,NoArch
5aa8b30c0fc2c26291cf1a3775c920e4b9b54585,3,162,2,160,1,0,1,1,49,0,1,2,0.148542143,492,232,7,77,70,7,3761,2905,856,24,20,4,1,98.72292176,NoArch
4d480c923915645e252ff83031d330ce3195e634,1,1,1,0,0,0,0,6,50,0,1,1,0,371,233,8,66,66,0,2307,2307,0,17,17,0,1,100,NoArch
a1e961d09c721afeedcd371196bf407b98600876,1,6,8,2,0,0,0,5,30,26,1,1,0,597,722,1,81,81,0,1715,1726,11,78,78,0,0,100,NoArch
55fa377f2f1957e0f79c9955b0591a4228f0ac4f,1,7,8,1,0,0,0,2,3,1689,1,1,0,89,723,2,9,10,1,377,395,18,4,4,0,1,100,NoArch
c4c9cf2e9497de13f37270e7f21250448a750427,1,2,2,0,0,0,0,2,5,276,1,1,0,387,234,9,72,68,4,1825,1799,26,26,26,0,1,100,NoArch
dcf1f5e0cc20ecb49da0c1ad5681d2ac578cee20,3,53,20,33,0,0,0,3,221,80,1,3,1.388934067,5446,898,5,953,946,7,27787,27605,182,417,416,1,1,100,NoArch
e901d2fd2e9afe7a175231ec30aa4c8781762c23,1,12,4,8,0,0,0,7,45,1010,1,1,0,374,899,6,70,68,2,1560,1531,29,33,33,0,1,100,NoArch
3b19c71935e6bb54da61c95470815ed65c61f77d,1,2,2,0,0,0,0,4,7,3708,1,1,0,84,900,7,5,5,0,398,398,0,5,5,0,1,100,NoArch
4d3af76ee64b4b721d2b3b8b7be23c0ec7565f32,2,104,11,93,1,0,1,1,62,67,1,2,0.771127372,576,724,3,107,105,2,2881,2456,425,57,55,2,1,99.95876532,NoArch
d1357b4970217e2285153e99dc4191d1be625ef1,2,8,3,5,0,0,0,3,101,526,1,2,0.994030211,2916,901,8,497,496,1,16746,16720,26,189,188,1,1,100,NoArch
bc78238ad0a0d8f82c987b9228dca331487617a5,17,2353,326,2027,5,0,5,1,20,732,1,2,3.432082007,2120,235,7,500,276,224,15044,7030,8014,264,164,100,3,99.88225598,NoArch
91059de2836c833e07709f4be9149f2c022ae315,8,428,71,357,2,0,2,3,222,304,1,3,2.23783728,6057,725,4,1184,1139,45,30018,28182,1836,509,483,26,1,98.71901811,NoArch
179d95e7be4024c8548c332fee1cb28bc9387d3b,9,141,36,105,0,0,0,1,228,245,1,5,2.280403358,6759,902,8,1171,1162,9,36495,35731,764,429,424,5,1,99.99396645,NoArch
e25e5dee86e090c4d34b9c9b8b16520088bf9f78,1,8,4,4,0,0,0,4,7,39,1,1,0,261,236,8,22,22,0,1620,1599,21,4,4,0,0,100,NoArch
b11f1b452db77211950f022f626a398ca34b86af,1,233,0,233,1,0,1,1,1,0,1,1,0,0,237,9,16,0,16,1480,0,1480,5,0,5,0,99.98793436,NoArch
d403f107224244abbe53e8e9cb90959ae402885a,1,8,0,8,0,0,0,13,223,0,1,1,0,2555,238,10,465,464,1,11146,11092,54,230,230,0,1,99.98190373,NoArch
f6caba7127ba3b5f7eae2a14943606c10bff93e8,1,9,1,8,0,0,0,13,224,0,1,1,0,2563,239,11,466,465,1,11192,11146,46,230,230,0,1,100,NoArch
0295e8d44ddfc1f584ae70e1e8d5fd54bbd82a20,0,0,0,0,0,0,0,0,0,0,0,0,0,0,726,5,0,0,0,0,0,0,0,0,0,1,100,NoArch
b6f63b0d10f3db34356b056e3e4caeedc4c95aad,9,120,24,96,0,0,0,2,225,671,1,5,2.218334726,6109,903,5,1014,994,20,29382,28653,729,510,505,5,1,99.97588037,NoArch
65fe5e2587d514fcf7496fabe01b51830e7d3965,1,8,25,17,0,0,0,1,2,5,1,1,0,233,240,12,14,16,2,1367,1480,113,5,5,0,0,100,NoArch
f220607e3361429250d11015ec84714c6bb77bdc,2,55,5,50,0,0,0,7,40,516,1,2,0.650022422,1288,241,12,144,141,3,8416,7976,440,61,59,2,1,100,NoArch
24c42579989b192b1fc8493600338bfb11a8fd9a,1,3,0,3,0,0,0,2,3,8,1,1,0,216,904,6,14,14,0,1384,1367,17,5,5,0,0,100,NoArch
c35550f16543e2b5d71e742d663dadbbf717a033,1,2,2,0,0,0,0,5,16,8,1,1,0,132,905,7,13,13,0,683,683,0,10,10,0,1,100,NoArch
e73230b4a3cb799b6f99a906732c9c4ff758b2c1,2,27,2,25,0,0,0,3,63,1043,1,2,0.79732651,853,906,8,142,136,6,3816,3640,176,78,76,2,1,100,NoArch
7388438a85fe46b05b37ccc5f7fe5b9d16b8fccc,3,260,25,235,1,0,1,1,110,10,1,2,1.260797126,1373,727,5,334,291,43,7675,6511,1164,110,94,16,1,99.987946,NoArch
80ecfb704967b58927b183235c18fc162643f258,1,210,0,210,1,0,1,1,1,0,1,1,0,0,907,9,12,0,12,1326,0,1326,4,0,4,0,99.97589781,NoArch
1a566ecff7172b1969855f51a5329c53ee157bdc,1,247,0,247,1,0,1,1,1,0,1,1,0,0,242,13,8,0,8,1060,0,1060,6,0,6,1,99.96386195,NoArch
a1d5ff03169024fe486b96378f5e8409b6a98fd9,1,12,7,5,0,0,0,11,229,15,1,1,0,2135,243,14,380,379,1,10969,10955,14,105,105,0,1,100,NoArch
cdba931deb47c680d9c41aea03dbd45b05874a36,12,275,274,1,0,0,0,2,102,1429,2,6,2.895482073,7177,244,14,1125,1120,5,35732,35808,76,461,462,1,1,99.71086079,NoArch
b567bd478b42a5e18bd8ec5dce1f0ff92054f87f,1,16,23,7,0,0,0,9,120,327,1,1,0,698,245,15,115,115,0,3641,3618,23,33,33,0,1,100,NoArch
19cb932816a09b05d5da73da7fbc39e0dec0e522,2,37,5,32,0,0,0,1,111,9,1,2,0.918295834,1476,728,6,313,310,3,7194,7045,149,99,98,1,1,100,NoArch
6a631a9d2123d4145f91105ff89ef074122b60ea,3,209,18,191,1,0,1,1,54,72,1,2,1.149071289,1053,246,12,241,220,21,7889,6798,1091,105,94,11,1,99.98192336,NoArch
9d15861cce31d5bf102b7250993b73facef8dd16,1,1,1,0,0,0,0,6,46,14,1,1,0,791,908,10,142,142,0,2606,2606,0,101,101,0,1,100,NoArch
beb564f6f1adadefd5201e1f4bfa86c4063aeb9c,0,0,0,0,0,0,0,0,0,0,0,0,0,0,247,13,0,0,0,0,0,0,0,0,0,1,100,NoArch
c062020bcbe03d09efe3721fbae2723d697734f5,1,149,0,149,1,0,1,1,1,0,1,1,0,0,248,14,13,0,13,721,0,721,8,0,8,1,99.98795181,NoArch
292ff429631d8d52ac3eb110f6a629b8ccdc0d4f,0,0,0,0,0,0,0,0,0,0,0,0,0,0,249,15,0,0,0,0,0,0,0,0,0,1,100,NoArch
2cb8ed221bbf8a69ad8bb6af8fc929aee8129381,1,43,0,43,1,0,1,1,1,0,1,1,0,0,250,16,3,0,3,122,0,122,2,0,2,1,99.98795471,NoArch
beda82ad5a854fafa2a9847fe93991071f517f2e,4,236,73,163,0,0,0,1,112,12,1,3,1.400936602,2255,729,5,458,444,14,11245,10551,694,176,171,5,1,100,NoArch
33f9f2968b6a4607eec25695a7e0eba1aba178a0,1,6,6,0,0,0,0,4,7,536,1,1,0,138,251,16,29,28,1,544,538,6,18,18,0,1,100,NoArch
93a379fe3cc9dddd08a945c575cfe705216be55d,5,44,49,5,0,0,0,9,80,353,1,2,0.595091826,3341,909,7,345,344,1,20636,20472,164,179,180,1,1,100,NoArch
bc8441bebc92483c2b1ea7298022a4bccb1403bf,2,85,145,60,0,0,0,3,46,547,1,1,0.072016472,523,910,8,80,88,8,1851,2022,171,44,45,1,1,99.97591087,NoArch
5a74d56cc17d17e41b72dc380d8a19d6e895b427,1,6,4,2,0,0,0,7,47,6,1,1,0,322,911,9,62,62,0,1385,1385,0,32,32,0,1,100,NoArch
9a22fe586d33513e6e0a09833f04d3907ec230bb,1,6,6,0,0,0,0,7,16,559,1,1,0,173,912,10,13,13,0,950,930,20,4,4,0,0,100,NoArch
ace122aedef3d7aede701cc8e8dba98ef773a0e8,1,6,0,6,0,0,0,3,9,307,1,1,0,161,913,11,11,10,1,943,921,22,7,6,1,0,100,NoArch
de08e4b56ccb09083a3dd9e9f41743a018474d23,0,0,0,0,0,0,0,0,0,0,0,0,0,0,252,17,0,0,0,0,0,0,0,0,0,1,100,NoArch
73a30f6991e144a09bee7042f3a30b3e9871eefc,0,0,0,0,0,0,0,0,0,0,0,0,0,0,253,18,0,0,0,0,0,0,0,0,0,1,100,NoArch
ad585dc4b0381441f1addabc8f2b4a2673d81dfe,3,889,98,791,1,0,1,1,48,4,1,2,0.946999821,465,254,19,160,80,80,5504,1851,3653,85,44,41,1,99.98193424,NoArch
456005bf1312eb40e747572b5b371c48a1c74aba,1,6,5,1,0,0,0,3,11,1087,1,1,0,121,255,20,18,18,0,314,312,2,6,6,0,0,100,NoArch
2a87ad5b3e183a28f54df57b4b70400beb0a16ce,3,36,7,29,0,0,0,3,123,555,1,3,1.00239806,1557,914,12,297,294,3,8833,8583,250,88,86,2,1,99.91565757,NoArch
8bff980ec2088beacac729eed0cfdbee36fc84db,1,1,2,1,0,0,0,7,49,2,1,1,0,399,915,13,80,80,0,1635,1643,8,36,36,0,1,100,NoArch
a3060e79d969fcf1f769be010c31e098a98a10e2,2,42,39,3,0,0,0,7,113,12,1,2,0.975119065,1876,256,20,401,400,1,8623,8605,18,142,142,0,1,100,NoArch
16388015225402384b52f95598551bb674742a5c,1,435,0,435,1,0,1,1,1,0,1,1,0,0,257,21,39,0,39,2586,0,2586,19,0,19,0,99.987946,NoArch
98b7dcdd1da63e2c43656a248895b39740774553,1,24,17,7,0,0,0,5,16,381,1,1,0,572,916,14,40,38,2,3134,3109,25,13,13,0,0,100,NoArch
97ae32388c4fdb4a48ae0892e8a9142da062d032,3,41,21,20,0,0,0,8,134,284,1,1,1.43456879,6000,258,18,773,769,4,21288,21229,59,349,349,0,1,100,NoArch
08ae7770bb2b7ac73fb5c39cec0239fa04eeb0c3,1,5,4,1,0,0,0,4,12,561,1,1,0,135,259,19,13,13,0,600,602,2,6,6,0,1,100,NoArch
cc7ea7f31f4009e48c07a5737c30fe5357885734,1,20,5,15,0,0,0,1,2,2182,1,1,0,122,917,14,8,8,0,763,603,160,4,4,0,0,99.98794745,NoArch
49dd85c5e7c0b0f777930a79b05b87afaba000c9,1,2,2,0,0,0,0,2,16,1112,1,1,0,522,918,15,56,56,0,2635,2635,0,24,24,0,0,100,NoArch
896de22bf7f3ebb843545d0b3bab585a648b60f3,1,5,6,1,0,0,0,4,8,614,1,1,0,254,260,20,29,29,0,1102,1102,0,3,3,0,1,100,NoArch
9f0a673e36e35efb91f3e2c72aaf2055efcbd6d4,1,2,1,1,0,0,0,3,6,8,1,1,0,59,919,15,3,3,0,287,274,13,2,2,0,0,100,NoArch
3a561cc8c7fdc048501231db330ec675f828d774,1,44,34,10,0,0,0,7,17,1098,1,1,0,396,261,19,61,57,4,2219,2098,121,14,12,2,1,100,NoArch
df19a382c95777a95bde9b7c9218acc7a405c6c3,1,37,7,30,0,0,0,13,226,43,1,1,0,2595,262,20,479,476,3,11567,11368,199,232,232,0,1,100,NoArch
e32ff5c7f4eb9c15a52fe52591ce08d31db48c37,4,95,3,92,1,0,1,1,22,1283,1,3,0.968817486,492,920,12,89,78,11,2777,2343,434,33,27,6,1,99.9879489,NoArch
3221b16221ceb7d3d28c4efff4482105e829b4eb,1,63,28,35,0,0,0,9,124,18,1,1,0,1268,263,17,261,260,1,7843,7457,386,71,71,0,1,100,NoArch
fb06ca48c273dd7e5349b75e67e87f08acc66a7a,0,0,0,0,0,0,0,0,0,0,0,0,0,0,264,15,0,0,0,0,0,0,0,0,0,0,100,NoArch
b5e294372fd47aa5905d18540a3513647a8e8791,0,0,0,0,0,0,0,0,0,0,0,0,0,0,265,16,0,0,0,0,0,0,0,0,0,1,100,NoArch
a7873fc8ce31a3ad47ca5c4d86e177eba11fe2f2,2,8,1,7,0,0,0,2,18,325,1,2,0.764204507,415,1191,0,63,62,1,2286,2256,30,15,15,0,0,100,NoArch
757107d7aa9e8e87c07445bccebe501e3b9ccb0c,1,1,1,0,0,0,0,7,19,0,1,1,0,413,266,17,62,62,0,2250,2250,0,14,14,0,1,100,NoArch
f5dcc9dfbf6635ec70916376afcb7640396def4a,13,221,66,155,0,0,0,7,227,657,1,3,3.262429974,5779,267,17,869,848,21,28639,27857,782,424,415,9,1,100,NoArch
14350af90c6fd18d3d3e4bbf5c8d5cc8815b6153,0,0,0,0,0,0,0,0,0,0,0,0,0,0,268,17,0,0,0,0,0,0,0,0,0,2,100,NoArch
2290502bc996706d19f096e3ed3f566b61706af3,2,19,6,13,0,0,0,2,65,568,1,2,0.998845536,1080,921,12,172,170,2,7490,7406,84,73,73,0,1,100,NoArch
a259c12c972bc97ef629e7b0d182c4074d60a85f,1,18,11,7,0,0,0,3,8,384,1,1,0,532,269,18,17,17,0,3013,2964,49,15,15,0,0,99.99397518,NoArch
46ccaafcfcfbfc63c1c9e0fe2cb02011991772e1,1,4,4,0,0,0,0,2,3,374,1,1,0,196,270,18,23,23,0,947,947,0,7,7,0,2,100,NoArch
c0cf753e19784de4f3e7be297a7dd3e377609b2c,0,0,0,0,0,0,0,0,0,0,0,0,0,0,271,15,0,0,0,0,0,0,0,0,0,1,100,NoArch
e426de8c32fc60e1fbe89262d6887fca724ea60b,2,63,23,40,0,0,0,9,81,129,1,2,0.922123131,2179,272,16,143,141,2,14531,14277,254,88,87,1,1,100,NoArch
14c1766843a794cc3727b012636bdcb17ee84a4a,0,0,0,0,0,0,0,0,0,0,0,0,0,0,922,8,0,0,0,0,0,0,0,0,0,1,100,NoArch
0d8ce9f87ce82cc3d8cd783f7b6f3762cc638996,0,0,0,0,0,0,0,0,0,0,0,0,0,0,923,6,0,0,0,0,0,0,0,0,0,0,100,NoArch
503e1dc15e85bf6037aeac3c276edcd81f32e1be,1,12,6,6,0,0,0,5,21,990,1,1,0,113,924,7,12,11,1,617,576,41,4,4,0,1,100,NoArch
9a7443a13794b38a2d89a0f55cb300cab0e35704,5,95,7,88,0,0,0,6,21,699,1,2,1.858303215,797,925,6,94,78,16,4559,4058,501,58,53,5,1,99.99397373,NoArch
5dda6e6fee28cbda6474340b552ad63f8774718c,4,59,19,40,0,0,0,2,14,404,1,3,1.844499191,1018,926,7,160,154,6,4884,4643,241,93,91,2,1,100,NoArch
f4d4c3b4ce524ac2df287e7c5b20432e79760e50,10,167,5,162,0,0,0,4,230,849,1,3,3.048950358,5493,1122,0,915,885,30,24810,24115,695,480,463,17,1,100,NoArch
e2325f5d4f71ad1dfcc6ee4d68235e682481065e,1,1,1,0,0,0,0,6,17,1017,1,1,0,316,1123,1,40,40,0,1383,1384,1,13,13,0,1,100,NoArch
3a84de919967fa78f12a6c277266eb288dccbdd7,2,107,1,106,1,0,1,1,6,296,1,2,0.41381685,172,6,0,34,25,9,1094,702,392,26,22,4,1,99.969865,NoArch
783ba853aafcf50991808bd2df53533f4acabb4b,1,10,4,6,0,0,0,2,12,283,1,1,0,577,927,7,72,71,1,3898,3852,46,22,22,0,0,100,NoArch
14110f52ebeae1a5e0953d67225028a94e55b71d,1,67,5,62,0,0,0,3,7,1329,1,1,0,98,7,1,5,1,4,688,451,237,2,1,1,1,100,NoArch
df8d1e824d133f4f680f2e593f139602ea2591f5,1,1,4,3,0,0,0,5,9,969,1,1,0,168,928,8,9,9,0,906,948,42,8,8,0,1,100,NoArch
9b7347087d1a96c025d51f4674295e411c7fa2ad,1,41,20,21,0,0,0,1,2,861,1,1,0,101,929,9,10,10,0,805,619,186,4,4,0,0,100,NoArch
d2f8eded570569456eaede7c418e8fdccca0a4f3,1,17,6,11,0,0,0,2,16,324,1,1,0,543,930,10,48,48,0,3603,3511,92,21,21,0,0,100,NoArch
ac54a611f32c1a480e4f6505533885cc52653bfc,2,16,6,10,0,0,0,4,137,187,1,2,0.773226674,1928,931,11,330,329,1,10546,10497,49,121,121,0,0,100,NoArch
d40f398b310e0a59d5e0361c9fc21c4c2b160630,8,229,94,135,0,0,0,4,24,376,1,4,2.917350826,2134,273,10,287,287,0,11398,10797,601,174,174,0,1,100,NoArch
686bfcf4967fdada0298433e7d48c142054b812f,3,89,1,88,0,0,0,7,42,27,1,2,1.383941613,1558,274,11,142,130,12,8839,8332,507,70,67,3,1,98.50089233,NoArch
0efaaecfd19747d06a14e92095d068916227680b,4,129,3,126,0,0,0,7,43,21,1,2,1.401126422,1367,275,12,117,102,15,8853,8306,547,59,54,5,1,99.98825188,NoArch
09ff99fbfa702b57fd41a9ebc48a4b9e3cda939d,2,2,2,0,0,0,0,8,135,172,1,1,1,3574,932,12,475,475,0,12582,12582,0,290,290,0,1,100,NoArch
0dfbc5054de0b2a184adeed6b971193f9fda531c,0,0,0,0,0,0,0,0,0,0,0,0,0,0,276,13,0,0,0,0,0,0,0,0,0,1,100,NoArch
3a5b48a4db6bd3b31d7ee895023cd0181e482fa7,4,320,100,220,1,0,1,1,231,277,1,2,1.361373925,3272,277,13,611,584,27,17884,16727,1157,172,168,4,1,99.98825188,NoArch
fca08a7f22c84039f45c6d0231108b2a9f1364a1,1,64,46,18,0,0,0,5,9,1152,1,1,0,316,278,14,23,23,0,1862,1782,80,14,14,0,0,100,NoArch
84a50910a61bdb02edccb4e2cca6f9a16e9fac36,0,0,0,0,0,0,0,0,0,0,0,0,0,0,933,11,0,0,0,0,0,0,0,0,0,1,100,NoArch
f5b69f8783be5d1bebd0336a78b6af3fae9e9583,0,0,0,0,0,0,0,0,0,0,0,0,0,0,934,11,0,0,0,0,0,0,0,0,0,1,100,NoArch
0bbb73529d50d2037e2a2b91ca878688845f40bf,1,24,8,16,0,0,0,2,6,545,1,1,0,358,279,6,69,66,3,2229,2118,111,39,39,0,1,100,NoArch
a7e7bce0aefd0624d9c6e94337477a5861804bac,2,116,0,116,1,0,1,1,114,43,1,2,0.328812238,1292,280,7,306,295,11,6597,6101,496,93,86,7,1,99.9706366,NoArch
d4cd7f9eed6f7e5c1967d8aa8fc228e95310492b,5,241,12,229,2,0,2,1,136,110,1,2,1.944416257,4871,1192,0,587,558,29,16799,15797,1002,312,302,10,1,99.95304062,NoArch
eab87585294f2fead68c9606dc9ad144b52a2f07,1,7,0,7,0,0,0,2,7,2,1,1,0,374,281,8,69,69,0,2253,2229,24,39,39,0,1,100,NoArch
1be93984a2ca4ffbd5e27184aeb1d97bba9c814f,2,119,6,113,1,0,1,1,69,65,1,2,0.505919244,573,935,5,116,108,8,3330,2787,543,45,41,4,1,99.97066416,NoArch
5ea1c1c042156b982a7611b911d7dcb0322e8a8b,0,0,0,0,0,0,0,0,0,0,0,0,0,0,1124,0,0,0,0,0,0,0,0,0,0,1,100,NoArch
08b95689cb504b6fe6da0be4d61b176b046ad630,2,98,0,98,2,0,2,1,1,0,1,2,0.88864667,0,1125,1,5,0,5,291,0,291,5,0,5,1,99.97653959,NoArch
d6917ea4bcec57f51ad1486261d6d73e44ef0cad,0,0,0,0,0,0,0,0,0,0,0,0,0,0,8,0,0,0,0,0,0,0,0,0,0,1,100,NoArch
0af0021d0bbabc5ee96e2e7881b9bf79c34b034e,2,370,4,366,1,0,1,1,103,62,1,2,0.622408861,2762,282,5,511,480,31,17779,15851,1928,197,181,16,1,99.98827392,NoArch
13e5777efb8f13c916a14fd415425a350713c244,1,401,0,401,1,0,1,1,1,0,1,1,0,0,283,5,36,0,36,1750,0,1750,21,0,21,1,99.94137992,NoArch
f2867cffcba4e79362331702e115bc89018a3684,0,0,0,0,0,0,0,0,0,0,0,0,0,0,284,5,0,0,0,0,0,0,0,0,0,1,100,NoArch
f32792a9fca6a9655f4cf79c7272821e8a468ac6,1,11,4,7,0,0,0,9,34,521,1,1,0,506,285,6,72,72,0,2696,2650,46,9,9,0,1,100,NoArch
ca83305faa3138dcbdf6ab180bf5ef2e4954c44c,4,28,2,26,0,0,0,6,232,52,1,2,1.562806632,4489,1126,2,778,774,4,20790,20715,75,344,340,4,1,100,NoArch
bd5124cf94ec50885a99ef4265a7396ab3e73f33,1,131,0,131,1,0,1,1,1,0,1,1,0,0,1127,3,7,0,7,600,0,600,4,0,4,1,99.94138679,NoArch
cdacf824289a2d56c04571765596bdd7dbf8d2c3,1,1,1,0,0,0,0,1,2,44,1,1,0,174,286,7,14,14,0,857,857,0,3,3,0,0,100,NoArch
21a9a6596b313b9fe117def357b926b7f896989e,0,0,0,0,0,0,0,0,0,0,0,0,0,0,1193,1,0,0,0,0,0,0,0,0,0,0,100,NoArch
1d7b69d55c644dabfb605e3cd84bcaeab1b93902,0,0,0,0,0,0,0,0,0,0,0,0,0,0,1128,4,0,0,0,0,0,0,0,0,0,1,100,NoArch
926fdd7e92d5ac1cfde4658a4c9a726139e2c315,3,269,16,253,1,0,1,1,30,574,1,3,0.651282859,797,287,8,174,148,26,5354,3967,1387,84,75,9,1,99.95897797,NoArch
1419103c18b6169555cc6150892d9a85ab608750,1,8,15,7,0,0,0,1,2,3,1,1,0,316,288,9,30,30,0,1461,1454,7,16,16,0,1,100,NoArch
3cea40d889fa87aa053fa2472f90c3d30b586352,1,9,0,9,0,0,0,5,104,3,1,1,0,2812,289,10,482,481,1,16378,16325,53,182,181,1,1,100,NoArch
b96bb1ff4bf40b246fb4243b013e99bbacbee8e1,0,0,0,0,0,0,0,0,0,0,0,0,0,0,1194,2,0,0,0,0,0,0,0,0,0,0,100,NoArch
5cd9ebaeb7f82e2828e6ccf0931b12aab51dddab,3,47,25,22,0,0,0,4,228,1071,1,3,1.391494789,2938,290,11,525,524,1,12924,12759,165,267,267,0,1,100,NoArch
1463bec066c199d60402c2d3d594adc05a007e6a,3,68,12,56,0,0,0,2,20,387,2,2,1.352724196,2130,936,2,244,240,4,13132,12790,342,125,124,1,1,100,NoArch
d92d3a8a06b6a20769d39c5b1cf19a7c8bf91921,1,6,0,6,0,0,0,7,115,23,1,1,0,1299,291,12,298,296,2,6154,6132,22,86,86,0,1,100,NoArch
c3e57ec9fdd2060583058deaa9f9ad070336a2df,3,55,31,24,0,0,0,6,26,1179,1,1,1.074868015,487,937,3,42,42,0,2835,2713,122,28,28,0,0,100,NoArch
555d8890acc3f743584b37670ee10d124c06e8d2,0,0,0,0,0,0,0,0,0,0,0,0,0,0,1129,5,0,0,0,0,0,0,0,0,0,1,100,NoArch
cfc6917a79dd1c5ba3be70edf49a9a70393179ba,13,3392,0,3392,13,0,13,1,1,0,1,2,2.215305339,0,1130,6,266,0,266,19538,0,19538,160,0,160,1,99.81282171,NoArch
1575f458972d4af91e008e7849d9ab7aabece4b2,0,0,0,0,0,0,0,0,0,0,0,0,0,0,938,4,0,0,0,0,0,0,0,0,0,0,100,NoArch
aee81279cb9a7f04a6e04e0f31f071ff81f63142,0,0,0,0,0,0,0,0,0,0,0,0,0,0,730,0,0,0,0,0,0,0,0,0,0,1,100,NoArch
fb0b63e3790dde151d8a8957fbec46553790eb25,3,101,0,101,0,0,0,4,105,226,1,2,0.881338321,4610,939,4,705,698,7,27007,26382,625,304,300,4,1,100,NoArch
d5134dec3d32bff9b87fc62ea6da04f707c12407,1,16,12,4,0,0,0,4,6,4157,1,1,0,152,731,1,15,13,2,571,578,7,5,5,0,1,100,NoArch
6236c144da8a38555e39369f19598e5799b00f6f,0,0,0,0,0,0,0,0,0,0,0,0,0,0,732,2,0,0,0,0,0,0,0,0,0,1,100,NoArch
6d58dbef32fee838d6fa76709613a0ddc7a3a52f,1,76,0,76,0,0,0,2,4,587,1,1,0,460,292,13,41,34,7,3783,3211,572,18,17,1,0,100,NoArch
d2610faff4f76f979808b53eb2a2861085508ad1,2,14,15,1,0,0,0,2,8,10,1,2,0.999142104,1010,293,12,127,126,1,6328,6330,2,65,65,0,1,100,NoArch
b137af4f8a48d8512ad9f3ba2aac725b2dfa04cf,0,0,0,0,0,0,0,0,0,0,0,0,0,0,940,5,0,0,0,0,0,0,0,0,0,1,100,NoArch
81e1de95f8a6e9d4256e491086c1fc89e4bc1c75,1,9,5,4,0,0,0,6,68,3,1,1,0,1293,941,6,194,192,2,7711,7695,16,100,100,0,1,100,NoArch
c6ec76e6f6ad7714c9b343acb44fd4123de7462f,1,10,14,4,0,0,0,5,106,3,1,1,0,2824,294,13,482,482,0,16380,16395,15,182,182,0,1,100,NoArch
33cdefaf2ef7d9f5292a95612b404c3712be7262,5,70,44,26,0,0,0,1,114,506,1,4,1.602506541,1504,942,7,248,247,1,7920,7719,201,116,114,2,1,99.98832185,NoArch
6110e16f286c8407b15c62dd5393e63a84651021,1,4,7,3,0,0,0,2,3,757,1,1,0,163,943,8,8,8,0,821,848,27,8,8,0,0,100,NoArch
401f768414e49dce67d0997eab0aa8bc4901f1cf,0,0,0,0,0,0,0,0,0,0,0,0,0,0,733,3,0,0,0,0,0,0,0,0,0,0,100,NoArch
0f5b406b43a59ba0942638e0e8018ea8aade8ca6,10,531,2136,1605,2,1,3,1,2,24,1,2,1.284515935,3117,1131,2,191,246,55,7781,18669,10888,84,148,64,1,99.9065748,NoArch
1c0dbd1a1e1b5276d33878839fdef3f3921e1cfd,1,16,14,2,0,0,0,3,6,1259,1,1,0,390,734,4,59,59,0,2360,2351,9,36,36,0,1,100,NoArch
fa5a18b28089ee00a5444d08eae2cacfe9dc5c45,0,0,0,0,0,0,0,0,0,0,0,0,0,0,295,3,0,0,0,0,0,0,0,0,0,1,100,NoArch
148455413e4c1ede80cdc92c8c445fc1bfa57457,1,11,0,11,0,0,0,1,2,50,1,1,0,250,296,4,25,25,0,1444,1366,78,8,8,0,0,100,NoArch
a3f85e271ab37880dabbcb90ddbc2e69bf1221b8,1,17,14,3,0,0,0,6,69,24,1,1,0,1297,944,7,194,194,0,7734,7711,23,100,100,0,1,100,NoArch
d112ad5af754a07130890b240182e10578494a78,2,259,3,256,1,0,1,1,31,25,1,2,0.177653494,311,297,5,93,68,25,2720,1340,1380,35,27,8,1,99.95913363,NoArch
392d017c6ef8a24c8684c7d5fb89bce5ac48eb0e,0,0,0,0,0,0,0,0,0,0,0,0,0,0,1195,0,0,0,0,0,0,0,0,0,0,0,100,NoArch
22807198354a81dc957e707b8b1e6e82de397fbf,3,69,65,4,0,0,0,9,138,101,1,2,1.12299234,3048,735,5,577,574,3,15587,15696,109,239,236,3,1,100,NoArch
681c1abf370aff00a2beda5b095f50cba2f8ece8,1,43,0,43,0,0,0,7,44,109,1,1,0,1081,298,6,74,73,1,7630,7343,287,35,34,1,1,100,NoArch
934eaf992311793f35fc0e442ffda810d724fff8,1,1,1,0,0,0,0,3,7,706,1,1,0,223,299,7,21,21,0,936,928,8,12,12,0,0,100,NoArch
ccaf0839daf14ccf13b225240fc85345d68b41ec,1,338,0,338,1,0,1,1,1,0,1,1,0,0,300,8,32,0,32,1636,0,1636,17,0,17,1,99.98832866,NoArch
34af42f4440979a9dee85908718857120236b495,1,70,3,67,0,0,0,5,107,34,1,1,0,2820,301,9,491,482,9,16872,16380,492,182,182,0,1,100,NoArch
ff5e7e76264af13db020e627bdf81e23e9b4fbea,1,0,58,58,0,0,0,5,108,2,1,1,0,2887,302,10,484,491,7,16412,16872,460,182,182,0,1,100,NoArch
4c3843809eecd4948919e0c1690b283e0a69748b,14,771,175,596,6,1,7,1,3,9,1,2,3.404390811,1485,1132,1,277,193,84,10565,7669,2896,116,80,36,1,99.87172012,NoArch
76537741fc017ae36fc78e2b251edfbc0bce17e8,1,6,2,4,0,0,0,8,73,111,1,1,0,1078,303,11,145,145,0,3705,3703,2,109,109,0,1,100,NoArch
0c2144c3573e79a5872ecf247d9cf46dd3f4abfe,1,14,14,0,0,0,0,2,2,224,1,1,0,89,304,12,2,1,1,434,414,20,2,1,1,0,100,NoArch
7df5c3bdccec1c09e1653f317ee15be3bc23138a,1,5,4,1,0,0,0,2,3,0,1,1,0,89,736,3,2,2,0,434,434,0,2,2,0,0,100,NoArch
8e05b7b733cb18f57fa6c95757c744adc41bb834,0,0,0,0,0,0,0,0,0,0,0,0,0,0,1133,2,0,0,0,0,0,0,0,0,0,1,100,NoArch
0be51cbfe27724da54669d80694f6cbfe4ce630f,1,30,12,18,0,0,0,6,25,1145,1,1,0,195,1134,3,33,29,4,855,765,90,10,10,0,1,100,NoArch
53b29a206bda45d6ea5aaaeaddb46e4fa0ef45ad,9,1355,17,1338,1,0,1,2,75,608,2,4,1.289055809,3415,945,1,596,434,162,25845,18423,7422,259,206,53,1,99.98252156,NoArch
90fcbc8812a760f59e502dd5bd4ec05a01a35ab6,1,7,11,4,0,0,0,9,125,157,1,1,0,1303,946,2,260,261,1,7839,7843,4,71,71,0,1,100,NoArch
8d2c079e0ce7f0704504aa2b3445a75bbadb066a,1,1,1,0,0,0,0,11,233,72,1,1,0,2179,947,3,388,387,1,11215,11211,4,106,106,0,1,100,NoArch
6687d567c7eab1c8f9876fba9b43d66c5700f257,5,375,40,335,2,0,2,1,11,231,1,2,1.752751877,777,305,10,158,135,23,4596,3404,1192,99,90,9,1,99.89521481,NoArch
f81a790ff5cb13eddb3e46360a0a7aa75b985be1,2,70,26,44,1,0,1,1,6,2564,1,2,0.988699408,99,306,11,11,8,3,564,369,195,3,2,1,1,99.98254799,NoArch
e100c92614b5233d6c7c4d94127c1d712c629cb9,0,0,0,0,0,0,0,0,0,0,0,0,0,0,307,12,0,0,0,0,0,0,0,0,0,0,100,NoArch
38666e9298cc2f71eaac5f01292343cdedad7bc6,1,1,0,1,0,0,0,2,5,1546,1,1,0,177,948,4,23,23,0,856,851,5,13,13,0,0,100,NoArch
8f7b18f96289b7f13fd630be148272c77c352a9a,0,0,0,0,0,0,0,0,0,0,0,0,0,0,1135,4,0,0,0,0,0,0,0,0,0,1,100,NoArch
64a1c9bcccc293598c2895055fe14b2a0c94edfb,1,482,920,438,0,0,0,3,4,2818,1,1,0,2570,1136,5,333,331,2,9875,9839,36,83,83,0,1,100,NoArch
2f0ef2e6706830fcadcb804621c81bb96d790aaa,1,2,1,1,0,0,0,9,82,140,1,1,0,1999,308,13,107,107,0,13085,13072,13,83,83,0,1,100,NoArch
50d3e8e09a2b7a6c0f86296da1a4b27a1687c6b6,1,36,25,11,0,0,0,5,10,204,1,1,0,131,1137,6,21,20,1,539,478,61,5,5,0,1,100,NoArch
1b9f5f6727e0e82d225536e8b9842910f517268f,6,493,12,481,3,0,3,5,15,392,1,4,2.137001113,278,1138,7,79,30,49,3093,1096,1997,40,16,24,1,99.88358556,NoArch
0ee0cb9a2206758c8878b9a947e0e30b79cf0c65,2,244,2,242,1,0,1,1,123,40,1,2,0.486780482,718,1139,8,146,123,23,4806,3765,1041,40,34,6,1,99.97670491,NoArch
fc4eb63ad8d6b6a2741ad973cd67ced1017c51c9,0,0,0,0,0,0,0,0,0,0,0,0,0,0,1140,9,0,0,0,0,0,0,0,0,0,1,100,NoArch
7dc2c4e26fc0cf2cf3fdfd28e96ab92f4134b206,2,1009,33,976,1,0,1,1,126,4,1,2,0.34428071,1299,1141,10,339,260,79,10945,7839,3106,104,71,33,1,99.98835585,NoArch
da7add92fe5328a56669c546fe198a32b1e742ed,0,0,0,0,0,0,0,0,0,0,0,0,0,0,949,5,0,0,0,0,0,0,0,0,0,1,100,NoArch
04aa9c51617bc6a857d50ad557be2bce65daf13c,1,11,1,10,0,0,0,6,26,9,1,1,0,213,950,6,36,33,3,894,855,39,12,10,2,1,100,NoArch
fb915c3dc63940c54129ff2d516cedee050eab6e,1,7,5,2,0,0,0,5,109,18,1,1,0,2829,1142,11,485,484,1,16420,16412,8,182,182,0,1,100,NoArch
81659c0e9de75bb92e5399ff700d8e182e728052,0,0,0,0,0,0,0,0,0,0,0,0,0,0,1143,12,0,0,0,0,0,0,0,0,0,1,100,NoArch
7d47880f10904cfeceaf5fde2f14c3efd10de3f0,0,0,0,0,0,0,0,0,0,0,0,0,0,0,1144,13,0,0,0,0,0,0,0,0,0,1,100,NoArch
61fdb188c82a5a548e0eaac3f40d2a8614f58fc1,1,11,3,8,0,0,0,13,229,82,1,1,0,2668,1145,14,485,482,3,11794,11742,52,234,234,0,1,100,NoArch
3df43f58866ea4c400629a7831dee3b7a073e423,1,2,1,1,0,0,0,13,230,0,1,1,0,2676,1146,15,485,485,0,11794,11794,0,234,234,0,1,100,NoArch
9287816fecd15f7f39cf9b1de592951b1068c9d2,1,2,1,1,0,0,0,10,137,103,1,1,0,2549,1147,16,344,344,0,9123,9130,7,182,182,0,1,100,NoArch
9706f654a49b35df7a9589521584759bbc577e48,1,6,5,1,0,0,0,2,4,2391,1,1,0,61,737,3,4,4,0,378,369,9,1,1,0,0,100,NoArch
47c392bad380f9b37ad1c4620f889ede9ed821d3,1,16,18,2,0,0,0,4,24,630,1,1,0,585,738,4,44,44,0,3699,3699,0,18,18,0,0,100,NoArch
f7a904ab6844a261dbfdc06d728cae6c46f66fa3,0,0,0,0,0,0,0,0,0,0,0,0,0,0,951,7,0,0,0,0,0,0,0,0,0,1,100,NoArch
bda7ccb24880de84c680a5b09d35fdbe44b3f3a0,0,0,0,0,0,0,0,0,0,0,0,0,0,0,309,14,0,0,0,0,0,0,0,0,0,1,100,NoArch
2044ade68703c39bfcce563b6e1ab57e40c09689,1,3,10,7,0,0,0,4,13,1283,1,1,0,51,952,8,0,0,0,80,80,0,0,0,0,0,100,NoArch
974f6896a453022f2a805271f100fab6098916b3,11,219,59,160,0,0,0,2,3,449,4,7,3.327832468,1652,739,4,122,122,0,6127,6174,47,62,62,0,0,100,NoArch
cf90f3b5bdd2431ac39ff8f68869646796faac22,0,0,0,0,0,0,0,0,0,0,0,0,0,0,310,15,0,0,0,0,0,0,0,0,0,1,100,NoArch
74bed6b577fcc7388922a74e15036a5729aa2e6a,5,254,93,161,0,0,0,6,231,313,1,3,1.973019649,5720,1148,16,1052,1020,32,28923,28064,859,477,468,9,1,100,NoArch
6b4d077bdf17d04f9c211612d1de58680ee9bb9f,5,172,45,127,0,0,0,3,143,43,1,3,1.753334231,3932,953,8,525,511,14,22257,21532,725,180,178,2,1,100,NoArch
fc4f01cf5d1a7714f60b70dba6dcd0ae8c26cb46,1,1,1,0,0,0,0,7,144,3,1,1,0,811,954,9,151,151,0,3902,3903,1,38,38,0,1,100,NoArch
f77b2525a51eab2524b14125f2ac9fcd5875760b,2,200,52,148,0,0,0,2,9,70,1,2,0.981748361,1009,311,13,142,127,15,7524,6328,1196,67,65,2,1,100,NoArch
740f5b36dabe549cab66cba413106afd76d83343,1,745,0,745,1,0,1,1,1,0,1,1,0,0,312,13,88,0,88,3741,0,3741,43,0,43,1,99.97089639,NoArch
739a13dc2b471bcf523bb889d8cbdbe75b05d613,1,9,7,2,0,0,0,2,6,1217,1,1,0,251,313,14,23,23,0,1579,1579,0,12,12,0,0,100,NoArch
6a670921b3b90ea96d5ecbd8767b244c07e42e37,1,13,11,2,0,0,0,6,17,232,1,1,0,132,314,12,13,13,0,700,683,17,10,10,0,0,100,NoArch
6aad9f6bed9dd32580024c679246432cc399db7e,0,0,0,0,0,0,0,0,0,0,0,0,0,0,740,4,0,0,0,0,0,0,0,0,0,1,100,NoArch
227e7ab5f5cc7bc718431a231fd962cfb668a303,0,0,0,0,0,0,0,0,0,0,0,0,0,0,315,12,0,0,0,0,0,0,0,0,0,1,100,NoArch
01b9e4bf5408476494f072cf7aebe7141ba6e340,1,16,7,9,0,0,0,3,6,285,1,1,0,701,316,13,33,33,0,3954,3898,56,25,25,0,0,100,NoArch
bb51af38e1ed608b2151152da47c50d6ea788a6b,0,0,0,0,0,0,0,0,0,0,0,0,0,0,741,5,0,0,0,0,0,0,0,0,0,0,100,NoArch
96a9fb250200b78c0b589c31281a7d1e9ab854e8,0,0,0,0,0,0,0,0,0,0,0,0,0,0,742,6,0,0,0,0,0,0,0,0,0,0,100,NoArch
b24e6959412284b64fa49557e87df92573a0d8ae,0,0,0,0,0,0,0,0,0,0,0,0,0,0,743,7,0,0,0,0,0,0,0,0,0,0,100,NoArch
710dc7bb2022e030b14c7ae03a25b64679275757,0,0,0,0,0,0,0,0,0,0,0,0,0,0,743,7,0,0,0,0,0,0,0,0,0,0,100,NoArch
0b1b932ea73df2c584a4166c45ab7674d6109d5f,0,0,0,0,0,0,0,0,0,0,0,0,0,0,317,12,0,0,0,0,0,0,0,0,0,0,100,NoArch
e5c4ffd673aa76bfbeea46c2288b75dbb4f9c2e2,2,80,5,75,0,0,0,2,4,1324,1,2,0.955511123,325,744,7,31,24,7,2938,2328,610,15,11,4,1,100,NoArch
ec87b17be013b1ddbf45c1ca91a24878f074dd2e,4,389,0,389,4,0,4,1,4,630,1,1,1.575341365,0,318,13,28,0,28,1710,0,1710,16,0,16,1,99.94764702,NoArch
e96eab52a1d8d33087b24b4ffd675bc050981987,1,9,3,6,0,0,0,1,6,840,1,1,0,294,745,8,56,51,5,1435,1378,57,16,16,0,1,100,NoArch
956724e5cd4adf609950e1160bf997418a4561f4,5,164,118,46,0,0,0,2,83,370,1,4,1.595594178,3366,319,10,214,213,1,20986,20712,274,138,137,1,1,100,NoArch
937c1e8cbc3dc95fdc35e17bc6e50b0e20b48c59,0,0,0,0,0,0,0,0,0,0,0,0,0,0,320,11,0,0,0,0,0,0,0,0,0,1,100,NoArch
3307d575286bdd2c282ac19091b1f4c1dcee067f,2,9,7,2,0,0,0,3,23,1245,1,2,0.69621226,1764,955,4,127,127,0,10760,10721,39,46,46,0,0,100,NoArch
b7e264f917584675392ba51118a4b4905aacdab9,0,0,0,0,0,0,0,0,0,0,0,0,0,0,746,7,0,0,0,0,0,0,0,0,0,0,100,NoArch
30697b4e505c77ed9c0e17720a14c78843d12c2f,0,0,0,0,0,0,0,0,0,0,0,0,0,0,748,9,0,0,0,0,0,0,0,0,0,0,100,NoArch
30697b4e505c77ed9c0e17720a14c78843d12c2f,14,651,133,518,4,0,4,2,83,735,1,8,3.060043112,5749,748,9,456,415,41,37829,35139,2690,231,210,21,0,99.94764702,NoArch
c58791882199b51e2e5be915bf72f49237437054,0,0,0,0,0,0,0,0,0,0,0,0,0,0,747,8,0,0,0,0,0,0,0,0,0,0,100,NoArch
015ac1c8a31f05742fa9b2cb3e0455bd628a7ca5,0,0,0,0,0,0,0,0,0,0,0,0,0,0,321,12,0,0,0,0,0,0,0,0,0,0,100,NoArch
92d9d1cb7a183dc9291c2caf083be8ca9a91b6b2,0,0,0,0,0,0,0,0,0,0,0,0,0,0,956,4,0,0,0,0,0,0,0,0,0,0,100,NoArch
574bd5876b927d10e651c64bbafd450bc7e9c82d,0,0,0,0,0,0,0,0,0,0,0,0,0,0,1196,0,0,0,0,0,0,0,0,0,0,0,100,NoArch
d5c86b0ae5ef8a1ff3371d337cf46c19db6dc6dd,2,51,1,50,1,0,1,1,5,592,1,2,0.74441318,199,322,11,38,32,6,917,769,148,28,24,4,1,99.97093361,NoArch
789dc9c72bc690e3822386ebb4a9100ea42bb142,4,238,31,207,2,0,2,1,13,290,1,2,1.73511905,215,323,12,44,31,13,1443,793,650,29,23,6,1,99.91864249,NoArch
9629b968ee30356478de569c04c678b9567c8037,0,0,0,0,0,0,0,0,0,0,0,0,0,0,748,4,0,0,0,0,0,0,0,0,0,1,100,NoArch
c17129154d660d9b39efcd3be0e9d6a9105712eb,0,0,0,0,0,0,0,0,0,0,0,0,0,0,324,6,0,0,0,0,0,0,0,0,0,1,100,NoArch
f13968e97ea672c3fdd20a400cb33c99d1488c88,1,3,0,3,0,0,0,2,2,646,1,1,0,97,325,7,12,12,0,454,448,6,9,9,0,0,100,NoArch
e4d90d9281a34fc8ed1c521107ad6245950367d4,1,79,0,79,0,0,0,9,84,47,1,1,0,2000,326,4,120,107,13,13503,13085,418,84,83,1,1,100,NoArch
3082a20520ac73ff954e420b0981d2c54b1bfd24,1,116,0,116,1,0,1,1,1,0,1,1,0,0,327,5,8,0,8,541,0,541,6,0,6,1,99.98838155,NoArch
53fff528a71193e3af8b7c2dfb5b63dd509fac83,2,130,0,130,1,0,1,1,5,338,1,2,0.065073075,67,328,4,12,9,3,839,239,600,6,3,3,1,98.97632758,NoArch
fa62da8601b4e66462dcf9aa6877ca22590f0e93,1,27,21,6,0,0,0,4,13,1156,1,1,0,173,329,5,14,13,1,1114,1092,22,8,7,1,1,100,NoArch
94b6b1115e55ffa2ddd79dd5f96d4a564fcec6a5,0,0,0,0,0,0,0,0,0,0,0,0,0,0,749,1,0,0,0,0,0,0,0,0,0,1,100,NoArch
1e3ea5c9c58822f91910ffc4a9054b3293350d49,2,105,27,78,0,0,0,1,4,122,1,2,0.971830004,835,1149,0,124,117,7,5703,5187,516,38,36,2,1,100,NoArch
db5798d9cc6a191361acee82e4edba4ed576d2d5,0,0,0,0,0,0,0,0,0,0,0,0,0,0,1150,1,0,0,0,0,0,0,0,0,0,0,100,NoArch
bed24fabd9502094f0816143b045bad60cac7b1b,2,49,3,46,0,0,0,1,5,197,1,2,0.391243564,515,330,6,92,81,11,3006,2731,275,50,48,2,1,100,NoArch
1b28cf1792e6eb0b2f49d46ef2d02652977ae7be,0,0,0,0,0,0,0,0,0,0,0,0,0,0,750,1,0,0,0,0,0,0,0,0,0,1,100,NoArch
144dda0308848e0ae4d7f87fb229e5ff7d107fd0,2,17,9,8,0,0,0,1,124,56,1,2,0.391243564,1022,1151,2,154,151,3,5705,5648,57,45,45,0,1,100,NoArch
8b2875e19ef5fe3955e307b5234d5011bf9acaea,1,14,10,4,0,0,0,6,11,939,1,1,0,385,957,0,56,55,1,1801,1779,22,18,18,0,1,100,NoArch
d44513a6559f5163a81e7611ad79ee125e1546ce,2,166,0,166,1,0,1,1,8,670,1,2,0.053092652,146,331,5,28,22,6,1486,577,909,17,12,5,1,99.9126485,NoArch
a1b235d275aaefedf377000d47ea2c1c26a90b44,1,8,4,4,0,0,0,9,35,197,1,1,0,513,332,6,74,72,2,2712,2696,16,9,9,0,1,100,NoArch
afcbc4e5a38bb7c978147785ebed88d8c9d5a3a6,1,174,13,161,0,0,0,2,2,2481,1,1,0,45,333,7,20,2,18,1000,127,873,13,2,11,0,99.98835449,NoArch
d1aeb04fc6950cf9041e420a2142b69e26e84138,2,155,3,152,1,0,1,3,4,638,2,2,0.31526534,100,751,2,25,12,13,1154,400,754,14,6,8,1,99.98835585,NoArch
4d43c74fd276e26946a2d4617b1c436d6c8d6162,1,0,1,1,0,0,0,1,6,15,1,1,0,282,1152,3,22,22,0,1775,1775,0,11,11,0,0,100,NoArch
7504bc7a0152282637f1eb9e0579cfa2d09f18cb,2,97,73,24,0,0,0,7,25,1037,2,2,0.983060555,510,334,8,58,55,3,2616,2462,154,21,20,1,1,100,NoArch
30f677e56a832f213a5f4989c020b1aa27ac5d95,1,3,2,1,0,0,0,2,6,26,1,1,0,441,335,7,84,84,0,2444,2440,4,44,44,0,1,100,NoArch
fd37e8c8838d1f5ef319befd619a82f005a5b8f3,5,1080,8,1072,3,0,3,1,77,120,1,4,1.717042827,485,336,8,199,84,115,8112,2672,5440,121,38,83,1,99.6017103,NoArch
eb887f1545123e5743ae67aa4ed44ca0524a6021,1,11,6,5,0,0,0,7,17,281,1,1,0,220,337,9,36,36,0,1471,1459,12,5,5,0,1,100,NoArch
3c1b477523365dac6eca3b284f46df80d05b23de,2,33,2,31,0,0,0,7,26,6,2,2,0.863120569,534,338,10,60,58,2,2847,2616,231,22,21,1,1,100,NoArch
b41b7cc8badf8f142e271960874dde97e206f942,1,31,32,1,0,0,0,3,9,293,1,1,0,539,339,11,17,17,0,3022,3013,9,15,15,0,1,100,NoArch
6d041dc2a525a54c99d93c19a70e216807d15bbc,1,9,12,3,0,0,0,5,19,271,1,1,0,365,752,3,38,38,0,1823,1829,6,19,19,0,1,100,NoArch
15f85cd768f2bc1ca21a5a283dba672beb1d1256,1,2,6,4,0,0,0,5,20,0,1,1,0,362,753,4,37,38,1,1807,1823,16,19,19,0,1,100,NoArch
64f3492c85ef8e6c1e4ab1fa6fe56d1c9f4417d2,20,1532,150,1382,2,0,2,5,125,430,1,8,3.247255713,7112,958,1,1140,993,147,41610,33901,7709,590,517,73,1,99.91751119,NoArch
f0d0ce07ab11222089a2c71a38f854115dbf2389,1,1,1,0,0,0,0,4,62,12,1,1,0,1146,959,2,153,153,0,7083,7083,0,45,45,0,1,100,NoArch
b07f31ebc6b6289673a4ea7bdc9ea18eaaf986c1,6,49,43,6,0,0,0,5,234,100,1,4,2.250636545,6413,960,3,941,941,0,33475,33438,37,369,368,1,1,100,NoArch
3adee8c076141d314e64c53bb9f8e5fb3cf96883,2,2,2,0,0,0,0,4,63,8,1,2,1,1356,961,4,191,191,0,8018,8018,0,68,68,0,1,100,NoArch
279ecfcd6d8c21000b3ecebb81efc4d513422b21,1,2,0,2,0,0,0,2,2,167,1,1,0,67,962,5,6,6,0,326,314,12,6,6,0,0,100,NoArch
1f862ba3cdc37a350566df860a81e998e6242f1a,11,1781,447,1334,6,0,6,2,10,236,1,2,2.437555225,1023,754,3,244,103,141,10476,5859,4617,137,57,80,1,99.88809706,NoArch
c0a8060ef6d7684a96d008dfa373d6a21a52ced7,1,1,1,0,0,0,0,5,14,17,1,1,0,195,963,5,33,32,1,643,637,6,24,24,0,0,100,NoArch
0a8e505b14f7c585ff0db9eac5ccf0ee31b09625,3,177,19,158,1,0,1,1,13,485,2,3,1.11720761,928,755,4,171,152,19,6128,5081,1047,71,67,4,1,99.98822421,NoArch
06a42763c5b8d9157cef80f975a60be8eb5810cf,1,6,6,0,0,0,0,1,2,1152,1,1,0,200,340,8,7,7,0,907,907,0,4,4,0,0,100,NoArch
b6fba238bb870f64f0b6926fe7408432e9844737,0,0,0,0,0,0,0,0,0,0,0,0,0,0,1153,1,0,0,0,0,0,0,0,0,0,1,100,NoArch
584c133e9da08d195a41b9177c2ca96c6dfbd894,5,392,124,268,2,0,2,1,232,382,1,3,1.830667282,3692,341,7,695,666,29,20142,18755,1387,316,303,13,1,99.95291348,NoArch
691c70d3ea58acd2d6e87549fc8d923b84963eda,1,16,0,16,0,0,0,1,2,1,1,1,0,96,342,8,16,16,0,545,545,0,5,5,0,0,100,NoArch
21a0465448180d8dab5885243cac3989d9ed30a2,0,0,0,0,0,0,0,0,0,0,0,0,0,0,343,9,0,0,0,0,0,0,0,0,0,0,100,NoArch
06949a507495e6b2e5761a11b10b8aab89a00b1b,2,87,16,71,0,0,0,1,5,10,1,2,0.994485462,1484,756,4,200,189,11,6626,6277,349,91,87,4,1,100,NoArch
c1fbf53b7291a284f63e5b1c62917b9af08f0908,1,2,1,1,0,0,0,2,3,0,1,1,0,405,964,6,35,35,0,2460,2460,0,18,18,0,1,100,NoArch
cfd28536b9b7be67f0819eb9a8adb0a7b67a23ec,1,5,3,2,0,0,0,2,4,0,1,1,0,406,757,5,36,35,1,2467,2460,7,18,18,0,1,100,NoArch
4a7f8705932ca8f511af79065d41ad76962eff9e,1,2,2,0,0,0,0,1,2,356,1,1,0,717,344,10,63,63,0,3416,3404,12,37,37,0,0,100,NoArch
a307c57e980a3289afcc465bde00718d338aa8d7,1,47,11,36,0,0,0,6,27,240,1,1,0,283,345,11,29,27,2,1932,1694,238,16,15,1,0,100,NoArch
4bba15a7638824d1e16ad3304bfd7d48b8f02518,2,84,11,73,0,0,0,9,85,223,1,2,0.887629706,2890,346,11,258,255,3,19100,18516,584,115,114,1,1,100,NoArch
ba4a9ed841a9b16c9cdf2566bafab2fccbc0cd35,2,101,58,43,0,0,0,4,21,1034,1,2,0.911877717,560,347,12,99,89,10,3727,3393,334,41,39,2,1,100,NoArch
59b38fcc43766717a923d23c410e349b32a4c9ea,2,121,7,114,1,0,1,1,138,83,1,2,0.543564443,2550,348,13,349,344,5,9626,9123,503,186,182,4,1,99.97058304,NoArch
ccf601e4e4dc4d0b934276e06d2d737e671e36a0,2,65,34,31,0,0,0,3,5,138,1,2,0.845350937,400,349,14,33,31,2,3209,2938,271,16,15,1,1,100,NoArch
b067a65444aa5b3e745b11b301b66fb4336b48b4,2,26,20,6,0,0,0,2,6,5,1,2,0.95033767,1558,758,6,201,201,0,6664,6633,31,92,91,1,1,100,NoArch
9bf65b4f097bf0a89a91e484bbf9d879474e55bb,2,7,4,3,0,0,0,2,7,0,1,2,0.439496987,1564,759,7,202,201,1,6682,6664,18,92,92,0,1,100,NoArch
dc258ab2aefd7b9973130469393584207a74b995,14,734,22,712,6,0,6,1,122,494,1,5,3.002188645,3849,965,7,749,652,97,19239,16048,3191,349,298,51,1,99.9059598,NoArch
e32d6f6645cffd479b16f5be929dd39270747173,1,4,0,4,0,0,0,2,7,48,1,1,0,281,966,8,23,22,1,1806,1775,31,12,11,1,0,100,NoArch
6f2c998b4d1cb50239a719ff305db02a0d2f23d4,1,8,4,4,0,0,0,1,2,0,1,1,0,269,967,9,41,41,0,1325,1314,11,20,20,0,1,100,NoArch
bf1f755299da651bb25ecf1e3174c24a7201ea28,1,27,9,18,0,0,0,6,55,384,1,1,0,555,350,10,98,96,2,3999,3824,175,34,34,0,1,100,NoArch
4e011e0a85b9d7638df5dd7ea9897a879c485f7d,1,6,2,4,0,0,0,3,3,170,1,1,0,111,968,10,7,7,0,382,364,18,4,4,0,0,100,NoArch
e0bb36b4b76f8a4c2a7998314c519aece231147e,2,160,1,159,0,0,0,1,50,187,1,2,0.167839502,1115,351,11,164,143,21,5798,5051,747,83,73,10,1,100,NoArch
482be54f8235c731e9b0f02454c45fd2b44f057d,2,89,2,87,0,0,0,2,18,1418,1,2,0.350563821,542,352,12,69,62,7,4187,3626,561,47,41,6,1,99.97651066,NoArch
e2e71eb3ca95d25549b1ae6b86f6bd95b2a7e4c6,1,552,803,251,0,0,0,3,3,185,1,1,0,985,353,13,75,75,0,3261,3266,5,33,33,0,0,100,NoArch
f3d84aeb1ad5140952441a0d345d21686982e240,1,15,14,1,0,0,0,3,3,1487,1,1,0,180,354,14,16,16,0,1047,1038,9,7,7,0,0,99.99412801,NoArch
32d3fd51b4aa8ce4290cf2389d1bdb2ca34d8d3f,6,98,72,26,0,1,1,2,64,19,1,2,2.186599243,1518,969,6,203,194,9,8841,8695,146,77,67,10,1,96.7416602,Arch
7fbbcf3565d024b4753a19d8ec2a9a9d963002de,1,44,1,43,0,0,0,9,127,196,1,1,0,1300,355,15,267,264,3,7970,7654,316,72,71,1,1,100,NoArch
044b11918ad4aef40142f7f716e4fa4de618d0f0,1,3,3,0,0,0,0,2,3,793,1,1,0,211,970,7,10,10,0,864,851,13,6,6,0,1,100,NoArch
dc35766d0e321f5df912bc05de039bc62fb8b492,0,0,0,0,0,0,0,0,0,0,0,0,0,0,760,4,0,0,0,0,0,0,0,0,0,1,100,NoArch
ac8c8d1bc922854dafd162665d6c0aac2c028957,6,503,11,492,4,0,4,1,16,371,1,6,2.081024057,243,971,7,88,41,47,3132,754,2378,55,29,26,1,99.78175205,NoArch
bd3154892093f5dc3197b7abc4c61606bd51cf1b,2,78,14,64,0,0,0,9,86,30,1,2,0.999659072,2963,356,15,263,258,5,19557,19100,457,117,115,2,1,100,NoArch
11497e9e987064a65ed73b03afe97df2f8a30660,1,13,12,1,0,0,0,2,2,594,1,1,0,108,357,16,7,7,0,620,614,6,4,4,0,1,100,NoArch
60624c4e38dd2b38af567eaf2e18693beb758ad8,5,44,11,33,0,0,0,5,65,328,1,5,2.033735932,3095,972,8,335,331,4,17796,17618,178,117,115,2,1,100,NoArch
41c93667dc8f731ead1d4200fc8cf2d6eb56a894,13,606,111,495,1,0,1,3,128,1692,1,4,2.768270859,7745,358,16,1235,1183,52,36488,33684,2804,535,505,30,1,99.98788466,NoArch
3813947879fc0eb4fdd59a0bfb83915722103c96,2,118,3,115,0,0,0,7,235,148,1,2,0.318855419,3289,359,9,470,461,9,19548,18790,758,144,141,3,1,100,NoArch
f90e6b9b6dc0f1596ddabe01fa03d70b99a8ed06,1,5,7,2,0,0,0,3,4,1426,1,1,0,156,360,10,10,10,0,790,790,0,4,4,0,1,100,NoArch
551efc90ecdb2e2a361dc571f08c8cf265e59309,1,2,2,0,0,0,0,1,3,395,1,1,0,137,973,8,8,8,0,769,763,6,4,4,0,0,100,NoArch
e900fb41db113dc22df96402ae93da5aea4fd51a,2,109,3,106,0,0,0,5,236,6,1,2,0.301378644,3180,974,9,458,451,7,17411,16826,585,130,129,1,1,100,NoArch
87b2920927573addf8278bdeb41740be3ffbab32,0,0,0,0,0,0,0,0,0,0,0,0,0,0,975,7,0,0,0,0,0,0,0,0,0,1,100,NoArch
b7a1883b4bbc4f70bbe42ef19f40663ecf6afb89,6,154,7,147,3,0,3,3,10,287,1,2,2.269628186,906,361,10,53,46,7,5403,4910,493,43,36,7,1,99.95156505,NoArch
1e18cf2d716751a0a049bf2057100fe4f8df27ba,1,7,0,7,0,0,0,4,14,420,1,1,0,244,362,10,47,44,3,1502,1454,48,31,30,1,0,100,NoArch
e0d264181fa573a4dd863e534962484ac894df50,1,5,2,3,0,0,0,4,5,1506,1,1,0,77,363,11,10,9,1,242,233,9,10,9,1,1,100,NoArch
ae5bd2ec3cb230f0e39c1790cb218f07276d4db1,4,309,85,224,1,0,1,1,145,155,1,2,1.51885983,2180,364,12,427,399,28,12186,10840,1346,133,117,16,1,99.98789786,NoArch
ae816dcb3fdaf22b80ed4122a552b7c0275458f6,2,94,0,94,1,0,1,1,233,36,1,2,0.25387844,2717,976,7,501,493,8,12408,11907,501,243,238,5,1,99.98790079,NoArch
902c6e98aa60c1a17b8a9b7b75a498e2ee62ceb1,3,10,10,0,0,0,0,3,5,2118,1,1,1.156779649,2855,1197,0,438,438,0,12816,12805,11,132,132,0,0,100,NoArch
bb1e246c1b122addf6ca05709d339496c082e05e,1,11,11,0,0,0,0,2,3,225,1,1,0,126,365,12,8,8,0,582,582,0,6,6,0,0,100,NoArch
a3836b562d019ad1ce637bf1341c1fc3775c7113,4,154,9,145,0,0,0,5,139,457,1,2,1.298069222,5576,366,13,757,752,5,22916,21992,924,371,366,5,1,99.99395113,NoArch
39da37d8538613cfa7d45208efe4dc950c576ac5,5,239,162,77,2,0,2,3,15,259,1,3,1.734080328,488,761,1,73,67,6,2337,2039,298,42,36,6,1,99.94562262,NoArch
da138e3fadada5806ca1c935b6855355be2563c4,6,143,8,135,2,0,2,1,5,534,1,4,2.221924333,481,762,2,72,63,9,2616,1939,677,39,33,6,1,99.90348073,NoArch
12585eb5be48e16b9c0bb56e24f4866eccbf58ed,0,0,0,0,0,0,0,0,0,0,0,0,0,0,763,3,0,0,0,0,0,0,0,0,0,1,100,NoArch
a2f59ec0adfad1908d9ac657be7bbcbd007c9639,1,4,3,1,0,0,0,3,9,20,1,1,0,749,367,11,34,34,0,4208,4204,4,26,26,0,0,100,NoArch
9e03278e696ad6d1e2bc7a1197ccb59332584037,1,1,1,0,0,0,0,6,28,71,1,1,0,319,368,12,29,29,0,1932,1932,0,16,16,0,0,100,NoArch
654320a3593fda274347af2d91f8110ef14cdca6,1,4,4,0,0,0,0,2,2,321,1,1,0,131,369,13,7,7,0,587,600,13,4,4,0,0,100,NoArch
801e26ac385cf8483770b5cbfc9c9d3b2f4ce247,0,0,0,0,0,0,0,0,0,0,0,0,0,0,370,14,0,0,0,0,0,0,0,0,0,0,100,NoArch
5d0182266fd9f27beca26a436a05a48b6835441a,1,3,1,2,0,0,0,7,20,228,1,1,0,509,371,15,27,27,0,2960,2960,0,12,12,0,0,100,NoArch
b4f21b64d427ccf174a286dc482ef36d458ad5f3,2,5,4,1,0,0,0,9,87,122,1,1,0.918295834,2372,372,16,143,143,0,15125,15117,8,95,95,0,0,100,NoArch
9601f6742e7c8929d18062d72d2b6d81a0fd9e34,1,1,1,0,0,0,0,6,24,195,1,1,0,315,373,17,51,51,0,1634,1638,4,15,15,0,1,100,NoArch
d1a0419a0284fdd40fc1a9b263ce6ea3556f565e,1,3,1,2,0,0,0,6,39,551,1,1,0,537,764,3,95,95,0,2214,2186,28,44,44,0,1,100,NoArch
b7dc057abd4a7b78b40dc0b7ab63444be8f9e2a1,1,180,0,180,1,0,1,1,1,0,1,1,0,0,374,15,10,0,10,790,0,790,10,0,10,0,99.98794164,NoArch
cb895f01b79a6e104435db68729a7ad7ace99434,8,142,26,116,1,0,1,2,234,331,2,6,2.452256526,4959,765,4,705,696,9,25028,24589,439,374,370,4,1,99.93362698,NoArch
7b231fe8d93b46c21ec012576305b0a516e9fe37,1,9,5,4,0,0,0,3,6,59,1,1,0,159,375,16,19,18,1,683,695,12,17,16,1,0,99.90346326,NoArch
fd24ab8036a996ad4be68d22a82efb5c285aeba8,0,0,0,0,0,0,0,0,0,0,0,0,0,0,376,17,0,0,0,0,0,0,0,0,0,0,100,NoArch
7308396581f27a5f4aede62b99cd785f3a5e6dde,1,4,2,2,0,0,0,5,18,482,1,1,0,177,377,17,23,23,0,602,602,0,11,11,0,1,100,NoArch
d162fa07b7af4e00bae581ad4588ca9d6caf9b82,0,0,0,0,0,0,0,0,0,0,0,0,0,0,378,18,0,0,0,0,0,0,0,0,0,1,100,NoArch
4ae6807cc277dde98f3b601d65c4edebbf1b96e4,2,41,13,28,0,0,0,2,128,1155,1,2,0.380946586,890,379,18,149,147,2,4822,4602,220,46,45,1,1,100,NoArch
425fa4736011cf093ed31b64fe60ba85876deb34,1,3,0,3,0,0,0,9,129,0,1,1,0,779,380,19,138,138,0,4097,4084,13,37,37,0,1,100,NoArch
e66967bff1fb539b3210baacf40f800a345d7288,2,8,2,6,0,0,0,2,116,139,1,2,0.721928095,1110,766,5,202,202,0,5811,5787,24,89,89,0,1,100,NoArch
ac64a722c1b46be8ef523f24c855ff54acd13e0b,1,2,25,23,0,0,0,2,4,0,1,1,0,145,767,6,10,11,1,632,762,130,8,9,1,1,100,NoArch
97ac8e22df073a4c6af9891a7165a634fc05520b,1,2,2,0,0,0,0,3,7,1343,1,1,0,41,977,2,2,2,0,85,87,2,1,1,0,1,100,NoArch
75bd4f243a19a807df8077d0901a5428969efa4e,2,18,1,17,0,0,0,4,13,1532,1,2,0.899743759,308,978,3,33,31,2,1598,1498,100,20,19,1,1,99.0832881,NoArch
f180b1d7db9d231fc8cebc9454678209e29683ea,2,61,1,60,1,0,1,2,6,767,1,1,0.205592508,62,979,4,10,5,5,410,205,205,8,4,4,0,99.96983045,NoArch
d4742f597bc23a52e98e82179b017d7e9e99fdd0,3,51,4,47,0,0,0,7,27,693,2,2,1.162218924,665,768,7,88,80,8,3863,3591,272,46,41,5,1,100,NoArch
db1f6fe2b42d6d1d505ae59618b0cbc36532cef5,15,174,40,134,1,0,1,2,73,969,1,9,2.111513966,5587,980,5,881,870,11,27446,26768,678,610,604,6,1,99.98793436,NoArch
1cd533078a04752f1d4354bf78618f1d60193ef6,0,0,0,0,0,0,0,0,0,0,0,0,0,0,769,8,0,0,0,0,0,0,0,0,0,1,100,NoArch
a5bb9bd1d792b1676884f31e5254d9e1c4fbb27c,1,6,0,6,0,0,0,1,2,2,1,1,0,139,981,5,11,11,0,746,701,45,6,6,0,1,100,NoArch
87e300add02e3e8b6549e33ff163e4f2dfed56d7,0,0,0,0,0,0,0,0,0,0,0,0,0,0,770,9,0,0,0,0,0,0,0,0,0,1,100,NoArch
f84e41611c1c25f5fc33d96570d1fb629858118b,1,2,2,0,0,0,0,1,2,20,1,1,0,180,381,19,10,10,0,790,790,0,10,10,0,0,100,NoArch
6b203be0686772d45a3b40227ba8435e221ca57f,3,33,33,0,0,0,0,2,31,515,1,1,0.930821719,1113,382,20,171,171,0,4590,4590,0,125,125,0,1,100,NoArch
ee17789e48666fb47eb6b766ae02078088db468b,0,0,0,0,0,0,0,0,0,0,0,0,0,0,383,20,0,0,0,0,0,0,0,0,0,1,100,NoArch
c4cdd516a1b8c75e0584a01261455fed8127873e,2,67,37,30,0,0,0,1,6,1520,1,2,0.939115196,476,982,6,52,47,5,2136,1973,163,30,28,2,1,99.95779319,NoArch
0f11d8c3f9f733cbf07ad64db3e394efb5c7639f,2,19,2,17,0,0,0,2,44,255,1,2,0.702466551,969,384,20,148,146,2,6121,5999,122,36,35,1,1,100,NoArch
cb27f9148dc2c5772de3cd97f37cc6f1a18ef688,0,0,0,0,0,0,0,0,0,0,0,0,0,0,771,10,0,0,0,0,0,0,0,0,0,1,100,NoArch
8aadc4b9ec2c449c167e341b23c7066b5b2d3fb4,2,36,1,35,0,0,0,3,25,32,1,2,0.571354974,1065,385,21,87,85,2,6027,5842,185,42,41,1,1,100,NoArch
7a7d68411cac46992457cd346051c50de7f7ba4f,2,202,18,184,0,0,0,4,237,734,1,2,0.074704337,2402,983,6,423,395,28,13848,12541,1307,116,110,6,1,99.987946,NoArch
bf62dc88c1da23827c21a0c3ef8f21afe27cb866,2,123,9,114,1,0,1,1,19,751,1,2,0.684038436,180,386,21,38,32,6,1671,1088,583,25,20,5,1,99.45225054,NoArch
7f89b33aa4282ff410ea52fd6518512d0186be57,2,98,48,50,0,0,0,13,235,2304,2,2,0.144506143,2915,772,9,519,511,8,12721,12529,192,247,244,3,1,100,NoArch
b5a2f7b3cb60ddf5ba961c51d495a43268dcc1c6,0,0,0,0,0,0,0,0,0,0,0,0,0,0,387,20,0,0,0,0,0,0,0,0,0,0,100,NoArch
3adc88fa94a9fc01122e26686a68314dc4680b39,0,0,0,0,0,0,0,0,0,0,0,0,0,0,388,21,0,0,0,0,0,0,0,0,0,0,100,NoArch
ed58e9a05d86b913dd4bd9c4b1800a1da89983e3,3,104,79,25,0,0,0,5,236,518,2,3,0.17360681,3082,773,10,536,530,6,13095,13001,94,259,255,4,1,100,NoArch
eebe1358d23859d872c4aae38681262e8fcd6b22,2,14,15,1,0,0,0,5,237,0,1,2,0.362051252,2910,774,11,519,519,0,12473,12478,5,253,253,0,1,100,NoArch
f135b7ab7672323fa176d1f403f1401758a3bd65,1,10,2,8,0,0,0,1,3,3258,1,1,0,42,984,7,5,4,1,177,127,50,3,2,1,0,100,NoArch
3c4848b8a5582ae510d60da7b786eee7200b456e,4,22,2,20,0,0,0,4,238,1067,3,3,1.528368899,3412,775,11,562,556,6,14666,14513,153,278,277,1,1,99.98235398,NoArch
62a6e358c84230548d3e847432a06df230ca251b,0,0,0,0,0,0,0,0,0,0,0,0,0,0,985,8,0,0,0,0,0,0,0,0,0,0,100,NoArch
6bec2aabb5f85450fc2ae9ff2d350af138434759,1,2,3,1,0,0,0,2,2,1046,1,1,0,202,986,9,12,12,0,1180,1180,0,7,7,0,0,100,NoArch
d301b4163833ddd4d75938b730e1a65891fe37ec,1,2,2,0,0,0,0,13,239,2,1,1,0,2791,776,11,508,508,0,12193,12193,0,245,245,0,1,100,NoArch
c33231bd439f02e8651d28f16ad273fa5eed384d,3,49,2,47,0,0,0,6,140,152,1,2,1.558087097,3833,777,12,529,520,9,13849,13630,219,325,316,9,1,99.68493639,NoArch
0227c081120108b912bcb8898b83c2c4b5bb0119,3,172,0,172,1,0,1,1,124,137,1,3,0.490044434,2765,389,14,561,550,11,13687,12770,917,155,150,5,1,99.71124346,NoArch
51927e6f8926201a7eb0a81ba2832af4a72ce7a1,1,10,12,2,0,0,0,7,27,157,1,1,0,384,778,13,53,52,1,1784,1761,23,14,15,1,1,100,NoArch
0051c4ea6f579cab730d89364d0a53b043a90995,1,6,1,5,0,0,0,13,240,12,1,1,0,2791,987,10,509,508,1,12227,12193,34,245,245,0,1,100,NoArch
edf5f64982a23c757e967c3519aa2bc9a380a155,1,1,1,0,0,0,0,1,4,15,1,1,0,50,988,11,5,5,0,177,177,0,3,3,0,0,100,NoArch
0de65c196311978250aab62e2b77d7bdd236818e,0,0,0,0,0,0,0,0,0,0,0,0,0,0,390,13,0,0,0,0,0,0,0,0,0,1,100,NoArch
14e636b74811136d7ded0cae16d74ed19058456a,2,147,7,140,1,0,1,1,117,5,1,2,0.66974162,1317,391,10,319,300,19,6923,6244,679,95,86,9,1,99.98795616,NoArch
a54fa4b17aef4bb479426c9582e545e9f2c9c16f,6,96,31,65,0,0,0,9,88,110,1,2,2.217069748,4480,779,11,421,415,6,27972,27594,378,197,193,4,1,99.96386413,NoArch
83760fdcd028d468410b410bd3270b1b95a7327a,2,222,0,222,2,0,2,1,1,0,1,1,0.918295834,0,1198,0,27,0,27,1103,0,1103,20,0,20,1,99.96988677,NoArch
6da702be236fcd76f33497263193cbca5d5bb5f7,3,20,6,14,0,0,0,2,141,10,1,2,1.334679141,3775,392,11,502,500,2,13570,13566,4,304,303,1,1,100,NoArch
6b305ba49873fdf7fe782ab1bba42c3838cfe746,2,15,16,1,0,0,0,2,18,733,1,2,0.458685816,329,1199,1,39,35,4,1269,1197,72,15,15,0,1,100,NoArch
e3fcf71ca64f3be62c008fd64cdd29f3d4c93278,3,36,1,35,0,0,0,6,142,5,1,2,1.577662373,3896,780,11,538,531,7,14042,13891,151,332,326,6,1,100,NoArch
9cda4262e96a31a2bee1f3271030da0341f452c2,1,1,0,1,0,0,0,8,78,0,1,1,0,1130,781,12,153,153,0,3930,3914,16,117,117,0,1,100,NoArch
633d5ea043acf859e511256e7257ad8d20f89768,0,0,0,0,0,0,0,0,0,0,0,0,0,0,1200,2,0,0,0,0,0,0,0,0,0,0,100,NoArch
27a74d381ba0650e2ae0d19fc84bc8c332d23d11,2,217,9,208,0,0,0,3,46,2,1,2,0.241480102,1661,393,12,177,172,5,11441,9937,1504,59,57,2,1,99.45819036,NoArch
fefb228698a4ed478c975d5ec624539f0deb972e,3,14,9,5,0,0,0,2,79,1,1,2,0.966451629,1352,394,13,180,180,0,5082,5019,63,137,137,0,1,100,NoArch
78529d4eaf193d064fd597ed45b2a8a696aa2dad,1,20,1,19,0,0,0,3,7,122,1,1,0,105,989,5,16,14,2,548,499,49,6,6,0,0,100,NoArch
c9b49d8b07f34ead08aa501a0b9c5e4100c00e74,4,49,20,29,0,0,0,2,143,399,1,4,1.228493522,4590,990,6,723,720,3,19750,19612,138,320,320,0,1,100,NoArch
79bce92c33c5b519ecbeda0e7ea50a16b559ef47,2,37,10,27,0,0,0,4,22,146,1,2,0.878674493,603,395,8,108,99,9,3945,3727,218,46,41,5,1,100,NoArch
3eed7793786109831b932127ce57148ce47d8585,2,16,7,9,0,0,0,6,16,2936,1,1,0.965636133,318,396,9,39,38,1,1777,1707,70,23,22,1,1,100,NoArch
91ac82a83cd8940b1afea43a4cf315376a03ab71,1,52,0,52,0,0,0,3,24,270,1,1,0,1657,991,7,125,120,5,10752,10341,411,44,43,1,0,100,NoArch
6f92d5f8b937c41206d6bbdc8205743aa8eb506a,1,22,0,22,0,0,0,2,8,850,1,1,0,111,782,10,18,15,3,565,455,110,14,13,1,1,100,NoArch
8e60ca9a90e275d6243778b065f2e072c5b8a014,3,55,6,49,0,0,0,2,25,831,2,3,1.049830216,3074,992,8,326,320,6,19541,19105,436,116,115,1,1,100,NoArch
99f044574d30d08ee02aea45fd0e19ee7344197c,1,48,36,12,0,0,0,5,12,1614,1,1,0,438,397,8,23,23,0,2856,2779,77,19,19,0,1,100,NoArch
e0776ff0208d8570351202ab15baada0eba014b2,0,0,0,0,0,0,0,0,0,0,0,0,0,0,398,9,0,0,0,0,0,0,0,0,0,1,100,NoArch
378d7a606b66a2e5f5fcf06f8f19bf8866e7007e,0,0,0,0,0,0,0,0,0,0,0,0,0,0,993,6,0,0,0,0,0,0,0,0,0,1,100,NoArch
c7fcceac0e9167f2fd0803f8d1c70ada6c55c22f,1,13,6,7,0,0,0,1,3,800,1,1,0,112,399,10,9,9,0,599,550,49,4,4,0,0,100,NoArch
205d02598d8da8c975ead6614f5ab3636035099e,2,18,13,5,0,0,0,1,118,42,1,2,0.554778163,1457,400,8,320,319,1,6962,6923,39,95,95,0,1,100,NoArch
b6e82fec921cc7e5c75d13998b3e70286833f8fc,1,11,2,9,0,0,0,3,3,1723,1,1,0,146,401,9,7,6,1,868,843,25,4,4,0,0,100,NoArch
ca15308b3fe229e4ac9cdfda48be75e61ca37d6b,1,1,1,0,0,0,0,7,119,0,1,1,0,1335,402,10,305,304,1,6346,6343,3,86,86,0,0,100,NoArch
46e8e17295ff8d24c0bae61ab959e3763c5b895e,0,0,0,0,0,0,0,0,0,0,0,0,0,0,403,11,0,0,0,0,0,0,0,0,0,0,100,NoArch
0a676e5ffbccc7be613bf0bc3b6e3e475ce49b6e,1,45,47,2,0,0,0,3,4,567,1,1,0,154,404,12,9,9,0,690,684,6,6,6,0,0,100,NoArch
d45dedbd23e162f26cb8f1d59d139c389880cafb,1,12,7,5,0,0,0,6,7,1137,1,1,0,102,1154,0,3,3,0,491,564,73,3,3,0,1,100,NoArch
e28b55c14202a538a5d60db581c40f2939c485d1,1,36,33,3,0,0,0,2,4,543,1,1,0,199,405,12,33,32,1,1145,1120,25,17,17,0,0,100,NoArch
fc0b3599731442be6256c0bc9e2925151fd5cfac,1,2,1,1,0,0,0,6,18,326,1,1,0,134,783,1,13,13,0,712,700,12,10,10,0,0,100,NoArch
39e20d041596df023044a8799c5cb862d84d4c66,2,249,3,246,1,0,1,1,125,30,1,2,0.41381685,1463,8,0,272,252,20,7653,6626,1027,76,64,12,1,99.59119875,NoArch
60383038d3e069dc1e72fef7753ee8a06907643a,1,192,127,65,0,0,0,2,2,0,1,1,0,231,406,11,22,18,4,1434,996,438,10,12,2,0,99.60928108,NoArch
60832c0b2d58c0977c2ba90afdb5d7fb40a9350d,0,0,0,0,0,0,0,0,0,0,0,0,0,0,407,12,0,0,0,0,0,0,0,0,0,0,100,NoArch
38e5c0829a3c8051841be416ec432dadae0dcf4a,1,0,1,1,0,0,0,10,144,41,1,1,0,2610,784,2,353,353,0,9314,9323,9,189,189,0,1,100,NoArch
ce50e287acde240587ab81f8482e25cd512925b1,1,1,1,0,0,0,0,7,120,19,1,1,0,1335,785,3,306,305,1,6353,6346,7,86,86,0,1,100,NoArch
a60442458ed5041b28239fa208580ceee8c5efaf,3,11,4,7,0,0,0,2,110,422,1,2,1.530124965,4378,786,4,702,701,1,25878,25796,82,291,291,0,1,100,NoArch
faa8d79b82d37a3e33ab03db5d2e86ed62f6071f,1,1,1,0,0,0,0,9,36,248,1,1,0,517,787,4,74,74,0,2715,2712,3,9,9,0,1,100,NoArch
c6f9db8bfcc8c9f992817943f992203d3da86bf6,1,14,0,14,0,0,0,2,6,116,1,1,0,98,788,5,12,9,3,514,440,74,9,7,2,1,99.99398243,NoArch
3c39db8cce4a696e58417e7b5fc9892fd2667e8f,2,190,0,190,1,0,1,1,146,68,1,2,0.084262429,821,408,9,167,153,14,4910,3947,963,48,39,9,1,99.98796631,NoArch
e49f5d9ff85f833bd3a400bd82f0a4cf7c7a10a4,1,44,46,2,0,0,0,5,7,96,1,1,0,251,409,10,31,31,0,880,917,37,17,17,0,1,100,NoArch
2027c877915a6dcd2505cd155f7223915b244450,1,4,0,4,0,0,0,2,2,4760,1,1,0,76,789,6,4,4,0,335,277,58,4,4,0,0,99.96991395,NoArch
030d09b8161fa0c2ab4fb79480cf24e43cb7fde5,2,125,23,102,0,0,0,3,13,830,1,2,0.213026057,853,410,10,117,103,14,6294,5604,690,46,44,2,1,100,NoArch
7e206615b80b95f377a5e62401be8d69f658a09c,1,1,1,0,0,0,0,3,14,1,1,1,0,682,994,0,86,86,0,4582,4582,0,24,24,0,1,100,NoArch
3fa927554c01ddd5382feafb69620a88702396d2,1,3,11,8,0,0,0,9,129,178,1,1,0,1346,995,1,266,268,2,7958,7988,30,70,72,2,1,100,NoArch
a526a60abd75985ab8b454715b803572c8765520,1,14,14,0,0,0,0,11,238,104,1,1,0,2166,996,2,384,385,1,11149,11155,6,106,106,0,1,100,NoArch
dfbdbf6a5030c4fa9f5ced391f4190f2df02e0ff,0,0,0,0,0,0,0,0,0,0,0,0,0,0,790,7,0,0,0,0,0,0,0,0,0,1,100,NoArch
ba9037ca65abd4d7657971555c65d4fada710c7c,2,64,0,64,0,0,0,3,15,2921,1,2,0.116115075,404,997,3,36,32,4,2347,1926,421,14,13,1,1,99.57318906,NoArch
4bace216b91c9f8244976305f462fd212b0e20c3,2,12,5,7,0,0,0,5,26,296,2,2,0.787126586,1492,411,8,223,223,0,6865,6807,58,113,113,0,1,100,NoArch
6c73104152a046b0c807fe4819c1eede40b86ad7,1,1,1,0,0,0,0,8,71,795,1,1,0,704,998,4,105,105,0,2614,2606,8,55,55,0,0,100,NoArch
5ed1ce50da9b53aebb1d6f83f5c7c339c7c41fec,1,1,1,0,0,0,0,2,16,246,1,1,0,161,999,5,9,9,0,817,817,0,4,4,0,1,100,NoArch
86e9527e1fc7c9a17493073c418a924a740951be,2,26,0,26,0,0,0,2,15,804,1,2,0.779349837,407,791,8,79,76,3,1764,1574,190,47,45,2,1,100,NoArch
705a8779816a02a56b45c35869c80513982f57c0,1,5,1,4,0,0,0,6,41,884,1,1,0,687,1000,6,174,173,1,3791,3763,28,49,49,0,0,100,NoArch
c55f6a84d7d57df248a9a9f1492b3ecdc895a0a5,3,17,4,13,0,0,0,2,66,580,1,2,1.246705213,1807,1001,7,222,223,1,10818,10752,66,78,78,0,1,100,NoArch
6ce59ed1b093c72933b52914f5bab4d0093d544c,2,112,1,111,1,0,1,1,147,10,1,2,0.299411329,823,412,4,157,153,4,4497,3961,536,42,39,3,1,99.98198847,NoArch
53f07b0a75af365aaeccfb024f88c7acd6968760,1,0,39,39,0,0,0,3,15,19,1,1,0,682,413,5,83,86,3,4335,4582,247,23,24,1,1,100,NoArch
9b0316b9b4a92b99fb43d59d3a2fda4c1713c215,5,16,18,2,0,0,0,2,7,158,1,4,1.602991559,461,792,6,38,39,1,2105,2053,52,25,27,2,1,100,NoArch
00bdf0044a275c1d766ded913e1ca67a30667d7d,2,21,0,21,0,0,0,5,16,815,1,1,0.702466551,739,793,6,140,136,4,2437,2367,70,85,82,3,1,100,NoArch
d41f40a051d664c16f14f98d7986a0190913da5a,5,271,10,261,1,0,1,1,239,141,1,5,0.494088421,3805,1002,8,563,538,25,21413,20023,1390,177,163,14,1,99.95798572,NoArch
b496c0a38c11c56ffd56a4c45b8c83fc5591776a,3,23,21,2,0,0,0,6,12,408,1,1,1.118078209,849,1003,9,146,143,3,3777,3751,26,94,92,2,1,100,NoArch
3a3416caa76ccc43d102158762b8559e9368e00a,2,57,16,41,1,0,1,7,8,28,1,1,0.913661787,107,3,0,4,3,1,724,491,233,4,3,1,1,99.97600048,NoArch
d3ce3d8e4a60fe1c3833daf9fcd20a7dd9a189fc,1,3,1,2,0,0,0,5,13,1637,1,1,0,175,9,0,17,17,0,810,797,13,14,14,0,0,100,NoArch
795a203c036b9d7c39c971067cdef39c4e9dbb0f,0,0,0,0,0,0,0,0,0,0,0,0,0,0,9,0,0,0,0,0,0,0,0,0,0,1,100,NoArch
bcc9e02e932388ea98391f7609be2119ec39822b,0,0,0,0,0,0,0,0,0,0,0,0,0,0,10,1,0,0,0,0,0,0,0,0,0,0,100,NoArch
6175dc463945fc5c5562673ba7b6290c57139c1b,1,47,10,37,0,0,0,2,7,360,1,1,0,300,414,6,61,56,5,1584,1435,149,18,16,2,1,100,NoArch
935265529f662e49f7c9aebdf59630198f826999,1,14,11,3,0,0,0,2,2,202,1,1,0,329,1004,10,30,30,0,2077,2053,24,16,16,0,0,100,NoArch
99be769f9692e64ed8477f10d43d98e5fbafd2c3,2,3,4,1,0,0,0,2,48,849,1,2,0.863120569,614,1005,11,99,99,0,3045,3049,4,33,33,0,1,100,NoArch
324ab99afad92d880e72fcbd937f479f8e87af3b,1,8,7,1,0,0,0,2,8,2,1,1,0,337,415,7,61,61,0,1592,1584,8,18,18,0,1,100,NoArch
8fc47c6abfbe1e70683cdf9d851016b20e4b7a75,2,43,14,29,0,0,0,7,12,547,1,1,0.428810965,494,4,1,83,77,6,1995,1896,99,42,39,3,1,100,NoArch
dd2556bc91f522885ac2a874a2971af3535da696,4,32,11,21,0,0,0,3,13,1042,1,2,1.317899973,712,5,2,80,76,4,2567,2486,81,44,42,2,1,100,NoArch
6ce702d4cff8f6a1679817eb18f5c2a3d454ee65,13,355,111,244,4,0,4,1,111,245,1,6,3.222298801,5096,794,6,829,817,12,26238,25527,711,390,381,9,1,99.93404485,NoArch
b080d5fe21e1fa5fff9eabeabf942e6d38db982f,1,11,1,10,0,0,0,9,86,505,1,1,0,2067,6,3,194,193,1,5852,5844,8,104,104,0,1,100,NoArch
f5178cc73ffcd480f7303ecb77d2f393f5d7eb9f,3,6,3,3,0,0,0,5,33,0,1,3,1.392147224,781,795,7,97,97,0,2270,2259,11,86,86,0,1,99.97602781,NoArch
a639794c080502cf51841095dd16288e542c066e,0,0,0,0,0,0,0,0,0,0,0,0,0,0,7,4,0,0,0,0,0,0,0,0,0,0,100,NoArch
80242339ec4cae44be57fa863392ff0959f2b734,0,0,0,0,0,0,0,0,0,0,0,0,0,0,416,8,0,0,0,0,0,0,0,0,0,1,100,NoArch
d6025b8a092418951a1ba3c7d06a147a9a429815,0,0,0,0,0,0,0,0,0,0,0,0,0,0,8,5,0,0,0,0,0,0,0,0,0,0,100,NoArch
eea9fca04dfc7ca5868a04f1812d294b600e65b9,2,40,4,36,0,0,0,7,241,139,1,2,0.902393283,3335,9,6,608,604,4,14559,14441,118,291,289,2,1,100,NoArch
1e57750dd6204434880a9000c5c3df5cf6f3cb44,2,41,14,27,0,0,0,2,14,862,1,2,0.988283611,319,796,7,41,35,6,1424,1281,143,17,17,0,1,100,NoArch
ee2069f85ccc02b48ea1740d40f66ce1aa028652,2,54,34,20,0,0,0,4,18,2306,1,2,0.773226674,620,797,8,62,60,2,3039,2837,202,23,23,0,1,100,NoArch
30920516991f89c39dfe18577840790197166d89,1,23,12,11,0,0,0,7,41,0,1,1,0,567,10,7,100,99,1,2393,2301,92,46,46,0,1,100,NoArch
0e724cd53f554a53a3566a3ecd8c09c5b4bedae9,1,12,5,7,0,0,0,2,8,5545,1,1,0,32,11,8,2,2,0,152,79,73,2,2,0,1,100,NoArch
4b44d3129c40e2a53b57505f58314038918cc256,8,22,13,9,0,0,0,6,242,892,1,5,2.917851862,5734,12,9,1014,1014,0,27387,27292,95,473,473,0,1,100,NoArch
ca728c095852ee0410e58341cc34b6d9508cc147,1,3,7,4,0,0,0,14,243,0,1,1,0,2805,13,10,509,509,0,12268,12268,0,245,245,0,1,100,NoArch
12e25bd84937c19fa21995233a8d5dae20769884,0,0,0,0,0,0,0,0,0,0,0,0,0,0,14,11,0,0,0,0,0,0,0,0,0,1,100,NoArch
8e43091a45f97136a56f4aa7d026a5d0b8ec6a6c,0,0,0,0,0,0,0,0,0,0,0,0,0,0,15,12,0,0,0,0,0,0,0,0,0,1,100,NoArch
5abbfc22005ce391b360d9f21f34349f63367644,0,0,0,0,0,0,0,0,0,0,0,0,0,0,16,13,0,0,0,0,0,0,0,0,0,1,100,NoArch
15b27399e8b26767e68d6c71879cb4cc1a890d9c,1,3,3,0,0,0,0,5,8,656,1,1,0,84,17,14,5,5,0,398,398,0,5,5,0,1,100,NoArch
83eb01188a9a563a43bb919871b9ce46482531a2,1,1,0,1,0,0,0,3,17,995,1,1,0,220,18,15,11,11,0,1388,1378,10,9,9,0,1,100,NoArch
5cbdddae98414da9d352c1ef02302378688423b0,2,15,12,3,0,0,0,6,7,1449,1,2,0.99107606,288,19,16,33,35,2,1209,1165,44,22,22,0,1,100,NoArch
b186513b056286c906bab1955c77424858a5e314,1,15,16,1,0,0,0,6,30,2,1,1,0,344,20,17,72,70,2,2066,2035,31,17,17,0,1,100,NoArch
bed42a27c606cf9133eb874bb934ce7dfa5004d6,1,72,0,72,1,0,1,1,1,0,1,1,0,0,21,18,2,0,2,370,0,370,2,0,2,1,99.97603212,NoArch
e85a8bd11c6801f2fb5086abdaa5259c5e69a116,5,143,136,7,2,2,4,1,31,531,1,2,2.238268507,475,22,19,87,84,3,2647,3048,401,21,23,2,1,99.95207285,NoArch
99088c7ba62dde3cca2d4f5c2e093ee01c92192e,0,0,0,0,0,0,0,0,0,0,0,0,0,0,798,8,0,0,0,0,0,0,0,0,0,1,100,NoArch
f344696a4aed866f7536c7f4ae8c2c9776433ecd,2,4,1,3,0,0,0,5,14,1642,1,2,0.970950594,686,799,9,55,55,0,3339,3321,18,32,32,0,0,100,NoArch
8f207568aa7892717cb626cbe4890f0a87edbeb3,1,2,0,2,0,0,0,2,2,1187,1,1,0,99,23,20,12,12,0,509,502,7,9,9,0,0,100,NoArch
fa41f89ad8963c355919e0a755b5f5add43afd23,0,0,0,0,0,0,0,0,0,0,0,0,0,0,24,21,0,0,0,0,0,0,0,0,0,0,100,NoArch
ad5e969bb1c2b1e52e2a158746f71aa3917e5e53,0,0,0,0,0,0,0,0,0,0,0,0,0,0,25,22,0,0,0,0,0,0,0,0,0,0,100,NoArch
eaac0d2eeec247e2d001eda3ed1e93b40cf50ab7,7,50,21,29,0,0,0,2,112,732,2,4,1.83864618,5872,1006,9,814,812,2,33627,33440,187,327,326,1,1,100,NoArch
640424727d0db68047dd16701e3e03bc4ef2b680,2,10,0,10,0,0,0,3,6,1646,1,1,0.970950594,67,1007,9,4,2,2,198,180,18,4,2,2,1,100,NoArch
5c61d97b20254e8c4516e4b1cc4ee0a6b5f63a13,1,2,1,1,0,0,0,9,130,44,1,1,0,1338,1008,10,266,266,0,7954,7958,4,70,70,0,1,100,NoArch
446cb26e38c6bcb88806405387c0e67759d19df1,0,0,0,0,0,0,0,0,0,0,0,0,0,0,1009,10,0,0,0,0,0,0,0,0,0,1,100,NoArch
c30dd0c0bacf5d2ab2ed4c640da3f4997adf164b,1,1,14,13,0,0,0,9,80,122,1,1,0,1133,26,23,153,153,0,3877,3955,78,117,117,0,1,100,NoArch
0b01996efb0e1866415a8bee694daafd684b6ca8,4,28,26,2,0,0,0,5,131,700,1,3,1.877722275,1810,27,24,338,337,1,9799,9784,15,123,122,1,1,97.05409748,Arch
2251ba0796659fd2eaa28a3621dde13bb779f330,1,46,6,40,0,0,0,14,244,12,1,1,0,2801,417,5,517,509,8,12459,12268,191,247,245,2,1,100,NoArch
287f69db4d4e7f19769cd59cc23e336bfa8cdb7c,7,431,5,426,4,0,4,1,23,442,1,3,2.366551841,469,28,25,108,65,43,3092,1528,1564,54,37,17,1,99.9515926,NoArch
5bf13b064e67dbb81c46cbd84c50d46ed1a7b816,1,1,1,0,0,0,0,5,16,509,1,1,0,489,29,26,81,81,0,2648,2648,0,49,49,0,0,100,NoArch
b32dbb3f4717d04ce6b483a1617efc60e89124b2,1,57,9,48,0,0,0,2,4,27,1,1,0,206,800,8,25,20,5,1275,1000,275,17,13,4,1,99.99516113,NoArch
6c1676b59fcd7d46ed4ea9c5c1d6ef77f9bbd779,13,148,71,77,0,0,0,1,245,293,1,12,2.650457097,14767,30,27,2472,2462,10,69035,68712,323,1010,1005,5,1,99.9854827,NoArch
f4de9a66ae9de165f27dd2aa5803b536e88db6d8,1,46,0,46,1,0,1,1,1,0,1,1,0,0,801,9,3,0,3,156,0,156,3,0,3,1,99.98064735,NoArch
a00f23584220923ea768740ec7c71fc14422bccb,0,0,0,0,0,0,0,0,0,0,0,0,0,0,802,10,0,0,0,0,0,0,0,0,0,1,100,NoArch
97f03d43ddaf17f5d4c463dc8e9fddbf02ed5843,2,2,2,0,0,0,0,7,68,20,1,1,1,940,803,11,160,160,0,4321,4321,0,85,85,0,1,100,NoArch
8530111cad5fd108398242831d343328a34b61b4,2,3,3,0,0,0,0,7,21,213,1,2,0.918295834,578,804,12,35,35,0,3257,3257,0,17,17,0,1,100,NoArch
8a01c5d16a051541df404683e6d8ae71bc6240be,10,160,113,47,0,0,0,1,141,479,1,8,2.880801396,5925,31,28,1126,1122,4,27702,27555,147,421,420,1,1,99.98548832,NoArch
4e1989247e9644211b5e290192a8b8e67bbc817d,1,3,2,1,0,0,0,8,52,0,1,1,0,412,32,29,82,82,0,1686,1685,1,36,36,0,1,100,NoArch
aa6a6d73e5d85250ff40f4c7562a541411314273,1,5,10,5,0,0,0,4,8,566,1,1,0,160,33,30,4,5,1,661,688,27,2,2,0,1,99.98548762,NoArch
35f15ac8a18c766a011c6e47d37eb9d61a35a906,3,10,11,1,0,0,0,6,22,810,1,1,1.35666952,409,34,31,53,52,1,1500,1531,31,32,31,1,1,100,NoArch
4507966460d46dffb44c01c2b1a9cd1e1d677dab,0,0,0,0,0,0,0,0,0,0,0,0,0,0,35,32,0,0,0,0,0,0,0,0,0,0,100,NoArch
5b4fe6e05fc34759900c81579662170923510097,1,13,11,2,0,0,0,14,246,4,1,1,0,2841,36,33,518,517,1,12474,12466,8,247,247,0,1,100,NoArch
f4c54db2a85a360598fa7e693abab01aba0e0a96,1,2,1,1,0,0,0,7,12,323,1,1,0,389,37,34,57,56,1,1810,1801,9,18,18,0,1,100,NoArch
aec27626d50543c54c03384edab20ff10ed6ffc3,1,1,1,0,0,0,0,6,25,532,1,1,0,340,38,35,41,41,0,1260,1257,3,21,21,0,1,100,NoArch
eea45cc978346e1c666265e8a22e01c26f3f71f4,1,23,10,13,0,0,0,7,42,23,1,1,0,578,39,36,105,100,5,2482,2393,89,46,46,0,1,100,NoArch
c70d97fddb3a3f0371e3af6188a97957079214c4,3,10,5,5,0,0,0,3,9,1986,1,1,1.399581231,291,40,37,37,37,0,893,863,30,24,24,0,1,100,NoArch
f272fc1df5ddaea7970ca5ae7a76b74bd617e97b,1,22,3,19,0,0,0,7,43,6,1,1,0,591,41,38,108,105,3,2611,2482,129,46,46,0,0,100,NoArch
688c4f7946e36843d9c5a21946404ac43eaabe2a,1,31,44,13,0,0,0,7,44,0,1,1,0,610,42,39,105,108,3,2501,2611,110,46,46,0,1,100,NoArch
6e0aa4fb80118eda6680a69f71cb5608d76fb810,1,20,18,2,0,0,0,7,29,33,1,1,0,221,43,40,33,35,2,904,926,22,10,10,0,1,100,NoArch
d97951ed6924567c143ac29b24e8b551b14c79f6,1,1,1,0,0,0,0,7,73,13,1,1,0,1315,418,4,198,197,1,7857,7851,6,100,100,0,1,100,NoArch
8a0dd39fb04523d4797b761ede5784dc5c7dbe86,1,2,0,2,0,0,0,6,13,122,1,1,0,450,44,41,23,23,0,2862,2856,6,19,19,0,0,100,NoArch
ece2e17b191ac25a1f7facb5ab9270f04aadbe8a,1,1,1,0,0,0,0,7,45,2,1,1,0,597,45,42,106,105,1,2505,2501,4,46,46,0,1,100,NoArch
14dcc2a503db405b3f811bbcbc46a09990ff0f53,1,2,0,2,0,0,0,3,9,853,1,1,0,344,46,43,26,26,0,1988,1976,12,4,4,0,0,100,NoArch
b968c0c9b2147b629523aab685e1bda17558427b,1,6,6,0,0,0,0,3,7,1718,1,1,0,93,47,44,3,3,0,395,383,12,3,3,0,0,100,NoArch
49bb4bf49468b09bd842e47cee8634678b0349a6,2,5,3,2,0,0,0,3,7,1079,1,2,0.954434003,361,48,45,29,29,0,2231,2231,0,18,18,0,0,100,NoArch
f2225c2f125fa178f1fc998ad52781ae6e156289,3,30,0,30,0,0,0,8,247,129,1,2,1.312555988,3591,49,45,611,607,4,15880,15758,122,318,316,2,1,100,NoArch
aaf03576ee287b4f43d0dd28643948c8730d41c3,2,20,3,17,0,0,0,1,8,122,1,2,0.828055725,504,1010,6,53,52,1,2202,2099,103,31,30,1,1,100,NoArch
170b86a86181a38d7afecb867221aa6b8996e205,14,316,179,137,2,0,2,2,113,475,1,8,2.823340451,5834,805,11,886,881,5,29843,29471,372,457,453,4,1,99.92743808,NoArch
215dd18196d4314d2b0d98b675fa32bfa3108496,1,11,2,9,0,0,0,3,16,62,1,1,0,359,1011,7,21,21,0,1841,1782,59,10,10,0,1,100,NoArch
a59c9baaf546b13a9355e858d9043428c8556ad0,19,876,425,451,1,1,2,4,14,1364,1,2,3.105129594,2374,419,4,341,335,6,10531,9198,1333,231,224,7,1,99.94194204,NoArch
6da942706e97797292d1b89597ca54a5917e5f4e,0,0,0,0,0,0,0,0,0,0,0,0,0,0,50,46,0,0,0,0,0,0,0,0,0,1,100,NoArch
8a300c17b606fa1288e486d95f9a47ab88c1d2f4,0,0,0,0,0,0,0,0,0,0,0,0,0,0,51,47,0,0,0,0,0,0,0,0,0,1,100,NoArch
13222cd4a4c8913a20ea742964a35f7167fbaf59,0,0,0,0,0,0,0,0,0,0,0,0,0,0,52,48,0,0,0,0,0,0,0,0,0,0,100,NoArch
5453b26eb8e61c6ce626e3375421a687bbb84a00,1,8,6,2,0,0,0,14,248,2,1,1,0,2862,53,49,522,521,1,12578,12570,8,248,248,0,1,100,NoArch
f830d96b8bcf98055dcf34fbf6b388bd5a1a9a02,1,94,48,46,0,0,0,6,14,3,1,1,0,452,54,50,32,23,9,3019,2862,157,20,19,1,0,100,NoArch
9ddfd8008e717cd4acffed64844847b47a1bd21d,0,0,0,0,0,0,0,0,0,0,0,0,0,0,55,51,0,0,0,0,0,0,0,0,0,1,100,NoArch
d4ee73fe10ac456b55d8bc50e200339fb79f2d0a,11,3,40,37,0,0,0,2,20,1964,1,5,3.332332196,1468,56,52,186,186,0,6256,6256,0,93,93,0,0,100,NoArch
4260034561f145482395824acf9f286091fda05b,1,5,2,3,0,0,0,14,249,6,1,1,0,2864,57,47,522,522,0,12606,12578,28,248,248,0,1,100,NoArch
dd8899e1732bb4220c4431c885f6ee0f8b6fde11,0,0,0,0,0,0,0,0,0,0,0,0,0,0,420,3,0,0,0,0,0,0,0,0,0,0,100,NoArch
c9cc85bde1151e179b92091b858187846f790804,1,19,15,4,0,0,0,14,250,0,1,1,0,2867,58,48,521,522,1,12622,12606,16,248,248,0,1,100,NoArch
680edff8ee4dfa56792dd52a2b0f2bd077426341,1,2,1,1,0,0,0,3,8,1736,1,1,0,98,59,36,10,10,0,377,375,2,4,4,0,1,100,NoArch
f653fbfe14c212851c27f50bb06adbd7e4d46669,0,0,0,0,0,0,0,0,0,0,0,0,0,0,60,37,0,0,0,0,0,0,0,0,0,1,100,NoArch
2845e88d7717e354dd0290228f2aab9ec383d7df,0,0,0,0,0,0,0,0,0,0,0,0,0,0,61,38,0,0,0,0,0,0,0,0,0,0,100,NoArch
3b4aadca7ba6d6e479a4b1a3dec911ecd975f725,45,69,105,36,0,0,0,5,25,1594,1,22,4.875495481,6285,62,39,686,686,0,29127,29156,29,357,357,0,0,99.97096259,NoArch
6cc5f40bf73eee73ae7f866d310b832f85d9e23f,2,21,2,19,0,0,0,4,21,210,1,2,0.998635964,155,63,40,18,16,2,942,849,93,9,9,0,1,100,NoArch
83a9c62b7c2f62acc78491f2b6445ec9c70cb8c2,0,0,0,0,0,0,0,0,0,0,0,0,0,0,64,41,0,0,0,0,0,0,0,0,0,1,100,NoArch
b358c05696026e12521dc77aeb04fa2690b3bc8f,1,17,8,9,0,0,0,2,3,0,1,1,0,76,65,42,6,6,0,283,220,63,4,4,0,1,100,NoArch
2d88395073d4e7d62508890621e385c3d608bdf2,2,7,5,2,0,0,0,2,25,491,1,2,0.918295834,467,66,43,67,67,0,2271,2259,12,30,30,0,0,100,NoArch
b74922811252930023e989d6f3dc1bcbd63bbeeb,6,26,14,12,0,0,0,3,9,4027,1,1,0.94758468,455,67,44,45,44,1,2342,2299,43,20,20,0,1,100,NoArch
fef7f54a17fcf716d2472619090489be826eb015,2,4,0,4,0,0,0,5,6,636,1,1,1,354,68,42,26,26,0,1849,1825,24,15,15,0,0,100,NoArch
1802116df8831a86ab538e94310921cc9bc1cef1,9,233,117,116,1,1,2,3,32,820,1,2,2.425037829,946,69,43,156,132,24,5684,5124,560,57,55,2,1,96.74021802,Arch
9a32e386279fd4c7b4dcd02e553c1dcb04de3a27,17,14,5525,5511,0,14,14,2,6,2457,2,2,3.001458028,5809,70,44,48,862,814,1325,23623,22298,30,282,252,1,99.79750058,NoArch
b9621e66d41151a2b8871614722803874be157a7,0,0,0,0,0,0,0,0,0,0,0,0,0,0,71,45,0,0,0,0,0,0,0,0,0,0,100,NoArch
183ae75048660fdc93f4d65db293932a88f9d00e,0,0,0,0,0,0,0,0,0,0,0,0,0,0,72,46,0,0,0,0,0,0,0,0,0,0,100,NoArch
3d5a758666f24c8226d35c7ceae3dc3dc8fd2ea1,5,189,52,137,0,0,0,2,146,356,1,3,1.963992243,5413,421,4,797,780,17,21610,20984,626,390,383,7,1,100,NoArch
b0bf0a259364d25996d653a6c816239debd3cc7a,4,1,11,10,0,0,0,6,14,1601,1,2,1.887918503,486,73,47,78,78,0,2073,2073,0,41,41,0,0,100,NoArch
093b0e2370ebd4c133fa2f110a39ac53dd1bb699,1,22,6,16,0,0,0,8,20,626,1,1,0,413,74,48,65,62,3,2399,2250,149,15,14,1,1,100,NoArch
26806e7798cea714da0345052eaef0608c370519,1,4,3,1,0,0,0,4,6,1757,1,1,0,227,75,49,35,35,0,1103,1096,7,11,11,0,0,100,NoArch
577952be495934110a396f98000553c20a09039d,1,24,11,13,0,0,0,5,10,967,1,1,0,89,76,50,11,9,2,513,464,49,4,4,0,1,100,NoArch
4a0bc68b011931dffd942bee59a51b1a87f9cb52,2,7,4,3,0,0,0,4,27,616,1,2,0.945660305,1895,77,51,136,136,0,11653,11636,17,55,55,0,0,100,NoArch
9473e687c3f9b99a70aab5977ce749bb979a97ed,0,0,0,0,0,0,0,0,0,0,0,0,0,0,78,52,0,0,0,0,0,0,0,0,0,1,100,NoArch
b71b3497e30b92d61a73eb5b3b7f9c8ca0d15548,1,33,4,29,0,0,0,8,28,173,1,1,0,382,79,53,58,53,5,1906,1784,122,15,14,1,1,100,NoArch
b13c8c1e4b3ff76ba06d37b321e20a9d22a1ff00,1,9,5,4,0,0,0,8,29,0,1,1,0,411,80,54,58,58,0,1888,1906,18,15,15,0,1,100,NoArch
aa5a625a61dde0c0bd705047a7a19274a8581f35,0,0,0,0,0,0,0,0,0,0,0,0,0,0,422,5,0,0,0,0,0,0,0,0,0,0,100,NoArch
2bbc65ba9addca0327c886e62247c9a0c4aa91d4,0,0,0,0,0,0,0,0,0,0,0,0,0,0,81,55,0,0,0,0,0,0,0,0,0,1,100,NoArch
4d48a5b59b1e2dba5426c1e9a49a573727b617a7,0,0,0,0,0,0,0,0,0,0,0,0,0,0,82,55,0,0,0,0,0,0,0,0,0,1,100,NoArch
4810be5c6e7e72ac227de40e806b12f76290d51b,1,5,4,1,0,0,0,6,18,1760,1,1,0,251,83,55,17,17,0,1319,1312,7,14,14,0,0,100,NoArch
bdc676bbbc9746e21dd447c22b2a144fb7bd2b1d,1,3,1,2,0,0,0,4,5,125,1,1,0,152,84,56,9,9,0,702,690,12,6,6,0,0,100,NoArch
67b0c1861f136ef04ca6492d30d2e1270e096f96,1,1,1,0,0,0,0,4,6,0,1,1,0,154,85,57,9,9,0,702,702,0,6,6,0,0,100,NoArch
620d26d494d061ca98afb2e31880a851e9969cc6,1,33,3,30,0,0,0,5,11,1024,1,1,0,138,423,5,26,20,6,545,461,84,16,12,4,1,100,NoArch
e11f786b9306642e67f6004e4f5fef2fabe7cc92,1,6,5,1,0,0,0,2,4,2339,1,1,0,160,424,6,21,21,0,831,824,7,8,8,0,1,100,NoArch
67088a5955af16c76f50ded8cc33c8fa3312b14a,0,0,0,0,0,0,0,0,0,0,0,0,0,0,86,58,0,0,0,0,0,0,0,0,0,0,100,NoArch
eedb091f836ca27805def1eea6d999bc755d59f0,0,0,0,0,0,0,0,0,0,0,0,0,0,0,87,59,0,0,0,0,0,0,0,0,0,1,100,NoArch
11e6f88ded46e709e94012b81a10861bdd76fc26,0,0,0,0,0,0,0,0,0,0,0,0,0,0,88,59,0,0,0,0,0,0,0,0,0,0,100,NoArch
6f2ac637cd631c676903149ba0247b71a9a510cb,10,44,782,738,0,4,4,6,69,787,3,10,2.770316671,2520,425,7,246,341,95,6414,9096,2682,157,204,47,1,99.93041058,NoArch
c6595066e9d73f8201264ccd28183f989fe53f90,2,33,5,28,0,0,0,3,251,29,1,2,0.485460761,3259,89,59,595,593,2,14555,14459,96,274,274,0,1,100,NoArch
0f9647c1f820da140bed490fd3cebf2aebd5f3f5,1,9,0,9,0,0,0,3,6,9,1,1,0,250,806,5,25,25,0,1278,1231,47,17,17,0,1,100,NoArch
de7617e9c782728063b8671dbe67af096c4f0e9d,3,183,14,169,0,0,0,6,147,55,1,2,0.487675649,4179,426,8,590,590,0,15509,15509,0,335,335,0,1,100,NoArch
c176fa8f33838342018465acbe9bb50ae4862541,3,78,22,56,0,0,0,5,22,480,1,1,1.521928095,1507,427,9,220,212,8,6079,5870,209,100,98,2,1,100,NoArch
014773936022e72b4f8fdff90a0f9fdc33c9b247,1,16,0,16,0,0,0,3,3,124,1,1,0,296,90,59,22,22,0,1434,1434,0,10,10,0,0,100,NoArch
0b9873c0571979d16a00c3998bbd0791b60fb491,0,0,0,0,0,0,0,0,0,0,0,0,0,0,91,60,0,0,0,0,0,0,0,0,0,0,100,NoArch
d36773ceb9c559d682560eadb0728a5ac42bac29,0,0,0,0,0,0,0,0,0,0,0,0,0,0,92,61,0,0,0,0,0,0,0,0,0,0,100,NoArch
08185743c12787ac87d8c4c492fa72f5174b7f4d,0,0,0,0,0,0,0,0,0,0,0,0,0,0,93,59,0,0,0,0,0,0,0,0,0,1,100,NoArch
fa29678c541cedd05a584da550f7647f828e0653,4,8,17,9,0,0,0,3,70,18,2,4,1.339721832,882,807,2,137,139,2,3752,3831,79,80,81,1,1,100,NoArch
d9c73363a9fabbb91ac897e22e050a49fc3b9431,0,0,0,0,0,0,0,0,0,0,0,0,0,0,94,44,0,0,0,0,0,0,0,0,0,1,100,NoArch
5aed30d5df19ef27ee96a954329ea8338f4da015,0,0,0,0,0,0,0,0,0,0,0,0,0,0,808,2,0,0,0,0,0,0,0,0,0,0,100,NoArch
c50c1f5dad28c724be7f3a17bac509a260e7e986,2,6,1,5,0,0,0,4,44,1152,1,2,0.863120569,818,1012,0,128,127,1,3843,3817,26,48,47,1,1,100,NoArch
89c0790d90448d27ef5d9f07249c3b8fefec1245,0,0,0,0,0,0,0,0,0,0,0,0,0,0,809,3,0,0,0,0,0,0,0,0,0,0,100,NoArch
f3c9c743341d4e791126b19ea003489281bb9e93,0,0,0,0,0,0,0,0,0,0,0,0,0,0,95,45,0,0,0,0,0,0,0,0,0,0,100,NoArch
b20d5411d154c8e20fed4d68e0c26dc0aa1a9e75,7,189,23,166,2,0,2,1,1,0,1,5,1.847721748,289,1201,0,14,12,2,1493,878,615,11,9,2,1,99.8955977,NoArch
4051799a6d4938bc4c21cd6e8574efe363bf9a53,0,0,0,0,0,0,0,0,0,0,0,0,0,0,1202,1,0,0,0,0,0,0,0,0,0,1,100,NoArch
44bc59b5cc41af292f6346e06232e3aedac5d249,0,0,0,0,0,0,0,0,0,0,0,0,0,0,1203,2,0,0,0,0,0,0,0,0,0,0,100,NoArch
8dc1c1240b6a7afd1c2d14e4b4a7b067081e9787,3,318,33,285,1,0,1,1,78,362,1,2,0.921154304,701,428,9,146,125,21,5747,4230,1517,53,42,11,1,90.03548196,Arch
ec72fa6d51bbe730b3456428801173d2f56ec591,0,0,0,0,0,0,0,0,0,0,0,0,0,0,1013,1,0,0,0,0,0,0,0,0,0,1,100,NoArch
b469638171985a9abe6ba4cd9c33720cab11a6dc,4,60,22,38,1,0,1,2,10,1330,3,3,1.539202724,340,1014,2,48,45,3,1554,1441,113,26,24,2,0,99.98793436,NoArch
12bd7f1097e86ea0e429ff27bc8c14322128835f,0,0,0,0,0,0,0,0,0,0,0,0,0,0,96,41,0,0,0,0,0,0,0,0,0,0,100,NoArch
cf9485bd05fb8b076ba1be647f397c58899ddd84,0,0,0,0,0,0,0,0,0,0,0,0,0,0,97,42,0,0,0,0,0,0,0,0,0,0,100,NoArch
9583d9af9f5fab8d0dbc1d78c68cc93e01d0e8b0,0,0,0,0,0,0,0,0,0,0,0,0,0,0,98,43,0,0,0,0,0,0,0,0,0,1,100,NoArch
effc8b9b89f4571c21af1358c6383b3f179e6720,0,0,0,0,0,0,0,0,0,0,0,0,0,0,1015,3,0,0,0,0,0,0,0,0,0,0,100,NoArch
f49675bfa27109867f1e18e0e49caa182eaf256f,1,6,6,0,0,0,0,10,133,59,1,1,0,1344,810,4,267,267,0,7964,7964,0,70,70,0,1,100,NoArch
c02acbd3d44efc2f9a6483128d71ab04c5aa02a0,2,450,1,449,1,0,1,1,128,12,1,2,0.153473096,1531,429,9,294,265,29,9324,6895,2429,74,66,8,1,99.98190591,NoArch
3f49df7d701f95c5e9bf33e5da59c87f701fd4a3,1,11,11,0,0,0,0,4,15,1049,1,1,0,106,1016,4,11,11,0,347,347,0,10,10,0,0,100,NoArch
8a75d960d56ac3513053d09561b3ec809fe0a70c,2,81,12,69,0,0,0,1,129,2,1,2,0.708835673,1980,430,10,300,294,6,9852,9324,528,76,74,2,1,100,NoArch
f37fc74822004faedbe3c2ecfe1c86d20ccc3dff,1,2,1,1,0,0,0,1,1,0,1,1,0,35,1017,5,2,2,0,79,70,9,2,2,0,0,99.97587746,NoArch
746585e8d72f5edadf8ca9dafecff5e3989607af,1,1037,0,1037,1,0,1,1,1,0,1,1,0,0,1018,6,92,0,92,4130,0,4130,39,0,39,0,100,NoArch
6d6c237b5357bfde06690a7d73f12416005e54a0,0,0,0,0,0,0,0,0,0,0,0,0,0,0,431,11,0,0,0,0,0,0,0,0,0,0,100,NoArch
f4b26ea95d743b4375490f444a72238e4f4282c9,0,0,0,0,0,0,0,0,0,0,0,0,0,0,432,12,0,0,0,0,0,0,0,0,0,0,100,NoArch
f677d1a2c5dc64ce6131f265e4c75aeb499d1fb3,0,0,0,0,0,0,0,0,0,0,0,0,0,0,433,13,0,0,0,0,0,0,0,0,0,1,100,NoArch
591c1a549c1cd9804f263706fb5e4b6db14b5cc3,1,10,2,8,0,0,0,3,17,50,1,1,0,368,1019,7,21,21,0,1887,1841,46,10,10,0,0,100,NoArch
0a7c5dc93a7a2156a8a79170accb3f08346973cc,3,301,4,297,1,0,1,1,241,30,1,3,0.328277234,2622,1020,8,478,447,31,14385,12340,2045,169,159,10,1,100,NoArch
a80acbb1ad4e26987a7ff82c587e4bb6a81d15f2,17,516,519,3,0,0,0,6,134,1159,1,1,2.000458081,4145,434,13,627,617,10,18947,19029,82,274,274,0,0,100,NoArch
a97f821869c60fadf2da855caa04144704fc3d78,0,0,0,0,0,0,0,0,0,0,0,0,0,0,811,5,0,0,0,0,0,0,0,0,0,0,100,NoArch
baf2497d03443839a50066f5475035a0765d697f,0,0,0,0,0,0,0,0,0,0,0,0,0,0,812,6,0,0,0,0,0,0,0,0,0,0,100,NoArch
a8d364d03042afba8c0b75010c73d3c7fb9fc08b,0,0,0,0,0,0,0,0,0,0,0,0,0,0,812,6,0,0,0,0,0,0,0,0,0,0,100,NoArch
74a80fee32da7ae11c175beea814b1f79cf55ecc,2,78,0,78,2,0,2,1,1,0,1,1,0.9923985,0,99,26,2,0,2,236,0,236,2,0,2,0,99.97588328,NoArch
a26ab53dd2995cfb357a760e841eb1cf5e1f9fd2,0,0,0,0,0,0,0,0,0,0,0,0,0,0,100,27,0,0,0,0,0,0,0,0,0,0,100,NoArch
cb1871ffca895b669637f8a7da68c19258e33c8d,0,0,0,0,0,0,0,0,0,0,0,0,0,0,101,28,0,0,0,0,0,0,0,0,0,0,100,NoArch
87a0a4e19a9345ca1200e9e68a395e5553d488bb,0,0,0,0,0,0,0,0,0,0,0,0,0,0,102,29,0,0,0,0,0,0,0,0,0,1,100,NoArch
c5a9dae974620eeb45000bf47770686ab5608e57,0,0,0,0,0,0,0,0,0,0,0,0,0,0,103,30,0,0,0,0,0,0,0,0,0,1,100,NoArch
2daf9f16e98c33f35cb5956db6f57a0f5c989ae8,0,0,0,0,0,0,0,0,0,0,0,0,0,0,104,30,0,0,0,0,0,0,0,0,0,1,100,NoArch
b437c2c52bf9bde3f2f079f907dd38fa1732c571,0,0,0,0,0,0,0,0,0,0,0,0,0,0,105,31,0,0,0,0,0,0,0,0,0,1,100,NoArch
83c9dc0e68a062ccce28e2b3d3ccee9759a29e4b,0,0,0,0,0,0,0,0,0,0,0,0,0,0,106,31,0,0,0,0,0,0,0,0,0,1,100,NoArch
8c85aeb231529b019bf8eafb8926c79f4375407b,0,0,0,0,0,0,0,0,0,0,0,0,0,0,813,7,0,0,0,0,0,0,0,0,0,0,100,NoArch
47f9ef9b11307ab8483b46b885cb4cab462ea328,0,0,0,0,0,0,0,0,0,0,0,0,0,0,814,8,0,0,0,0,0,0,0,0,0,0,100,NoArch
02b2ba294e488b9e87fe337d4660bd05cbe3b59b,0,0,0,0,0,0,0,0,0,0,0,0,0,0,815,9,0,0,0,0,0,0,0,0,0,0,100,NoArch
c43b5e5ef45c631c30947f01df013910a43b71cf,3347,457503,0,457503,3345,0,3345,1,1,0,1,250,10.96343435,78,813,7,49621,2,49619,2112602,236,2112366,27849,2,27847,0,61.85824896,Arch
3576fbe97a8eacb6d9ab8a31b84d7369ff1f4c48,3347,0,457503,457503,0,3345,3345,0,1,0,2,250,10.96343435,457581,816,10,2,49621,49619,236,2112602,2112366,2,27849,27847,0,61.85824896,Arch
5094609ec519ffaa3e63e05a9ab9e668506c39bf,0,0,0,0,0,0,0,0,0,0,0,0,0,0,817,11,0,0,0,0,0,0,0,0,0,0,100,NoArch
798437773ae0a4bc12ad4acb4fde7887ead3d0f5,0,0,0,0,0,0,0,0,0,0,0,0,0,0,818,12,0,0,0,0,0,0,0,0,0,0,100,NoArch
07bed31f7b65e2f58609a005d768b5e1a5c87890,0,0,0,0,0,0,0,0,0,0,0,0,0,0,819,13,0,0,0,0,0,0,0,0,0,0,100,NoArch
c43b5e5ef45c631c30947f01df013910a43b71cf,3347,457581,0,457581,3347,0,3347,1,1,0,1,250,10.96411445,0,813,7,49621,0,49621,2112602,0,2112602,27849,0,27849,0,61.86807514,Arch
0b0ed9f84da0c9de632fcf2706629d1f5ebf0e63,3348,37,457509,457472,0,3345,3345,0,5,0,3,251,10.96379678,457735,826,20,15,49631,49616,1219,2113392,2112173,8,27853,27845,0,61.8453469,Arch
9fbf52df7aca04369839977f9761adbe7ec55fc9,0,0,0,0,0,0,0,0,0,0,0,0,0,0,435,13,0,0,0,0,0,0,0,0,0,1,100,NoArch
1005fc50628d18a2536cec3ebad337d62d0035b8,9,62,50,12,1,0,1,3,118,1397,1,3,2.405084508,2548,1022,10,419,423,4,14608,14585,23,177,178,1,1,91.31428571,Arch
c5421f9095e92d9547d8d8727ec50be3bb872e72,1,0,1,1,0,0,0,3,7,0,1,1,0,190,1023,11,13,13,0,1014,1023,9,6,6,0,0,100,NoArch
62bcbaa5d03639caf88a22000b1c6e715279adfa,0,0,0,0,0,0,0,0,0,0,0,0,0,0,1024,12,0,0,0,0,0,0,0,0,0,0,100,NoArch
cdd5150340e69a27402fdf73d1726299b0b30854,22,2297,0,2297,22,0,22,1,1,0,1,2,3.641228485,0,1204,3,166,0,166,7635,0,7635,86,0,86,0,97.39429918,Arch
7fe30bc0cca18c579d04ace7ab64fe3e6ce92664,17,708,302,406,8,4,12,1,2,0,1,3,3.395491834,1367,1205,4,168,82,86,6401,4212,2189,70,33,37,0,99.85582988,NoArch
e7137b7eaeb94fc2356e59957b0c5a7dfd4580dd,3,25,25,0,0,0,0,1,3,0,1,3,0.639556365,851,1206,5,80,77,3,3353,3272,81,26,26,0,0,100,NoArch
205699e11ea8b9432f589ceb160610443d6d452a,2,146,47,99,1,0,1,1,20,893,1,2,0.995638353,232,827,21,47,45,2,1793,1247,546,22,17,5,1,99.99099424,NoArch
cac8c9c385c18ce665201d6fd7f7b0856569b815,12,388,53,335,3,0,3,1,4,0,1,2,2.67568863,1309,1207,6,217,154,63,7382,5398,1984,79,59,20,0,99.96398992,NoArch
72d72ab79ebc49a4f5c106fe5421a1e767e6734d,4,53,27,26,0,0,0,1,5,0,1,3,1.687294051,1148,1208,7,142,139,3,5351,5230,121,37,37,0,0,100,NoArch
cf8613bea4b9718aa744a822aa4dd2bfd2256dfb,0,0,0,0,0,0,0,0,0,0,0,0,0,0,436,10,0,0,0,0,0,0,0,0,0,0,100,NoArch
88dfe0020bdb7113690744ca923fcb94cfc237ea,1,88,0,88,1,0,1,1,1,0,1,1,0,0,1209,8,5,0,5,405,0,405,1,0,1,0,99.99100072,NoArch
f355b16d382d819657d328192cc5c33b6892d5ba,3,228,1,227,2,0,2,1,2,0,1,2,0.975099469,88,1210,9,32,5,27,1451,405,1046,21,1,20,0,99.97750787,NoArch
6baed7a15ad799591acb6ea312540bf11b93c0ad,10,172,63,109,0,0,0,1,6,0,1,4,2.956812677,1844,1211,10,243,233,10,9555,8849,706,78,77,1,0,99.77022887,NoArch
536e78208e0f414eabff87378e33232f16f9cbd6,1,0,0,0,0,0,0,1,1,0,1,1,0,101,1212,11,7,7,0,534,534,0,1,1,0,0,99.98194783,NoArch
a5eb7c6fa27d2f3011a4c48ebe311dd983f51dae,2,11,11,0,0,0,0,2,130,193,1,2,0.684038436,970,1025,13,160,160,0,4992,4992,0,50,50,0,0,100,NoArch
b24dfb908b902caca1aa350b815a0e1ceb1922f1,4,230,17,213,1,0,1,4,13,354,2,3,0.580087047,2119,1026,14,333,313,20,11455,10309,1146,143,128,15,1,97.70687936,Arch
7db7ed130b1dad9958b1b191e4cd0d1d8d3190de,0,0,0,0,0,0,0,0,0,0,0,0,0,0,1027,15,0,0,0,0,0,0,0,0,0,0,100,NoArch
229c634a83a3f298e560f761e12c342af9794499,1,3,1,2,0,0,0,7,42,134,1,1,0,691,107,13,175,174,1,3799,3791,8,49,49,0,1,100,NoArch
ddda4004b4b06dd5ae3770d0ad464cbcf29a4232,2,21,3,18,0,0,0,6,70,876,1,1,0.954434003,1045,108,14,175,172,3,4767,4715,52,93,91,2,1,100,NoArch
c720601aaf2c947b98e1294e766662da21368b93,1,21,14,7,0,0,0,5,5,1796,1,1,0,120,109,15,21,20,1,542,524,18,7,8,1,1,100,NoArch
67f887da88dc62accb41598bd9f9fa9f3267ec00,0,0,0,0,0,0,0,0,0,0,0,0,0,0,110,16,0,0,0,0,0,0,0,0,0,1,100,NoArch
07ade0db8f478b37c2950555364ddf9efba86d2c,0,0,0,0,0,0,0,0,0,0,0,0,0,0,111,16,0,0,0,0,0,0,0,0,0,1,100,NoArch
cc95295139b3dc65a4c4b9633b326f2035cd4544,2,12,4,8,0,0,0,2,47,214,2,2,0.988699408,1013,828,18,158,156,2,6183,6119,64,44,44,0,1,100,NoArch
486e6374f26009020eebf35b256c56f9f8200c32,1,1,1,0,0,0,0,7,71,5,1,1,0,822,1028,15,135,135,0,3849,3849,0,78,78,0,0,100,NoArch
84ba54b24f02c78d8eb94aa1ce7a480b90613193,0,0,0,0,0,0,0,0,0,0,0,0,0,0,1029,16,0,0,0,0,0,0,0,0,0,0,100,NoArch
56a61c7c15124dc481137c04ef789db9fd281010,0,0,0,0,0,0,0,0,0,0,0,0,0,0,1030,14,0,0,0,0,0,0,0,0,0,0,100,NoArch
d84fe0b0f5db1bd7af6c5b0754385c70a013a1e8,0,0,0,0,0,0,0,0,0,0,0,0,0,0,437,8,0,0,0,0,0,0,0,0,0,1,100,NoArch
72eb191b742ff0e896efc48ed3e3255a154ca8b1,2,52,2,50,0,0,0,9,89,781,1,2,0.825626526,2396,438,8,152,149,3,15089,14794,295,101,100,1,1,100,NoArch
8af1df7aea024753d2dded503c2eb8fea0488be1,1,1,1,0,0,0,0,4,12,1,1,1,0,229,439,9,28,27,1,699,695,4,12,12,0,1,100,NoArch
0a5ce71f6fccd40fa1d62be16a0b6042cbd9db93,3,47,3,44,1,0,1,1,19,110,1,3,0.48217919,414,1031,10,58,55,3,2222,2091,131,33,30,3,1,99.96815287,NoArch
f1c4a320174511a1d78192fa4e6d6141caa002d2,1,17,7,10,0,0,0,2,2,644,1,1,0,115,440,5,9,9,0,608,541,67,5,5,0,0,100,NoArch
9e94ee40a20cf8d71f724b46334f685a603129fc,0,0,0,0,0,0,0,0,0,0,0,0,0,0,112,13,0,0,0,0,0,0,0,0,0,1,100,NoArch
76153ff24574fb91b474cca2f879b25395230786,2,19,1,18,0,0,0,7,28,156,1,1,0.881290899,534,829,12,101,96,5,2779,2656,123,43,42,1,1,100,NoArch
47ee52e5d30ca94e40b6df3918edaefdc5eb84a0,1,3,2,1,0,0,0,2,9,32,1,1,0,832,1032,10,151,151,0,4833,4833,0,54,54,0,1,100,NoArch
46824cedc7cbd17f60ed6f17495a21a5761127df,1,4,7,3,0,0,0,3,6,249,1,1,0,127,441,6,21,23,2,647,683,36,4,4,0,1,100,NoArch
e9bf83fc92d9fcfb9bf01e5daa1dbeb378a9c8fe,1,29,0,29,0,0,0,3,13,245,1,1,0,989,442,7,40,39,1,6050,5887,163,30,29,1,1,100,NoArch
021e35ad3ca70b1dea1c84684160d938376fb961,0,0,0,0,0,0,0,0,0,0,0,0,0,0,443,7,0,0,0,0,0,0,0,0,0,0,100,NoArch
5b63698924bbca5aeeccbba84427f5ebefe56c3c,1,18,9,9,0,0,0,3,8,376,1,1,0,285,113,6,23,23,0,1910,1806,104,12,12,0,1,100,NoArch
a49e75ada09cdfb5def1890113201be2752ff962,0,0,0,0,0,0,0,0,0,0,0,0,0,0,444,8,0,0,0,0,0,0,0,0,0,0,100,NoArch
be8e58be14dd3f8bccc810e4fbe4d74b016e90a5,4,20,19,1,0,0,0,2,11,455,2,4,1.769113428,1778,1033,8,231,232,1,10311,10296,15,102,103,1,1,100,NoArch
b5e46ef9c56b075744cba00be145778133af7b30,2,20,1,19,0,0,0,6,131,20,1,2,0.985228136,917,830,3,153,151,2,4941,4809,132,48,47,1,1,100,NoArch
65af81e09ecbb38e43b1410b2e1bd9c02926fc88,1,85,58,27,0,0,0,3,10,121,1,1,0,350,445,9,69,63,6,1781,1636,145,19,19,0,1,100,NoArch
51eb87a84be88d28383ea48f6e341ffe1203c5ba,1,6,1,5,0,0,0,4,9,1829,1,1,0,132,831,3,19,18,1,778,734,44,7,6,1,1,100,NoArch
5d9695c5ef76b89fa051c41a339665979b608835,0,0,0,0,0,0,0,0,0,0,0,0,0,0,832,4,0,0,0,0,0,0,0,0,0,1,100,NoArch
2db73e2b7e3ac3c315631704469910a8760eeddd,7,562,119,443,0,0,0,1,7,37,1,4,1.799790562,1590,1213,2,193,142,51,8279,5806,2473,78,62,16,0,99.959063,NoArch
0fffe2172005f337412d5ec172cd92822395e239,12,173,121,52,0,0,0,3,46,1685,3,10,2.945604196,1660,446,9,189,182,7,6461,6331,130,117,110,7,1,92.35441977,Arch
652b47f943902fb3decfd60a5183e91000f4df18,1,38,1,37,0,0,0,2,8,6,1,1,0,674,1034,6,59,56,3,5209,4921,288,21,20,1,0,99.78482725,NoArch
2ad13d682a38dfebafb5a0c0801961bf593d8f63,3,71,82,11,0,0,0,2,5,384,1,1,1.043051867,1056,447,10,164,164,0,6140,5826,314,56,56,0,1,100,NoArch
4cf6151a8c10079d89969cef8c115fce52623a81,2,251,0,251,1,0,1,4,14,21,2,2,0.093473544,806,1035,7,98,76,22,4332,2880,1452,40,27,13,1,99.9877496,NoArch
f129a0be891bb9926fe949cca154c5dce60ad157,1,0,3,3,0,0,0,1,2,0,1,1,0,248,1036,8,22,22,0,1419,1445,26,13,13,0,1,100,NoArch
f6970c76aebd5847afe24695021f0f0057be800c,2,8,9,1,0,0,0,6,19,109,1,1,0.997502546,750,1037,9,49,49,0,4330,4338,8,34,34,0,0,100,NoArch
8a5f160fd2297bea9f0142157eb1e77257f44011,1,76,3,73,0,0,0,4,9,16,1,1,0,294,0,0,26,23,3,2294,1910,384,15,12,3,1,100,NoArch
7cb7d188f98a7462525c2acba00658bfa8ab9ca6,1,27,0,27,0,0,0,4,14,1844,1,1,0,205,833,4,9,8,1,1086,911,175,5,4,1,1,100,NoArch
79127ae4409c5137ceb3b037751800917d59b4ea,1,6,0,6,0,0,0,4,16,270,1,1,0,260,448,11,50,49,1,1573,1542,31,34,33,1,0,100,NoArch
78265ea2110c689047845878d006d45cf41e268b,6,82,14,68,0,0,0,3,73,166,2,5,1.866222858,2497,449,12,267,263,4,12661,12339,322,121,120,1,1,100,NoArch
7a2293d7435cbe6fd8444849c997d3f4cb8c8db1,1,3,1,2,0,0,0,2,2,585,1,1,0,131,450,13,14,14,0,606,602,4,6,6,0,1,100,NoArch
692411e989e2e39182ead57f4e0c935cfafdcb3a,1,7,7,0,0,0,0,7,19,1087,1,1,0,244,451,14,31,31,0,586,586,0,31,31,0,0,100,NoArch
d212d3c02aac12c1ac53575d990e8217eb420f51,4,145,36,109,0,0,0,4,10,152,1,2,1.609126703,1430,1,1,210,199,11,8913,8498,415,85,77,8,1,100,NoArch
f8f24e830772375fd7b9c8bbdcbdb7ce966a6c9c,10,252,31,221,1,0,1,2,48,412,2,4,2.176447071,1771,452,15,277,257,20,10300,9277,1023,124,108,16,2,98.37579618,NoArch
6b44c3c9d1fdea972c97c7b874ee0f70eb94bd97,2,2,0,2,0,0,0,6,20,6,1,1,1,749,1038,7,49,49,0,4344,4330,14,34,34,0,1,100,NoArch
d3571a61543362956948699f19601216d1b0c28e,1,48,23,25,0,0,0,5,11,1,1,1,0,429,453,15,30,30,0,2752,2604,148,19,19,0,1,99.9867286,NoArch
2a0a0b66f6e4ffbca72f2913d5ee5843ac5190c4,3,27,14,13,0,0,0,2,8,26,1,3,1.581581478,1401,834,5,169,166,3,6975,6761,214,40,40,0,0,99.9668193,NoArch
ba5fdc59158f8797002199600dd0a0a3544e43fe,3,105,11,94,0,0,0,2,67,125,1,3,0.605921691,1527,1039,8,214,199,15,9904,8922,982,73,68,5,1,100,NoArch
ebd3d34e096806ec160e9b0f18b8cee564168135,1,47,0,47,1,0,1,1,1,0,1,1,0,0,1214,1,7,0,7,183,0,183,7,0,7,1,99.97346072,NoArch
111635ea1c743b613cbb8cfda66dd67f405679bf,1,4,10,6,0,0,0,1,2,0,1,1,0,47,1215,2,5,7,2,161,183,22,5,7,2,1,100,NoArch
1978ac4573528545c82ac8cf2c6d909834b6c9d6,1,0,11,11,0,0,0,1,3,0,1,1,0,41,1216,3,3,5,2,139,161,22,3,5,2,1,100,NoArch
f81b52e28a31a2d1effbec9bb6386f6a2b77a9e4,0,0,0,0,0,0,0,0,0,0,0,0,0,0,1217,4,0,0,0,0,0,0,0,0,0,0,100,NoArch
b8a6e5a6ca4e8ed6eaf342f0488be007d107e2b1,8,227,136,91,1,0,1,2,9,31,1,2,2.285967397,1641,835,6,216,205,11,8385,7910,475,71,64,7,0,99.9668435,NoArch
556ee7b48e5a1f188d732c6ea22de1599150f769,1,1,1,0,0,0,0,7,49,5,1,1,0,881,1155,0,139,139,0,5560,5560,0,30,30,0,0,100,NoArch
838206ff925f9beb0a7cc5e3547f299883ba7a90,2,181,24,157,1,0,1,1,12,3,1,2,0.997922071,380,454,14,83,69,14,2447,1787,660,26,19,7,1,99.98674443,NoArch
e6285b74267903476b90e1fc826fd8ac8788f698,4,213,40,173,2,0,2,1,5,5,1,3,1.783080349,211,455,15,38,21,17,1829,998,831,23,8,15,1,90.39452977,Arch
dc4ceb47e8cf3bad78abfcf1b9b8cbb9f265d390,6,199,70,129,1,0,1,2,10,12,1,2,1.217835811,1519,1218,5,185,159,26,7252,6633,619,71,57,14,0,99.98621704,NoArch
4a294080e364d075f19e46c824da5eb4b14bad40,2,19,2,17,0,0,0,7,23,127,1,1,0.591672779,215,1219,6,26,22,4,903,814,89,14,11,3,0,99.9816244,NoArch
cfe5e98da30193c70befcba461213edfa8f0f71a,10,2656,0,2656,9,0,9,1,14,130,1,3,2.878436992,162,1220,7,280,24,256,9100,653,8447,120,7,113,1,93.82589111,Arch
f0b3f1c6e0f36aa04eb10036b105e2d81754636a,1,22,28,6,0,0,0,7,33,115,1,1,0,363,456,16,81,77,4,2087,2133,46,15,15,0,0,100,NoArch
afe73c1861235b60b6416a06e557b8c8b7db1d67,2,181,24,157,1,0,1,1,71,176,1,2,0.999570839,579,457,17,130,112,18,3571,2850,721,48,42,6,1,100,NoArch
7806807db12a4d62e221bee4adf118705b25e870,1,12,2,10,0,0,0,2,11,9,1,1,0,1110,1221,8,138,136,2,5489,5427,62,37,37,0,0,100,NoArch
8f19af70f43fc652f629be5e73768206de2d6493,1,11,6,5,0,0,0,5,10,1881,1,1,0,95,458,17,10,9,1,521,506,15,8,7,1,1,99.99475891,NoArch
90eb05c0fb7975267f95bed5c0b19efd34773fa8,2,49,36,13,0,0,0,8,40,1384,1,1,0.368115005,765,459,18,73,72,1,2939,2911,28,51,50,1,1,100,NoArch
40182022268b25f131426a67636e56230d39883c,0,0,0,0,0,0,0,0,0,0,0,0,0,0,114,1,0,0,0,0,0,0,0,0,0,0,100,NoArch
3b0b1fa7daa3ac80f6138a9be1c6a76e02a53b81,2,62,48,14,0,0,0,2,12,8,1,2,0.703369339,1327,1222,9,182,182,0,6890,6859,31,50,50,0,0,100,NoArch
8835535a949bf3c2febe0b4043b55e4a997aca2f,2,10,6,4,0,0,0,1,13,16,1,2,0.954434003,1218,1223,10,145,144,1,6164,6132,32,39,39,0,0,100,NoArch
b4a29250b4e4c4319ffaae7554ea9ea6129fc773,1,1,1,0,0,0,0,2,12,1866,1,1,0,233,1224,11,15,15,0,1044,1053,9,7,7,0,1,100,NoArch
3c9c147e76f0c1490030031df7f993b88ec416d1,1,25,17,8,0,0,0,2,5,0,1,1,0,210,1225,12,41,41,0,1325,1289,36,13,13,0,0,100,NoArch
822c4f37cba69c5c2b32053d0169b0d5723a2548,1,7,3,4,0,0,0,2,14,0,1,1,0,1135,1226,13,143,142,1,5632,5633,1,37,37,0,0,100,NoArch
2f258702f1ebbb8e64ec0fabee4f150394d7fd90,3,17,12,5,0,0,0,2,50,543,1,3,1.125613206,1434,1227,14,254,245,9,9082,9000,82,58,58,0,1,100,NoArch
6d08aca02476411dcadc468185bc21f3389a1e65,10,649,28,621,4,0,4,1,51,309,1,2,2.06597075,1886,460,16,316,269,47,14193,10780,3413,87,67,20,1,99.94761381,NoArch
f6a5c7bd470ef4b10aaf6cd43f3bec9760f5a4b2,3,155,0,155,2,0,2,1,6,1907,1,2,1.36464218,158,461,16,24,8,16,951,434,517,14,3,11,1,99.95812176,NoArch
cb3392c307f0177da0372044ac2edd48b8b1bab4,1,42,7,35,0,0,0,2,2,1410,1,1,0,75,462,17,8,6,2,505,304,201,8,6,2,1,100,NoArch
9a6a83fe0d836f414922e58adc76257ef8936b33,3,21,9,12,0,0,0,1,15,1,1,3,1.41861967,1444,1228,15,189,187,2,7615,7488,127,52,52,0,0,100,NoArch
f7c799309dd0cac696b966aac2ab4e2a122da1b3,3,144,0,144,2,0,2,1,11,43,1,3,1.285287644,223,2,2,36,25,11,1820,1409,411,17,10,7,1,99.96337954,NoArch
34f18b6fc7493b7a1d8b1222c3a4246a627fb70c,0,0,0,0,0,0,0,0,0,0,0,0,0,0,463,18,0,0,0,0,0,0,0,0,0,0,100,NoArch
90beb3fb7dc2fd7aad71632a3102fe6f1dbdc5c6,3,4,3,1,0,0,0,2,72,205,1,3,1.556656707,1046,836,5,171,170,1,4765,4760,5,94,93,1,1,100,NoArch
13270e4e74fa501d2f47120c72988e761ac4fc12,2,4,2,2,0,0,0,2,3,130,1,1,0.918295834,299,1040,6,49,48,1,1331,1325,6,30,30,0,1,100,NoArch
0ad3cfc11e39c75482c9709125d96ce27cd5140e,1,59,57,2,0,0,0,4,15,1887,1,1,0,162,464,18,17,17,0,908,924,16,7,7,0,0,100,NoArch
5207f02e6a2f96113183dc2da58a819d8ff0ac3e,1,9,6,3,0,0,0,4,16,0,1,1,0,164,465,19,17,17,0,914,908,6,7,7,0,0,100,NoArch
aeffe6eeccda21a03c09e2f15ac4bf13016e4fd9,1,1,0,1,0,0,0,2,6,2,1,1,0,86,837,5,3,3,0,531,531,0,2,2,0,0,100,NoArch
3656a3f3786ca31b09035fb488883362225c4677,1,2,2,0,0,0,0,2,7,0,1,1,0,87,838,6,3,3,0,531,531,0,2,2,0,0,100,NoArch
c944f80b86afabadcbff3c151ed7668e848482e8,0,0,0,0,0,0,0,0,0,0,0,0,0,0,839,7,0,0,0,0,0,0,0,0,0,0,100,NoArch
76a9c30be68c8bfafa1cb1439f849a8ce4779893,0,0,0,0,0,0,0,0,0,0,0,0,0,0,466,20,0,0,0,0,0,0,0,0,0,1,100,NoArch
566039fa5bf9f43ffb89d2279fb255237275a334,3,23,6,17,0,0,0,2,79,73,1,2,1.490783047,823,467,21,139,136,3,4889,4796,93,51,50,1,1,100,NoArch
539781ceef979a0eda08b452de7a1b3c626c7e6d,1,0,98,98,0,1,1,4,10,136,1,1,0,98,468,22,0,10,10,0,377,377,0,4,4,1,95.65024658,Arch
ec231d38b168aa7048b8a74b2ba99de8ffe31353,0,0,0,0,0,0,0,0,0,0,0,0,0,0,469,23,0,0,0,0,0,0,0,0,0,1,100,NoArch
af4edb335adcc4f19272f9c05f9801e5cf898795,1,15,6,9,0,0,0,4,6,1368,1,1,0,162,470,24,16,16,0,953,912,41,9,9,0,1,100,NoArch
5e03927da727e13c711d38e75516a58fd75dec2d,1,2,2,0,0,0,0,2,4,0,1,1,0,118,471,25,8,8,0,554,551,3,8,8,0,0,100,NoArch
b6347ee6d3b8da8dcb37db438d33c657e7840be3,2,11,14,3,0,0,0,2,7,606,1,2,0.855450811,143,115,1,11,11,0,592,564,28,3,3,0,1,100,NoArch
332c27a7cebc653a3ad18abf8ef25db9e0930086,0,0,0,0,0,0,0,0,0,0,0,0,0,0,116,2,0,0,0,0,0,0,0,0,0,0,100,NoArch
3bf111ed2c4abef3683a1d79af95fa06165ecee8,0,0,0,0,0,0,0,0,0,0,0,0,0,0,117,3,0,0,0,0,0,0,0,0,0,1,100,NoArch
ced33d2551a040813cb40bd6d36fdd322034fa73,0,0,0,0,0,0,0,0,0,0,0,0,0,0,118,4,0,0,0,0,0,0,0,0,0,1,100,NoArch
67744f7398e3ed36fe374ab293cbb38a1940682e,1,1,1,0,0,0,0,2,8,3,1,1,0,87,840,7,3,3,0,531,531,0,2,2,0,0,100,NoArch
6a253ebd3f422235a1aa9e504267785e41570301,1,13,2,11,0,0,0,2,7,21,1,1,0,147,841,8,3,2,1,312,321,9,2,2,0,0,100,NoArch
ae24f5ff255aad914e1fc83164f2b4be91957886,1,1,1,0,0,0,0,2,16,6,1,1,0,1148,1229,15,144,144,0,5730,5730,0,37,37,0,0,100,NoArch
80b4d171ca465c84a748e20a50bf7a52ceb10a3f,0,0,0,0,0,0,0,0,0,0,0,0,0,0,119,5,0,0,0,0,0,0,0,0,0,0,100,NoArch
437ea2f6e58d18837ae0e68dcd2fdadc1fff3723,0,0,0,0,0,0,0,0,0,0,0,0,0,0,120,6,0,0,0,0,0,0,0,0,0,1,100,NoArch
32e009dd7b7a9271239cebfda44ae0d5a58741dd,1,69,47,22,0,0,0,3,9,129,1,1,0,416,472,24,82,74,8,2036,1933,103,26,26,0,1,100,NoArch
cb71df57f5d1e05155adc75154e7117494162b40,1,5,2,3,0,0,0,2,3,809,1,1,0,152,473,25,23,22,1,828,807,21,11,11,0,1,100,NoArch
ba0101882a1f6be6af949170005d7803b80c667c,2,25,19,6,0,0,0,2,17,0,1,2,0.266764988,1235,1230,16,149,147,2,6309,6261,48,39,39,0,0,100,NoArch
dee9e932660d57147ada730afa31813b0d660373,1,46,55,9,0,0,0,1,2,21,1,1,0,273,1231,17,20,20,0,1558,1622,64,10,8,2,0,100,NoArch
c7d8715cd770bb3db0af3bfd49b8831abb863c29,2,12,2,10,0,0,0,1,72,1059,1,2,0.591672779,706,1041,3,129,129,0,3539,3483,56,46,45,1,1,99.98232279,NoArch
7f0fd0aa0683bb96dc51fed20a36e64db6f2ba1a,3,164,6,158,1,0,1,1,25,688,1,3,0.708596698,297,474,26,48,42,6,1702,1075,627,36,31,5,1,99.90571041,NoArch
1942324dc3c564d040783fea0e43df5804803234,2,326,13,313,1,0,1,1,42,56,1,2,0.431428208,256,475,27,45,42,3,2476,1281,1195,13,11,2,1,99.9882145,NoArch
19622d36a6a69cbc07444c73813f1dd1dec2afb8,1,15,5,10,0,0,0,3,6,439,1,1,0,253,1156,1,24,23,1,2267,2197,70,8,8,0,1,100,NoArch
7410257c2fe862ab38f662bf75ea27c53420a5ac,3,43,0,43,0,0,0,7,47,134,1,2,1.387785886,2017,1042,4,160,156,4,11597,11321,276,91,89,2,1,100,NoArch
5c20b8ed72d49c2d5200aeeff04aa79208840121,1,0,1,1,0,0,0,10,135,116,1,1,0,1343,476,23,267,267,0,7964,7970,6,70,70,0,1,100,NoArch
715010a1eabea3783e5f85a9730ff9cc41755803,62,0,0,0,0,0,0,1,3,25,1,8,0,13808,1232,18,1904,1904,0,65220,65220,0,941,941,0,0,98.47958041,NoArch
1aab71b2a7f6402b8b8749cfe8a5806f99f546cd,91,319,1472,1153,0,10,10,1,252,407,1,22,4.832328768,29479,1233,19,4043,4217,174,148159,152407,4248,1908,1985,77,0,88.38032787,Arch
d5dd937b810ace28d073adc5e730082c185d7114,25,375,313,62,5,1,6,4,253,382,1,11,3.456748183,10406,1234,20,1687,1693,6,49983,51054,1071,951,954,3,0,98.21960724,NoArch
0484af1c61ca26ce8ea7e2decf953052e0a7ad1e,11,479,422,57,2,0,2,4,11,273,1,5,1.714523661,2124,1235,21,309,309,0,12556,12327,229,152,152,0,0,99.786915,NoArch
803c42d4da1a610bfb4c10c9fe0fc81c40dcc829,4,64,0,64,0,0,0,1,9,0,1,2,2,89,1236,22,0,0,0,310,310,0,0,0,0,0,100,NoArch
8bae15a2a29450aef9b8a46f4a3427c8b41c415b,2,0,0,0,0,0,0,1,1,0,1,1,0,78,1237,23,2,2,0,236,236,0,2,2,0,0,99.93701779,NoArch
9a8f6e415db43a4e43ad42a87b3617b3641aa07d,1013,259,304,45,186,0,186,3,254,46,8,67,5.281725562,135773,1238,24,15904,15897,7,625158,626235,1077,9710,9705,5,0,73.87761042,Arch
58aca869816e893e7a2f34f0708c1d7fcbdca0f5,396,3,82,79,0,1,1,2,33,59,3,42,2.500086592,65889,1239,25,9008,9011,3,274908,275380,472,4665,4666,1,0,84.65708522,Arch
430c0f2a02bfa55a1979aae39ebbead61ad9196d,0,0,0,0,0,0,0,0,0,0,0,0,0,0,477,23,0,0,0,0,0,0,0,0,0,0,100,NoArch
8516331c963071351f6b81a2159fdad34d6ccac6,0,0,0,0,0,0,0,0,0,0,0,0,0,0,478,24,0,0,0,0,0,0,0,0,0,0,100,NoArch
8b84374cdbd39d7789303ad2414344805da599c9,3,20,1,19,0,0,0,2,15,701,1,2,1.115520094,679,479,25,59,58,1,2005,1953,52,39,38,1,1,99.9881978,NoArch
4f0810acbf2509f142de1e12ef5ce4ea3ac8b602,1,2,1,1,0,0,0,1,2,5,1,1,0,145,480,26,4,4,0,568,554,14,3,3,0,1,100,NoArch
c5cf03806d646045e01f6cd382504fa73dedfeee,243,3,882,879,0,7,7,1,15,65,7,24,2.317816216,54014,1240,26,7460,7566,106,248493,251718,3225,3759,3824,65,0,88.79129828,Arch
bfbe90b39929db4512be95d8931d8884c1c11c9a,26,45,17,28,1,0,1,1,21,616,4,13,1.806883579,5590,1241,27,470,466,4,27900,27903,3,267,264,3,0,98.21479988,NoArch
9c39f4e40a2f4ef842e8b5e570232358e752361d,376,0,0,0,61,0,61,1,1,0,1,1,0,46361,1242,28,3444,3444,0,211064,211064,0,2814,2814,0,0,90.03813155,Arch
4dcf75f48204c830b86bc606522976da53645a04,7,879,0,879,7,0,7,1,1,0,1,1,2.274645237,0,1243,28,106,0,106,3222,0,3222,65,0,65,0,99.93166065,NoArch
fbb0a43218866944b87cfa72687cdc16cbb2d4c2,0,0,0,0,0,0,0,0,0,0,0,0,0,0,481,27,0,0,0,0,0,0,0,0,0,0,100,NoArch
31c0a68c105d84c23a38fe665cdb53fbab22be09,0,0,0,0,0,0,0,0,0,0,0,0,0,0,482,28,0,0,0,0,0,0,0,0,0,0,100,NoArch
cd19db289b8607c5ce4b954143de328459176f9d,3,0,0,0,0,0,0,1,1,0,1,1,0,298,1244,28,41,41,0,860,860,0,28,28,0,0,99.94146912,NoArch
2c8225821c2f5caeadc900ef057f2d6cb2cf3485,3,2,3,1,0,0,0,1,2,0,2,2,0.970950594,315,1245,29,38,38,0,1384,1403,19,13,13,0,0,99.98048971,NoArch
79687e8ea98503194fd05fbe4e69929d2ceaef41,0,0,0,0,0,0,0,0,0,0,0,0,0,0,483,29,0,0,0,0,0,0,0,0,0,0,100,NoArch
1214c40ff0209b880f6ca058c3fc9ec406baa4e4,0,0,0,0,0,0,0,0,0,0,0,0,0,0,484,30,0,0,0,0,0,0,0,0,0,0,100,NoArch
60853c9671fd4850b8e31c014e7b9294d6da9354,0,0,0,0,0,0,0,0,0,0,0,0,0,0,485,31,0,0,0,0,0,0,0,0,0,0,100,NoArch
b0b50b5b637b9e9ba0300a2909e254d8e5e6f4c3,0,0,0,0,0,0,0,0,0,0,0,0,0,0,486,32,0,0,0,0,0,0,0,0,0,0,100,NoArch
804ad67d21d5c8e8fbf835172e8b0b722a42b97f,0,0,0,0,0,0,0,0,0,0,0,0,0,0,487,33,0,0,0,0,0,0,0,0,0,0,100,NoArch
7c9fec6e252ff16cc22112780da7b8d67bdddd58,26,214,64,150,5,0,5,1,7,230,3,7,3.629676808,5671,1246,30,712,703,9,23875,23564,311,373,364,9,0,99.69293756,NoArch
1a2cbe764103c1096e47afa9be09624e501cbb17,1,8,7,1,0,0,0,1,2,2,1,1,0,45,1247,29,6,4,2,216,168,48,5,3,2,0,100,NoArch
e16295c561af15cbbda56a17d11579014288ab9a,1,1,1,0,0,0,0,4,8,1892,1,1,0,114,1248,30,5,5,0,498,498,0,3,3,0,0,100,NoArch
c2f35a027bfd658202a9658f5ea35ee4f50c6e11,0,0,0,0,0,0,0,0,0,0,0,0,0,0,1249,31,0,0,0,0,0,0,0,0,0,0,100,NoArch
2fa95b33260546e49e2b247f54d400763e51eb69,1,7,0,7,0,0,0,3,7,1892,1,1,0,46,1250,32,2,1,1,206,181,25,2,1,1,0,100,NoArch
0dd8f2c4d0312d0c9ccb1463eed170d00dd48716,0,0,0,0,0,0,0,0,0,0,0,0,0,0,1251,33,0,0,0,0,0,0,0,0,0,0,100,NoArch
ddcabe1a6a2eb2c9c7db757f83a61fa678248b54,0,0,0,0,0,0,0,0,0,0,0,0,0,0,488,34,0,0,0,0,0,0,0,0,0,0,100,NoArch
9a1ad8c8b32a90ec45bb4ade507bc0168550e259,53,0,61,61,0,1,1,2,5,108,3,18,0,5654,1252,34,597,605,8,24661,24928,267,362,364,2,0,94.13115478,Arch
e61d32e5231ef7f8226e1699b6fdc66d65ffb228,0,0,0,0,0,0,0,0,0,0,0,0,0,0,489,35,0,0,0,0,0,0,0,0,0,0,100,NoArch
5f9b11cd951fa4ebb4b1aa12b181b170866f1db6,1,0,0,0,0,0,0,1,1,0,1,1,0,76,1253,35,9,9,0,384,384,0,4,4,0,0,99.98384361,NoArch
60646c955b91eb3949bc227a5e02e738a394cf36,43,254,91,163,0,0,0,1,15,605,5,9,3.569878999,6229,1254,36,687,661,26,27283,26928,355,286,253,33,0,99.3752282,NoArch
98b985228ff586d3f3b62990439083bdd7091b1d,1,0,0,0,0,0,0,1,1,0,1,1,0,56,1255,37,5,5,0,277,277,0,2,2,0,0,99.98370008,NoArch
ecaae53fe828e4376ed23f9c5cb52ae501f4baee,18,0,0,0,0,0,0,1,1,0,1,5,0,2506,1256,38,269,269,0,11796,11796,0,120,120,0,0,99.69436407,NoArch
763aa74757660cc8a24d1460a6ec67c59468c3c4,1,13,6,7,0,0,0,1,2,0,1,1,0,168,1257,39,30,29,1,805,760,45,15,15,0,0,100,NoArch
e8f12d83604fb885c2a163ca62f4cf276d5ba4d1,0,0,0,0,0,0,0,0,0,0,0,0,0,0,490,35,0,0,0,0,0,0,0,0,0,0,100,NoArch
a68916dcc5e6148304898f3972d40d0cc2f755c7,5,98,76,22,1,1,2,1,2,127,3,2,1.748888857,703,1258,39,58,56,2,3757,3620,137,37,35,2,1,99.39157063,NoArch
e6bfc94fe2826e75898747c655cc52b0bfd02cfb,1,14,3,11,0,0,0,4,8,6,1,1,0,155,1259,40,18,17,1,940,858,82,9,8,1,0,100,NoArch
4702739db27a7c28f2e8630123d72a6bdda27898,0,0,0,0,0,0,0,0,0,0,0,0,0,0,1260,41,0,0,0,0,0,0,0,0,0,0,100,NoArch
aa36bba9a0af0fcaa0973d2d83e6769b38fa7f1a,1,5,1,4,0,0,0,4,16,1344,1,1,0,210,1261,42,35,34,1,1119,1092,27,19,19,0,0,100,NoArch
9a006376224879f08e995eb064eb1d54a612a0f6,0,0,0,0,0,0,0,0,0,0,0,0,0,0,1262,43,0,0,0,0,0,0,0,0,0,0,100,NoArch
0729dd88d650bd87e89ff08318770de8f61c1665,0,0,0,0,0,0,0,0,0,0,0,0,0,0,1263,44,0,0,0,0,0,0,0,0,0,0,100,NoArch
aa2a6ddf313ee4a6ca5c4f9d49ab1cc3e7915ef3,0,0,0,0,0,0,0,0,0,0,0,0,0,0,1264,43,0,0,0,0,0,0,0,0,0,0,100,NoArch
02ef3dc91846b209dbcf9b65cced501bda2d8280,1,1,6,5,0,0,0,2,2,6,1,1,0,820,1043,3,134,135,1,3828,3845,17,77,78,1,1,99.9800773,NoArch
aac50fc57cbf2862a3ffa7b8566eaef09bf99e9a,3,19,12,7,0,0,0,2,5,61,2,3,0.683810421,333,1044,4,45,44,1,1369,1306,63,19,18,1,1,99.96812114,NoArch
fdd0534fcb46a7242c3b104a460fb54675a0b24a,2,31,3,28,0,0,0,1,2,213,2,2,0.322756959,347,1045,5,38,36,2,2026,1856,170,20,19,1,1,100,NoArch
1236bbf6f455f429d3c1c5996474381a6a649d4e,31,1290,998,292,3,3,6,1,6,75,2,2,4.026556595,6080,491,33,389,341,48,35668,34334,1334,273,236,37,0,99.45004583,NoArch
7f346a8b7978c535e9b1d96d9913f2ac4a655f1c,2,14,6,8,0,0,0,1,2,17,2,2,0.468995594,569,492,32,46,45,1,2499,2476,23,13,13,0,1,100,NoArch
39ff4d9fd839f0e3b4a727f0df6f7e999e14a0ea,6,8,958,950,0,4,4,2,2,12,1,3,1.863109296,5183,1157,1,774,908,134,19719,23839,4120,344,405,61,1,99.63773949,NoArch
478927e6b8dd2386d0658691b70392b919ec12c8,7,0,1330,1330,0,7,7,3,16,1868,1,3,2.455699544,1330,493,32,0,127,127,0,6752,6752,0,68,68,1,99.51942493,NoArch
11e0df8e04bea6166f000f281abc0c5ec4555317,2,39,9,30,0,0,0,4,19,710,2,2,0.918295834,1397,1265,37,191,186,5,7410,7194,216,50,48,2,0,100,NoArch
8387295adefec0cb80f2504380a2733f5d1cbfed,1,9,2,7,0,0,0,1,3,54,1,1,0,88,1266,38,10,8,2,371,346,25,8,6,2,0,100,NoArch
914e177239f012a3794caaf6ee15f4b9764bfce8,1,3,3,0,0,0,0,2,20,0,1,1,0,1161,1267,39,147,147,0,5833,5832,1,37,37,0,0,100,NoArch
7a0c1f85abb0a5daf18a377fa8ddc65dc7f6aac0,2,16,17,1,0,0,0,2,21,27,1,1,0.439496987,1206,1268,40,147,147,0,5936,5939,3,37,37,0,0,100,NoArch
dd0b16d38b92d052f74c95149a601f2f4a7134e1,3,153,13,140,0,0,0,1,34,288,2,3,1.010705939,1153,494,33,138,130,8,6507,6041,466,70,66,4,1,100,NoArch
cf70ce97ee338135b5c5aaa8c7fa20eefa0d7222,1,13,11,2,0,0,0,2,22,3,1,1,0,1157,1269,40,148,147,1,5835,5824,11,38,37,1,0,100,NoArch
21b2f84399ddb450bb9674f58407935bb118e5a6,2,29,11,18,0,0,0,1,2,86,2,2,0.168660931,620,495,29,83,83,0,3489,3448,41,37,37,0,1,100,NoArch
6010bd3d979bb1547cb066491e91bc89b45391c2,10,0,0,0,0,0,0,1,1,0,1,4,0,2297,496,30,211,211,0,14660,14660,0,89,89,0,0,97.09260437,Arch
54a11b96dec51ec0a2c6bca9f5b76b4baa2755f4,16,0,0,0,0,0,0,1,1,0,1,5,0,2521,497,31,286,286,0,13314,13314,0,149,149,0,0,96.19821709,Arch
a6ebc8d1160dc9ff1cc35119dd6b22f6d534526b,6,0,0,0,0,0,0,1,1,0,1,2,0,676,498,32,61,61,0,3528,3528,0,43,43,0,0,99.89789841,NoArch
8ba3dd8a06deaddf5a2fce7e1e09f9dc17e3f4cf,0,0,0,0,0,0,0,0,0,0,0,0,0,0,499,32,0,0,0,0,0,0,0,0,0,0,100,NoArch
d16a6fc88328d600c6916fb4b6dc4e0c894ea7f9,1,0,0,0,0,0,0,1,1,0,1,1,0,92,500,33,5,5,0,502,502,0,4,4,0,0,99.98298307,NoArch
fb62989e5e704d24f7af804722b6549f55b967a5,2,5,1,4,0,0,0,2,21,55,2,2,0.918295834,746,1046,5,96,96,0,2555,2530,25,90,90,0,1,100,NoArch
a8a76939963bcaea69dbf9269b32624e13122074,1,8,12,4,0,0,0,4,25,633,1,1,0,583,1047,6,44,44,0,3675,3699,24,18,18,0,1,100,NoArch
daae3e65309b176add12771802560720a4baab92,0,0,0,0,0,0,0,0,0,0,0,0,0,0,501,30,0,0,0,0,0,0,0,0,0,0,100,NoArch
b928ccbf47e426aafcf3defb3e83e0a705976250,1,35,5,30,0,0,0,2,5,1915,1,1,0,105,502,30,18,9,9,530,419,111,12,6,6,0,100,NoArch
6c8e89652ffbb1973d452cb3e2b464d4dbf6e803,0,0,0,0,0,0,0,0,0,0,0,0,0,0,11,0,0,0,0,0,0,0,0,0,0,1,100,NoArch
543935b6e9de37e5df22fa405b4c6a8b04abe003,4,171,19,152,0,0,0,2,2,28,1,2,1.920814951,2088,503,29,361,351,10,10957,10417,540,145,145,0,1,100,NoArch
6f0a3355c40db0d5d90887f4238ff99c26fcf87d,1,8,17,9,0,0,0,2,3,0,1,1,0,427,504,30,92,94,2,2694,2727,33,25,25,0,1,100,NoArch
a713e6a7d0aea88b3d8c1d952726352060b74804,1,1,0,1,0,0,0,2,2,30,1,1,0,429,1158,2,76,76,0,2311,2304,7,52,52,0,1,100,NoArch
915333e1d5c0196ae58a32a5c118ca54cda98c72,7,240,20,220,1,0,1,1,30,543,3,4,1.145133349,5236,842,0,732,710,22,28096,27015,1081,244,239,5,1,99.99149226,NoArch
badc1868bb55a204083c3bb33afe268b2fe82a9a,1,5,0,5,0,0,0,2,2,140,1,1,0,91,1048,5,13,12,1,257,243,14,13,12,1,0,100,NoArch
72dfbfa283c117879a348887a113ba144ba114d7,2,133,26,107,0,0,0,1,2,32,1,2,0.748752313,2522,505,28,161,155,6,16875,16095,780,101,95,6,1,100,NoArch
2751497e386f0ca406131c623995fa6293be4218,0,0,0,0,0,0,0,0,0,0,0,0,0,0,1270,33,0,0,0,0,0,0,0,0,0,1,100,NoArch
d350ce6f61fbbf6da5aa05827cdfdca2149d1422,1,16,5,11,0,0,0,1,2,41,1,1,0,146,1271,30,29,26,3,692,630,62,15,14,1,0,100,NoArch
2727496c0027109acf8f55659396154099fff2a1,2,7,1,6,0,0,0,1,23,31,2,2,0.954434003,1207,1272,31,155,154,1,6028,5987,41,41,41,0,0,100,NoArch
4951a55de4aca90ddb000dc48d26ede974c34067,1,51,23,28,0,0,0,2,2,43,1,1,0,787,506,25,134,133,1,2587,2513,74,102,102,0,1,100,NoArch
51785b1472eaf3d4a1ba1cc798257d619c2dfb76,0,0,0,0,0,0,0,0,0,0,0,0,0,0,1049,6,0,0,0,0,0,0,0,0,0,1,100,NoArch
02538ed9061b1a57c1a8b0c5accff76465429da0,2,14,2,12,0,0,0,4,8,1159,1,2,0.896038233,266,1050,7,25,23,2,1088,1016,72,14,14,0,0,100,NoArch
f42d6bb1fbe7fdb4c90f357d469a9ce3c6f6451a,0,0,0,0,0,0,0,0,0,0,0,0,0,0,507,15,0,0,0,0,0,0,0,0,0,0,100,NoArch
c899492af8205ac007a9295608d3af77615eb75c,1,58,0,58,0,0,0,2,2,58,1,1,0,875,508,16,107,102,5,2713,2566,147,41,40,1,1,100,NoArch
de30d11f947225dac27c65b6d617790d4289ac5b,0,0,0,0,0,0,0,0,0,0,0,0,0,0,509,17,0,0,0,0,0,0,0,0,0,0,100,NoArch
30f531d7414f4a19c26e56c236eea08a77012a8f,16,169,587,418,0,1,1,4,48,153,4,8,2.223248571,11543,1273,8,1665,1715,50,53439,55689,2250,735,749,14,1,99.99149226,NoArch
17b2b6c458e2dddef45b29bd9c6eba642235ed23,0,0,0,0,0,0,0,0,0,0,0,0,0,0,1274,9,0,0,0,0,0,0,0,0,0,0,100,NoArch
1877a14a6020f5dbee6759eff62ae509a11fb54a,7,5,125,120,0,2,2,2,8,2546,1,1,2.012290998,555,1275,10,43,49,6,1925,2122,197,36,42,6,1,99.9531895,NoArch
fa250bf1bf6c71f6d8d424f038b49ac87cbeed1d,1,7,45,38,0,0,0,5,6,1470,1,1,0,156,121,0,5,5,0,667,782,115,5,5,0,0,100,NoArch
2a8427d7d5e97b2aa2bc6410fc329a5cf6566031,1,2,1,1,0,0,0,6,7,60,1,1,0,94,3,0,6,6,0,269,262,7,4,4,0,1,100,NoArch
3016b392493a8eb55e57ce9e730c1b3de4caf36e,16,118,1056,938,0,11,11,2,24,100,1,4,3.478016114,2669,1276,6,207,342,135,8294,13002,4708,69,116,47,0,97.20884713,Arch
ed96e2ec08d2f32f3bc8ad2576663cd6ccf7a1d9,6,163,0,163,3,0,3,1,4,21,1,2,2.277006487,4036,843,1,709,693,16,21590,20937,653,348,337,11,1,99.97464227,NoArch
537e598a841fb89ddb06cea50749473a09ac511a,1,7,11,4,0,0,0,2,11,1,1,1,0,95,1277,7,4,5,1,573,579,6,2,2,0,0,100,NoArch
81a2c836082b34b80de5ca7da2e6a9d80ad5a6c7,1,0,1,1,0,0,0,1,2,67,1,1,0,63,1278,8,5,5,0,215,221,6,3,3,0,0,100,NoArch
ec0a0a3ebe72bb78b6cbb3d14af558b723b55f4b,1,2,0,2,0,0,0,3,4,39,1,1,0,418,1051,3,93,92,1,2720,2694,26,25,25,0,1,100,NoArch
78022e2b9d289842a46428a8e3de5b1fb5dddd15,1,8,12,4,0,0,0,2,2,546,1,1,0,324,1052,4,32,35,3,1550,1555,5,18,18,0,0,100,NoArch
27440aefc210bbc6c9d471458ed3bd5bbe688636,2,30,8,22,0,0,0,2,2,67,2,2,0.74248757,3962,1053,5,622,619,3,17359,17214,145,261,261,0,1,100,NoArch
fc706d074ae7992ff91cb1c428ed46662c6e6ab5,1,264,0,264,1,0,1,1,1,0,1,1,0,0,1054,6,10,0,10,1252,0,1252,5,0,5,1,99.9927573,NoArch
3cf129a79fb54a75b7cf81779f6d6d353654b688,2,27,2,25,0,0,0,2,2,2,1,1,0.992266639,76,912,0,7,5,2,379,291,88,3,2,1,0,100,NoArch
915d66dec58c3183cf5b3db2b0724857e090b557,1,1,2,1,0,0,0,2,2,69,1,1,0,573,4,1,98,98,0,3989,3996,7,34,34,0,1,100,NoArch
fb35648f8097a0105647288708afd19d274a0ad0,1,0,12,12,0,0,0,2,2,70,1,1,0,90,1055,7,10,12,2,231,257,26,8,9,1,1,100,NoArch
c6cf88b836a4c7e31ce20b8dd307ef1ef07f111c,2,6,6,0,0,0,0,2,2,68,2,2,0.979868757,231,1056,8,34,35,1,868,876,8,20,21,1,1,100,NoArch
1288df5ad44064c887cb7b65d2c3c4a838260514,1,11,9,2,0,0,0,2,2,69,1,1,0,106,510,7,17,17,0,415,407,8,15,15,0,1,100,NoArch
9235028ca7264be08b4fdd42ca7fd1359cd1839b,1,0,60,60,0,1,1,3,10,1959,1,1,0,60,1057,9,0,5,5,0,192,192,0,4,4,1,99.94570725,NoArch
321d9ef310f33626f79e660b601dcbd3cddc52c2,0,0,0,0,0,0,0,0,0,0,0,0,0,0,511,6,0,0,0,0,0,0,0,0,0,0,100,NoArch
81c167b205f98f4a866b8293bb494bae777457f3,3,83,54,29,0,0,0,1,2,45,1,1,1.43374317,1448,512,7,132,132,0,10274,10087,187,50,50,0,1,100,NoArch
dcbb19509435703ebb16e1da65a8029206fbbe66,1,12,0,12,0,0,0,2,3,50,1,1,0,743,1279,9,146,142,4,4190,4122,68,68,68,0,1,100,NoArch
cbf2adb343f6624a539bc12101a37e4f800cedde,1,19,1,18,0,0,0,1,4,13,1,1,0,77,1280,10,18,13,5,453,316,137,14,13,1,0,100,NoArch
ff0746c1909cd6d39bacf49a2be96a65a69d850d,0,0,0,0,0,0,0,0,0,0,0,0,0,0,5,2,0,0,0,0,0,0,0,0,0,1,100,NoArch
f5dff68d73b5d03dd2192a0626d88fa77fb1d5c1,1,17,17,0,0,0,0,2,2,79,1,1,0,148,513,8,12,12,0,365,342,23,11,11,0,1,100,NoArch
7461c78a19c9e819be9b698bb1223ebed7ddbcda,2,180,124,56,0,0,0,2,2,80,1,2,0.74248757,1498,514,9,261,261,0,7560,7385,175,135,135,0,1,100,NoArch
54d56df7058112c666c8dca92a9b1de284cacb8f,2,128,47,81,0,0,0,2,2,81,2,2,0.998091267,3051,515,10,518,512,6,17444,17239,205,200,197,3,1,100,NoArch
87e878b2b59c9182d4ae5de34a0bff5f65621dd5,53,44,42,2,0,0,0,1,1,0,1,14,1.81034084,6362,516,11,790,790,0,29126,29127,1,406,406,0,1,99.23321759,NoArch
db1e6d1cb727310cb4ada286c0a32d402242a47a,1,1,1,0,0,0,0,2,4,25,1,1,0,2186,844,1,384,384,0,11292,11295,3,105,105,0,1,100,NoArch
5bfbc542b1349895dff5a52408302c59323f6aa4,1,1,0,1,0,0,0,2,5,0,1,1,0,2186,845,2,384,384,0,11299,11292,7,105,105,0,1,100,NoArch
75f8f6970b29b5f5295dde59cad0a5a6ace167ed,1,3,1,2,0,0,0,2,3,44,1,1,0,97,846,3,16,15,1,433,425,8,10,10,0,1,100,NoArch
69c1796c076915e65824ba63a90f8c5ba8c6e73c,0,0,0,0,0,0,0,0,0,0,0,0,0,0,517,11,0,0,0,0,0,0,0,0,0,1,100,NoArch
763f32a842ae59fcbe50894f9fe23a5d2a7ac294,1,10,8,2,0,0,0,7,13,265,1,1,0,390,518,11,57,57,0,1785,1810,25,18,18,0,1,100,NoArch
b489fc6f751638a0ec9af4194f1722ac8d8a2a0d,0,0,0,0,0,0,0,0,0,0,0,0,0,0,519,12,0,0,0,0,0,0,0,0,0,1,100,NoArch
4321ae065d17e9fd18fe2407cdf950c31c224f93,0,0,0,0,0,0,0,0,0,0,0,0,0,0,520,13,0,0,0,0,0,0,0,0,0,1,100,NoArch
67252fe60da0d7f19a20c1a4fa79f83ba0b85e46,1,18,18,0,0,0,0,4,11,1977,1,1,0,79,521,14,10,9,1,368,360,8,1,1,0,1,100,NoArch
8c5c33bfc2e581edcba0c164fb0cb7f892e65b3f,2,6,215,209,0,0,0,2,25,45,1,1,0.07442579,1285,1281,8,162,162,0,6453,6450,3,38,39,1,0,100,NoArch
7517dccd030774287ab63327ddd61675b60e4ff8,0,0,0,0,0,0,0,0,0,0,0,0,0,0,1282,9,0,0,0,0,0,0,0,0,0,0,100,NoArch
76963e6adfdae0c74ebbb1150018067104b7d70e,0,0,0,0,0,0,0,0,0,0,0,0,0,0,522,15,0,0,0,0,0,0,0,0,0,1,100,NoArch
25d396b58949df63a02aeccd0fef1d1a16f706c9,6,198,81,117,1,0,1,3,6,1340,2,2,1.927844043,982,6,3,120,115,5,4284,3723,561,102,97,5,2,99.97829861,NoArch
96f29456e9cd2f085b988a6f1b8a85fed6e081e3,1,1,0,1,0,0,0,2,2,90,1,1,0,789,7,4,139,139,0,4152,4149,3,37,37,0,1,100,NoArch
a2cb4a88f75c5f2cc60a643cb03ce26a434ec7c0,2,102,2,100,1,0,1,1,2,45,2,2,0.619382195,340,523,16,46,41,5,1675,1260,415,24,21,3,1,99.98552927,NoArch
32e63dce28ceb23cfd339e93046f3e9676bac303,16,866,40,826,3,0,3,1,18,59,5,11,1.681195183,5995,1283,10,1100,993,107,34189,29094,5095,517,476,41,1,99.94937624,NoArch
3ef55fa82bcea94bec6368fd4fb9621046683b93,0,0,0,0,0,0,0,0,0,0,0,0,0,0,1284,11,0,0,0,0,0,0,0,0,0,0,100,NoArch
77a679b03f573433dd5638806cdca7a2c0d1b15d,7,17,17,0,0,0,0,5,29,885,1,4,2.416499785,4170,1285,12,328,328,0,24716,24660,56,143,143,0,0,100,NoArch
c65c25ddb6c5bb69d2342a061e8eca057248df9d,2,30,22,8,0,0,0,2,3,152,1,1,1,466,1286,13,46,44,2,2693,2645,48,27,27,0,0,100,NoArch
4531001b23959c4ea8f702b6fd13d9bda51e73ed,0,0,0,0,0,0,0,0,0,0,0,0,0,0,1287,14,0,0,0,0,0,0,0,0,0,0,100,NoArch
1797ce98e3a4aa397e05811c207d763806c032be,3,6,6,0,0,0,0,2,6,22,1,2,1.459147917,2838,913,1,498,498,0,12112,12112,0,244,244,0,0,100,NoArch
6a5069ad22afb8693249c2a57cc63218e2a65f08,0,0,0,0,0,0,0,0,0,0,0,0,0,0,847,4,0,0,0,0,0,0,0,0,0,1,100,NoArch
401895a521656e9ed8bf2a6ce3c79f0d37c63204,0,0,0,0,0,0,0,0,0,0,0,0,0,0,524,14,0,0,0,0,0,0,0,0,0,1,100,NoArch
fbc4c17ca2d7050e7d5418843ca3a382bb359dd6,0,0,0,0,0,0,0,0,0,0,0,0,0,0,848,5,0,0,0,0,0,0,0,0,0,1,100,NoArch
05fb2bbcc988286e00691cac0869f1148502934b,2,62,23,39,0,0,0,2,2,104,2,2,0.888363023,727,525,15,152,149,3,4039,3906,133,65,63,2,1,100,NoArch
44a7ffa94677b5791aee4979844cd4dceb681f7e,0,0,0,0,0,0,0,0,0,0,0,0,0,0,849,6,0,0,0,0,0,0,0,0,0,1,100,NoArch
aaead5be21a0987ce03ec7d67abd43efaceb75a0,1,4,0,4,0,0,0,1,2,106,1,1,0,2077,1288,12,195,194,1,5867,5852,15,104,104,0,0,100,NoArch
044e6bf18affb69fb79e565af945940bd29b62a7,1,3,3,0,0,0,0,1,3,0,1,1,0,2081,1289,13,195,195,0,5859,5867,8,104,104,0,0,100,NoArch
b0d01e9791a882431c003dd0987395d66398e6ae,0,0,0,0,0,0,0,0,0,0,0,0,0,0,526,16,0,0,0,0,0,0,0,0,0,1,100,NoArch
ba2d0c6fa69790481619df1b5d761b40fa48d098,1,4,5,1,0,0,0,1,4,0,1,1,0,2081,1290,14,195,195,0,5850,5859,9,104,104,0,0,100,NoArch
a1a973ca340a408dad358ab250c24d0a73736f12,2,122,3,119,1,0,1,2,3,0,2,2,0.242292189,468,527,17,93,85,8,3086,2513,573,50,44,6,1,95.09540068,Arch
c73027da1af8a36b8a01a82a87c64a874729a3b4,3,298,0,298,1,0,1,2,3,48,2,3,0.503019085,1193,1058,7,170,141,29,9783,7880,1903,74,68,6,1,99.51398983,NoArch
ebaacfd4f6c20304ce2d5f871b6ca8f0f1c83a99,1,41,30,11,0,0,0,2,26,20,1,1,0,1026,1291,12,164,162,2,6406,6335,71,40,38,2,0,100,NoArch
f21992ef415dedca12e0165ce207478d612a91bf,11,524,113,411,2,0,2,2,12,263,4,9,2.909606373,7616,528,18,1266,1232,34,41048,38635,2413,590,576,14,1,99.94979691,NoArch
cdf05dcd1d95ec35514cd5acd26d6899a26c2a73,1,53,6,47,0,0,0,5,12,1999,1,1,0,500,529,19,61,61,0,2248,2158,90,58,58,0,0,100,NoArch
652969e23093b513eee40c744a314a47c3ed60e1,1,0,146,146,0,1,1,1,3,109,1,1,0,146,530,20,0,4,4,0,568,568,0,3,3,0,99.93610224,NoArch
e07d29c9629eb70cc3bed4084a97d69929f189f3,3,181,1,180,1,0,1,1,17,52,2,3,0.434838872,1182,8,3,238,225,13,7037,6168,869,105,98,7,1,99.99087425,NoArch
95e6d6074fe6e7ee5e95125bf9e5f8386b9dd00b,3,35,2,33,0,0,0,4,14,748,3,3,0.78836997,2732,1059,1,448,445,3,12162,11933,229,201,199,2,1,99.9954392,NoArch
5a605c0fea3b2b0ba13446abc16b2ab68e1f8386,1,6,4,2,0,0,0,2,2,578,1,1,0,131,1060,2,8,8,0,690,714,24,6,6,0,1,100,NoArch
f65857ae97f9caea93e9f7dcc938f7b69fda5300,1,2,6,4,0,0,0,2,3,0,1,1,0,133,1061,3,8,8,0,684,690,6,6,6,0,0,100,NoArch
757a2f1d32ec8133be5c54487f85db5b5a8d5ad1,6,179,5,174,0,0,0,3,23,770,2,3,1.037282434,3921,1062,4,485,477,8,15723,14809,914,244,242,2,1,99.91321031,NoArch
973909ab44a4fdcbc11244adb42dfe78681de359,5,46,37,9,0,0,0,3,8,12,1,2,2.042605075,3532,914,1,580,580,0,16851,16757,94,294,294,0,0,99.94510019,NoArch
bb03eedaeb9a8cbe8fdf78c3252b1edf7a54b345,1,4,3,1,0,0,0,4,25,27,1,1,0,1031,1063,5,66,66,0,5803,5811,8,27,27,0,1,100,NoArch
36cc1756b297778cfc29d68a239a953ecddc5362,2,160,29,131,1,0,1,1,2,60,1,2,0.982949625,249,531,17,48,31,17,1494,880,614,30,17,13,1,99.99085087,NoArch
22bc55b9487df98a3c3cb04f99f4618fcba364fe,0,0,0,0,0,0,0,0,0,0,0,0,0,0,850,6,0,0,0,0,0,0,0,0,0,1,100,NoArch
14e76891e2ca84e33359f4e1870d480daa830b6b,2,18,1,17,0,0,0,3,3,83,1,1,0.899743759,401,1159,0,50,48,2,1307,1222,85,30,29,1,1,100,NoArch
a4be10c146dd8079f56e9ccd54e0b736a5c15e95,2,241,15,226,1,0,1,2,2,61,1,1,0.757878463,594,532,15,124,108,16,3043,2507,536,73,61,12,3,99.98170592,NoArch
df2c7bdad42f6faa1ff89e4133f2fe7fc01150ec,1,0,3,3,0,0,0,2,3,15,1,1,0,315,533,16,53,53,0,2102,2113,11,8,8,0,0,100,NoArch
0f3ce45cff995adf1f54b26013ed33ddf6c1f38e,2,11,5,6,0,0,0,2,3,121,2,2,0.896038233,328,1064,6,39,38,1,1368,1336,32,14,14,0,0,100,NoArch
10e1c0c8d3dd67cd441161939ad08716c0778f40,1,7,13,6,0,0,0,7,22,309,1,1,0,511,1065,7,26,27,1,2898,2960,62,12,12,0,1,100,NoArch
7400977609105ee5dd6cb6502f732574196d4ee1,2,44,196,152,0,0,0,2,4,14,2,2,0.303839667,1144,851,4,161,201,40,5219,5881,662,87,86,1,1,99.99542711,NoArch
d1292441a2687eca271b305c0f5db4a402cf1e3e,0,0,0,0,0,0,0,0,0,0,0,0,0,0,1066,8,0,0,0,0,0,0,0,0,0,0,100,NoArch
5a0fd5d08671e1ab4886f27fc404b387a375a32b,1,4,1,3,0,0,0,3,5,32,1,1,0,201,1067,9,19,19,0,1070,1061,9,12,12,0,0,100,NoArch
3d6222d188e57f49f2e02a589b53a5ba9f10e501,1,20,13,7,0,0,0,3,5,2034,1,1,0,122,534,16,6,6,0,622,590,32,3,3,0,0,100,NoArch
73f0fc7820042d268ea56ac8224953d2b15c01bf,0,0,0,0,0,0,0,0,0,0,0,0,0,0,535,17,0,0,0,0,0,0,0,0,0,0,100,NoArch
d21b32e7487aaac374dd065eed633d914ce8086b,1,1,0,1,0,0,0,5,9,6,1,1,0,2851,536,18,504,504,0,12622,12615,7,243,243,0,0,100,NoArch
2aecbc48a041cef070d425f1b3d256fde3b5fe01,0,0,0,0,0,0,0,0,0,0,0,0,0,0,537,18,0,0,0,0,0,0,0,0,0,0,100,NoArch
075903cffc15a94f19e8f34ca032c8fc7badb37e,1,107,0,107,1,0,1,1,1,0,1,1,0,0,1160,1,8,0,8,532,0,532,6,0,6,0,99.99085505,NoArch
87871346c2f228e1b6fe155948b87b34df4c0f13,2,119,3,116,0,0,0,2,2,8,1,1,0.208180946,115,1161,2,40,12,28,1248,481,767,9,8,1,0,99.99542794,NoArch
fb5a97276bc1d88c93f32d4e44aec5abaedcec64,1,3,2,1,0,0,0,2,2,128,1,1,0,166,852,5,28,28,0,800,793,7,13,13,0,0,100,NoArch
bf9c4c60d83b7ea96c5c731ccb3acfee9863abad,1,6,2,4,0,0,0,2,3,3,1,1,0,174,853,6,10,10,0,860,835,25,7,7,0,1,100,NoArch
abf7adc0be110887160664e1e6d32ca0402b3d02,1,6,2,4,0,0,0,4,19,130,1,1,0,220,1068,10,11,11,0,1425,1375,50,9,9,0,0,100,NoArch
9383e56043e48f84f22da6cfa4111ee87fa62f5a,1,2,2,0,0,0,0,2,5,588,1,1,0,130,854,7,8,8,0,725,725,0,6,6,0,0,100,NoArch
3a6bbfe51f20f8130b1f44c9c9d38ad7bc1a0a2f,1,23,12,11,0,0,0,4,5,62,1,1,0,420,855,8,97,93,4,2774,2720,54,27,25,2,1,100,NoArch
0704edab2e4c80e347b4023bd65976eac1181492,1,18,7,11,0,0,0,4,6,0,1,1,0,431,538,16,100,97,3,2851,2774,77,30,27,3,1,100,NoArch
bc45bf806569fbcc21a4765b69f46a463dd8b2bf,6,199,31,168,1,0,1,1,15,68,3,5,1.841851579,3052,1069,11,500,481,19,17277,16110,1167,241,232,9,1,99.93600293,NoArch
49f16ce0eba6c83050ca80c96b9ef259c9245c6d,4,274,17,257,1,0,1,1,14,339,1,2,1.176512604,757,539,15,129,111,18,4256,3127,1129,89,81,8,1,99.98172014,NoArch
0c2b35d6edee46a649e2387aae85d898b3c23c6c,1,1,0,1,0,0,0,3,9,497,1,1,0,110,856,8,4,4,0,578,571,7,3,3,0,0,100,NoArch
1f8306b86104c3718ee5d6fa29e3981c60731028,1,1,1,0,0,0,0,2,2,15,1,1,0,107,857,9,8,8,0,534,532,2,6,6,0,0,100,NoArch
c37859a80a8471e361ad47c47d1e2dce90010c9e,7,106,117,11,0,0,0,2,10,78,1,2,2.270298242,4566,1162,3,804,800,4,21849,22279,430,366,364,2,1,100,NoArch
cb7b657ce9471d93905d0f6433fc53e271ab2609,15,129,146,17,0,0,0,3,49,899,1,10,2.907257939,5668,1163,4,397,399,2,33605,33799,194,196,196,0,1,98.40964698,NoArch
26d70700b11d01776f7631a55b0f59c8ac87e64f,2,13,32,19,0,0,0,2,3,119,1,1,0.432750159,3409,1164,5,162,162,0,21150,21267,117,118,118,0,1,100,NoArch
dfaa05d55686d1cf2b3a6503acc23ac27b042d47,1,3,10,7,0,0,0,2,2,140,1,1,0,449,1165,6,31,31,0,2700,2744,44,20,20,0,1,100,NoArch
47249132792d3528fe910d582036e7070ece6116,0,0,0,0,0,0,0,0,0,0,0,0,0,0,1166,7,0,0,0,0,0,0,0,0,0,0,100,NoArch
428a0631d3c3bba5436f4695ec15bacf4e65f18b,2,3,3,0,0,0,0,2,11,73,1,2,0.918295834,3121,858,9,555,553,2,14194,14176,18,254,254,0,0,100,NoArch
d0fb549f2ce888eee72713a0d8b06ebc613a5d86,1,1,1,0,0,0,0,5,12,0,1,1,0,2853,859,9,505,505,0,12570,12568,2,243,243,0,0,100,NoArch
f0baf856d7a579d5b271111204c3be727f516450,1,1,1,0,0,0,0,2,4,2,1,1,0,110,1167,8,8,8,0,547,549,2,6,6,0,0,100,NoArch
650d2b4d52797359934b89b45a2e170c73d1da74,0,0,0,0,0,0,0,0,0,0,0,0,0,0,1292,0,0,0,0,0,0,0,0,0,0,0,100,NoArch
2d84bbd99267c8968fcf2b61ba309b812f8712bc,1,52,20,32,0,0,0,4,26,143,1,1,0,579,540,2,45,44,1,3756,3675,81,18,18,0,1,100,NoArch
64f3c55d8060e63e921fc9c4c991ec852573d925,0,0,0,0,0,0,0,0,0,0,0,0,0,0,1293,1,0,0,0,0,0,0,0,0,0,0,100,NoArch
19bf943dd7ff16b5325d4c17051deb172dd44116,3,71,71,0,0,0,0,4,27,573,1,3,0.398921581,1131,541,3,89,90,1,6592,6614,22,39,39,0,1,100,NoArch
982943550f85ae3dcc9514e767e02661bc0092f7,3,19,9,10,0,0,0,1,2,1327,1,1,1.5,598,542,4,53,53,0,3152,3126,26,32,32,0,1,100,NoArch
7a95e1809b65b61ef9be44cde27583cfcd409e1b,1,73,95,22,0,0,0,4,10,168,1,1,0,325,543,5,23,25,2,1662,1781,119,14,16,2,1,100,NoArch
e60087608e9b13589eae1446a97e6da6e967c58d,2,40,32,8,0,0,0,3,5,482,2,2,0.870864469,1074,544,6,174,174,0,7350,7230,120,75,75,0,1,100,NoArch
e06c23e22a5b20e0aa9048bb4f3cd71bfcd1b0d0,1,2,2,0,0,0,0,1,2,35,1,1,0,215,545,7,12,12,0,989,989,0,6,6,0,1,100,NoArch
157aaf91677e52f26b85d047f6707355034c1d61,1,3,3,0,0,0,0,1,2,155,1,1,0,257,546,8,21,21,0,1386,1386,0,8,8,0,1,100,NoArch
69d825830811e0088bfe61f57794defa2331e0d7,2,1,3,2,0,0,0,2,13,96,1,1,0.811278124,3010,1070,1,529,530,1,13204,13214,10,253,253,0,0,96.03040154,Arch
6335b7e3315750127b0af8c8697fb1e0197cdbd2,0,0,0,0,0,0,0,0,0,0,0,0,0,0,1071,2,0,0,0,0,0,0,0,0,0,0,100,NoArch
60d7cdc1dd0ee77c52e0335cb1b30152980f758d,1,54,54,0,0,0,0,3,3,172,1,1,0,165,547,9,10,12,2,893,816,77,6,7,1,1,100,NoArch
a8da85f8a97baed65dde73df9b237dde46e9889d,1,8,22,14,0,0,0,3,5,2079,1,1,0,147,548,10,12,13,1,716,835,119,7,8,1,1,99.99494694,NoArch
1a577283050662b7a9a36a6ebedd076de894622f,1,11,9,2,0,0,0,5,7,1556,1,1,0,147,549,11,10,10,0,753,753,0,7,7,0,1,100,NoArch
4096f9109a19a93cb5b468df330e4d66cdbaa413,1,25,26,1,0,0,0,4,7,342,1,1,0,109,550,12,6,6,0,644,652,8,6,6,0,1,100,NoArch
d0d7231414768d919c570991b84841f65c495078,1,8,5,3,0,0,0,1,2,2033,1,1,0,191,551,13,16,16,0,959,941,18,10,10,0,1,100,NoArch
450b509d58e0cdab12c10edd692ba7a79ea7cca2,0,0,0,0,0,0,0,0,0,0,0,0,0,0,1294,2,0,0,0,0,0,0,0,0,0,0,100,NoArch
8dbfbb00950e3632cae2144d15a1c7d85d2a1ff2,0,0,0,0,0,0,0,0,0,0,0,0,0,0,1295,3,0,0,0,0,0,0,0,0,0,0,100,NoArch
8eb11a3aa7ded1ec9b0f2c36b56f284d85689739,2,219,0,219,2,0,2,1,1,0,1,1,0.695608142,0,1296,4,11,0,11,737,0,737,10,0,10,0,99.96968932,NoArch
9557e394e749cda81e12c3d54d7e2fbcac22272f,0,0,0,0,0,0,0,0,0,0,0,0,0,0,1297,5,0,0,0,0,0,0,0,0,0,0,100,NoArch
0aedae6b1de1658d2056a9ed94f9976ed50948b0,0,0,0,0,0,0,0,0,0,0,0,0,0,0,1298,6,0,0,0,0,0,0,0,0,0,0,100,NoArch
123a5123707dd972ff943c768c27c9e09bb83f30,1,4,2,2,0,0,0,3,4,78,1,1,0,100,552,13,12,12,0,462,458,4,9,9,0,1,100,NoArch
5ddc7d65c38cfe6aaa8ff22a5fac354e558374a5,1,15,13,2,0,0,0,3,4,171,1,1,0,195,553,14,12,12,0,1096,1104,8,7,7,0,1,100,NoArch
7a7d55180ec3974d1f01453206fafd4fa2191ca6,1,19,6,13,0,0,0,1,3,3,1,1,0,215,554,15,17,12,5,1052,989,63,6,6,0,0,100,NoArch
b2681b9a82d1e999430082b6716e1fe4e9a6fbcb,2,44,35,9,0,0,0,4,13,1757,1,1,0.957863024,275,555,16,27,25,2,1485,1383,102,10,10,0,0,100,NoArch
b6e3ca74ba68c6a9879076ecb5be468e881897cd,1,6,5,1,0,0,0,6,7,2062,1,1,0,115,556,17,10,10,0,548,557,9,6,6,0,0,100,NoArch
603dc66b445c094a548efc56215df1f7510d7535,1,2,2,0,0,0,0,4,14,116,1,1,0,229,860,4,33,33,0,1472,1472,0,20,20,0,1,100,NoArch
e5d616da50634706d681ad4c26b9ecc22596cbdd,2,29,34,5,0,0,0,2,5,908,2,2,0.998363673,720,1072,2,125,124,1,3318,3328,10,54,54,0,1,100,NoArch
cbee1cc14761cfe27f5a1aceff257808261efc89,1,8,6,2,0,0,0,2,3,107,1,1,0,320,557,18,32,32,0,1558,1550,8,18,18,0,1,100,NoArch
f3407fe4b2ff64f144b382d22f771d066051c7a0,1,2,2,0,0,0,0,4,7,44,1,1,0,442,558,19,100,100,0,2852,2851,1,30,30,0,0,100,NoArch
8a6ebc20a3c2fb06700d386ac2183347b329ddcd,1,5,10,5,0,0,0,4,8,0,1,1,0,442,559,20,100,100,0,2835,2852,17,30,30,0,0,100,NoArch
8e9896825fbb2c0a90e059a3c338cc3b0cf6f9f5,1,1,6,5,0,0,0,2,4,840,1,1,0,160,560,21,8,8,0,780,821,41,8,8,0,1,100,NoArch
b2de5f310f1566a86740e4c34d8f3af6b5e4158b,2,37,27,10,0,0,0,3,9,259,2,2,0.757878463,559,561,21,49,49,0,3327,3272,55,25,25,0,1,100,NoArch
c61ee931f60e2d0b9a72117aaf99cdcf4940956a,0,0,0,0,0,0,0,0,0,0,0,0,0,0,562,22,0,0,0,0,0,0,0,0,0,0,100,NoArch
1949846c0a94ead0dabd3a097324dcf564681fbe,0,0,0,0,0,0,0,0,0,0,0,0,0,0,1299,7,0,0,0,0,0,0,0,0,0,0,100,NoArch
800e0267fb90dc24870f34418fb952fc29f88c7b,1,28,24,4,0,0,0,4,17,194,1,1,0,167,563,23,18,17,1,934,914,20,7,7,0,1,100,NoArch
b5625e31ee5f4aa2b1fecd0cc94dcd444962baf2,0,0,0,0,0,0,0,0,0,0,0,0,0,0,564,24,0,0,0,0,0,0,0,0,0,0,100,NoArch
5a8ca0b8a8d31d1adcd48a3f16aac75a4f141488,1,72,60,12,0,0,0,5,20,46,1,1,0,224,565,25,12,11,1,1501,1425,76,9,9,0,1,100,NoArch
667237f72acd93e217e273884e7f89e7bf202336,3,46,12,34,0,0,0,2,3,119,1,2,1.069748433,1286,1168,6,173,168,5,7902,7834,68,68,64,4,0,100,NoArch
f79f7ad426146983f21f0b42e6661816c6f33e97,1,32,1,31,0,0,0,3,18,182,1,1,0,553,1073,3,53,48,5,3822,3588,234,23,21,2,0,100,NoArch
3cd8da80a687676167681f8e424e9648db79eb66,1,53,67,14,0,0,0,6,14,12,1,1,0,2854,566,26,505,505,0,12517,12578,61,243,243,0,1,100,NoArch
b79c9868ece707c83081797de8a5d8151434b90a,3,128,44,84,0,0,0,4,12,840,2,2,1.344094378,742,567,27,116,107,9,4160,3711,449,37,34,3,1,99.95960004,NoArch
da4302921e300f660568fcc1788eaafad07824f5,1,3,3,0,0,0,0,1,3,641,1,1,0,200,568,28,7,7,0,907,907,0,4,4,0,0,100,NoArch
4cbd91d4946b8e90a2b81b15bd6c6cc9607478fc,1,9,9,0,0,0,0,4,15,11,1,1,0,229,861,3,33,33,0,1472,1472,0,20,20,0,1,100,NoArch
e3626e19bccfedb6d147d23c071ef3b30fb2329c,5,22,31,9,0,0,0,5,21,45,3,4,1.89156618,1414,1074,4,162,161,1,7709,7798,89,67,67,0,1,100,NoArch
f4f033c91ac798efaeeabc5ef856f3b6f186954a,1,2,2,0,0,0,0,4,16,0,1,1,0,229,862,4,33,33,0,1470,1472,2,20,20,0,1,100,NoArch
1cebef8a6b456816c87c00e5deaa8dda27eeed1d,0,0,0,0,0,0,0,0,0,0,0,0,0,0,1300,8,0,0,0,0,0,0,0,0,0,0,100,NoArch
0aa697605ec30d69be3efd70dcbf4691ada4c91a,0,0,0,0,0,0,0,0,0,0,0,0,0,0,1301,9,0,0,0,0,0,0,0,0,0,0,100,NoArch
351a339b0d2431b8064f38d82dc4bb232c2df058,1,2,2,0,0,0,0,4,17,0,1,1,0,229,863,5,33,33,0,1470,1470,0,20,20,0,1,100,NoArch
6b3676ae72d79b31025b360e66163e0c0689ee54,0,0,0,0,0,0,0,0,0,0,0,0,0,0,1075,5,0,0,0,0,0,0,0,0,0,1,100,NoArch
9a3bd32e90b3c2d210cceef63256b1aace4c5823,1,5,4,1,0,0,0,2,3,93,1,1,0,46,569,29,0,0,0,116,140,24,0,0,0,0,100,NoArch
3c83c17787e8a83633557c26cdadc2375cd668d1,1,90,88,2,0,0,0,4,19,93,1,1,0,658,570,30,85,85,0,4408,4412,4,24,24,0,0,100,NoArch
43da1ca798cf694d654cdf410c6a40bebd4dc255,0,0,0,0,0,0,0,0,0,0,0,0,0,0,571,31,0,0,0,0,0,0,0,0,0,0,100,NoArch
69ff572f8808892668aec8efdfaf725805e7c26e,0,0,0,0,0,0,0,0,0,0,0,0,0,0,1302,10,0,0,0,0,0,0,0,0,0,0,100,NoArch
55fef7200a8263e3a8118bdde3bc51bfcd31510c,1,4,3,1,0,0,0,2,2,899,1,1,0,109,1076,6,10,10,0,461,465,4,7,7,0,0,100,NoArch
09c450015e668a3526c7708d710d8692f0d8bfa8,7,474,356,118,3,0,3,2,4,51,1,2,1.808102625,1293,1169,7,173,156,17,8091,7814,277,75,64,11,0,99.96971227,NoArch
dfd4c5680ff6a148bdf5fe5a08e0690cc6485a65,0,0,0,0,0,0,0,0,0,0,0,0,0,0,572,32,0,0,0,0,0,0,0,0,0,0,100,NoArch
8ab1c8d551738061bd19b25ce6bba785e00f9aa0,4,9,11,2,0,0,0,4,18,2554,2,4,1.801609497,654,864,5,81,81,0,3203,3202,1,46,46,0,1,100,NoArch
881c1b7005170ba2c43868f28fc5c8508b6591a5,3,5,3,2,0,0,0,4,12,122,1,2,1.5,427,865,5,39,39,0,1488,1479,9,15,15,0,1,100,NoArch
63a660ac04affba1d6f48da21b5de80b63a31a0a,9,368,144,224,1,0,1,3,15,41,1,3,2.348504031,5095,573,33,926,896,30,25639,24711,928,478,450,28,1,96.02301151,Arch
0309eb33736f8dc3f905b90c8b1731cdadd3c872,1,19,19,0,0,0,0,3,5,40,1,1,0,110,574,34,9,8,1,584,547,37,6,6,0,0,100,NoArch
e7242260337c0a4986c9c49a7fa64df95831fc47,1,26,35,9,0,0,0,2,3,1979,1,1,0,246,575,35,27,27,0,1136,1094,42,13,13,0,0,99.99504067,NoArch
80c2f7918b44d0dd2c77c7c9cc765694967c68a3,0,0,0,0,0,0,0,0,0,0,0,0,0,0,576,36,0,0,0,0,0,0,0,0,0,0,100,NoArch
32c5a2cbaf0286b00c2fbcc5b912977b45b25da5,0,0,0,0,0,0,0,0,0,0,0,0,0,0,577,37,0,0,0,0,0,0,0,0,0,0,100,NoArch
978f59e62829c4583e8798c93345446f3ffecfdf,0,0,0,0,0,0,0,0,0,0,0,0,0,0,578,38,0,0,0,0,0,0,0,0,0,0,100,NoArch
95123fd20917b57963cf0bddd256345e38c2ab26,0,0,0,0,0,0,0,0,0,0,0,0,0,0,579,39,0,0,0,0,0,0,0,0,0,0,100,NoArch
3dd24195e64423e7359fa9a636373517e49624cd,0,0,0,0,0,0,0,0,0,0,0,0,0,0,580,40,0,0,0,0,0,0,0,0,0,0,100,NoArch
ac23437828555281ee61c4affbb7373b8a8c70e0,1,130,131,1,0,0,0,4,8,1674,1,1,0,534,581,41,42,42,0,2986,2966,20,28,28,0,1,100,NoArch
dafc8254caa4bc6853c52a0ae02b506b915ac6c6,1,4,2,2,0,0,0,2,2,1014,1,1,0,210,582,42,12,12,0,1327,1326,1,4,4,0,0,100,NoArch
df72ec507943951ff41fed156b9d6d8de8f507d0,0,0,0,0,0,0,0,0,0,0,0,0,0,0,583,43,0,0,0,0,0,0,0,0,0,0,100,NoArch
1a1ebd965c3adf115625f0bb267aefda06648859,3,10,10,0,0,0,0,5,11,104,1,2,1.295461844,466,866,6,54,54,0,2100,2106,6,25,25,0,1,100,NoArch
99682093d9cd63fb1613eb6b94a7f4bfe547a10a,2,9,6,3,0,0,0,2,4,193,2,2,0.918295834,233,1077,7,31,30,1,1143,1121,22,16,16,0,1,100,NoArch
aaa81deb4061c84fcd2fb2184cb23833b7b4cf40,6,33,31,2,0,0,0,2,50,39,2,2,2.267643025,2008,1078,8,176,179,3,11787,11827,40,106,107,1,1,99.73272619,NoArch
7d7d6fa08a9831d81b18a9818dc4bb0d962336ac,10,30,30,0,0,0,0,7,51,0,2,4,2.64860373,6577,1079,9,1007,1007,0,34039,34039,0,516,516,0,0,95.85267256,Arch
20d3bdb4eb5474472f8d4decb09db1521e68878f,2,167,2,165,1,0,1,2,2,96,2,2,0.128622436,1315,1080,10,215,198,17,8805,7869,936,107,100,7,1,99.96974129,NoArch
6e363216693a83225df878dc6b38027759b6101b,5,0,488,488,0,4,4,5,8,1411,1,2,2.011396037,487,584,44,0,41,41,0,2225,2225,0,25,25,1,95.8741643,Arch
7d2ac2d9363f01978e856d78a00cc3934b3a1c78,1,2,1,1,0,0,0,3,19,9,1,1,0,584,1081,11,54,53,1,3833,3822,11,23,23,0,0,100,NoArch
109cbe0993c377bc84a4337e3ebd2112b2a02563,2,20,2,18,0,0,0,2,4,98,2,2,0.439496987,600,1082,12,115,113,2,3120,3043,77,40,39,1,1,100,NoArch
86afe187c1edef91ff3610019092f29697e523bf,0,0,0,0,0,0,0,0,0,0,0,0,0,0,585,45,0,0,0,0,0,0,0,0,0,0,100,NoArch
c0b39615d4d341f29ee32c7694e51edd8dd8705f,1,28,4,24,0,0,0,1,2,787,1,1,0,745,586,46,90,88,2,3842,3741,101,44,43,1,0,100,NoArch
5b5bc45b17bd0b33ec302c5b8c4da6a2d8d34f4d,1,65,53,12,0,0,0,2,2,195,1,1,0,597,587,47,108,106,2,2590,2505,85,46,46,0,1,100,NoArch
2a5d0821b181d7e784346776e60b2ab2e128c31d,0,0,0,0,0,0,0,0,0,0,0,0,0,0,122,0,0,0,0,0,0,0,0,0,0,1,100,NoArch
ae61847d025e76ba23876e1ba3f05f3d26f8a741,6,224,43,181,1,0,1,1,4,136,2,5,2.186635735,3492,588,48,665,659,6,18088,17280,808,235,235,0,1,99.98742138,NoArch
1958aeb069966b6d443d93418e1e4b767b937f8f,1,2,1,1,0,0,0,3,4,5,1,1,0,1602,589,49,288,288,0,8598,8595,3,102,102,0,1,100,NoArch
a25df91fcd5c7df483cbe62024ecb72363476fb2,0,0,0,0,0,0,0,0,0,0,0,0,0,0,590,50,0,0,0,0,0,0,0,0,0,1,100,NoArch
af8f5f9ec9f43c8a163c952a3643c30da7e86d15,1,32,12,20,0,0,0,4,5,205,1,1,0,110,591,51,12,12,0,733,601,132,5,5,0,1,100,NoArch
15598081a1fa687dca800e37e665955137bed4d2,3,283,39,244,2,0,2,1,15,616,1,2,1.381485568,218,592,52,60,38,22,2372,1237,1135,24,7,17,1,99.97485015,NoArch
4d37271c5ae8612e114e580b0bbfc9f442ec1b6c,1,3,2,1,0,0,0,4,6,0,1,1,0,130,593,53,12,12,0,739,733,6,5,5,0,1,100,NoArch
359d8ebcfadb2b8c6ddaadeb3cb9d0ea9d71fc76,1,1,1,0,0,0,0,1,1,0,1,1,0,51,123,1,5,5,0,198,196,2,2,2,0,1,99.98323695,NoArch
d8766963a9e20e6a8ba93affa06854b5fd5dae51,0,0,0,0,0,0,0,0,0,0,0,0,0,0,124,2,0,0,0,0,0,0,0,0,0,1,100,NoArch
38f24afbd569b7747c01a5bd415cc276d8069885,0,0,0,0,0,0,0,0,0,0,0,0,0,0,125,3,0,0,0,0,0,0,0,0,0,1,100,NoArch
85aa6b24012ac46ae11fddad711f7e6bf08c6030,0,0,0,0,0,0,0,0,0,0,0,0,0,0,126,4,0,0,0,0,0,0,0,0,0,0,100,NoArch
eff119471d5eef1325b06fe9cd2cfa3695808f26,4,46,66,20,1,1,2,1,4,832,2,3,1.290027492,403,867,7,36,35,1,1714,1826,112,20,19,1,1,99.97904618,NoArch
7011ea5b132509878e031c4347671904569c77c1,0,0,0,0,0,0,0,0,0,0,0,0,0,0,594,54,0,0,0,0,0,0,0,0,0,1,100,NoArch
a0f785a758caf00ad9f98c298e8e10b2cb4adcbe,0,0,0,0,0,0,0,0,0,0,0,0,0,0,127,5,0,0,0,0,0,0,0,0,0,1,100,NoArch
1b27f9539360d3a60db25c017a1515510a753142,0,0,0,0,0,0,0,0,0,0,0,0,0,0,868,8,0,0,0,0,0,0,0,0,0,1,100,NoArch
59d13ad913f9a129dcfc724b89b1090a06898d86,1,21,12,9,0,0,0,6,30,117,1,1,0,1709,595,52,125,125,0,10811,10798,13,44,44,0,1,100,NoArch
f551570d4c069755cff3e6d6cd905c7380e1c490,1,2,2,0,0,0,0,1,2,908,1,1,0,401,596,53,36,36,0,1750,1750,0,21,21,0,1,100,NoArch
735f2c034df30cbc768a9bd6cc381316f2d24a2e,1,2,2,0,0,0,0,1,3,905,1,1,0,309,597,54,30,30,0,1461,1461,0,16,16,0,1,100,NoArch
90790952d65d2e8dea51e130461d9ebe9b713410,2,29,29,0,0,0,0,1,4,0,1,1,0.362051252,710,598,51,67,66,1,3253,3211,42,38,37,1,1,100,NoArch
1898869fbcacfa343d50a4a786857b7498093986,3,11,0,11,0,0,0,2,2,213,1,1,1.494918848,1334,599,45,200,198,2,4919,4879,40,159,157,2,1,100,NoArch
3bffaf7e4c7a845bac73770d76e0b726a9c39834,4,115,0,115,1,0,1,3,4,78,2,2,1.61506886,3659,1083,11,611,597,14,20352,19656,696,294,290,4,0,99.99161918,NoArch
aa1310c70cb372f1ade9c3465c53d8ffc37ca06a,1,74,0,74,1,0,1,1,1,0,1,1,0,0,1084,12,10,0,10,234,0,234,8,0,8,0,99.98324186,NoArch
1cd3bd8d95c03da2c3e8ee5817ae0aacf6d267db,1,16,0,16,0,0,0,1,2,0,1,1,0,16,1085,13,0,0,0,56,56,0,0,0,0,0,100,NoArch
5d4d7487e4100db4ad4b9af1fe2cb61a5c05cb3b,1,26,2,24,0,0,0,2,3,0,1,1,0,255,600,43,44,39,5,1696,1558,138,39,34,5,0,100,NoArch
f5d8a05ed7957f42c3a734891bc7f36f60891889,1,40,24,16,0,0,0,2,2,333,1,1,0,288,601,44,28,27,1,2070,1938,132,10,10,0,1,100,NoArch
94f71ccf40ed115cd370aff9d79bcd2454f244c6,2,104,0,104,1,0,1,1,3,4,2,2,0.137099479,178,869,9,20,9,11,1084,604,480,13,8,5,1,99.98324607,NoArch
f5360a727d44a5590b49368d7ff9918ff01a646e,1,0,0,0,0,0,0,1,1,0,1,1,0,107,870,9,0,0,0,324,324,0,0,0,0,0,99.98324818,NoArch
0dcdab784b3473ba5d3b43387a4324bcd422294f,3,219,33,186,1,0,1,3,5,481,2,2,0.922223553,2974,1086,13,511,493,18,18312,17245,1067,190,184,6,1,99.99162479,NoArch
503d3c3fd132dbd09357c8aa847cf803025df082,0,0,0,0,0,0,0,0,0,0,0,0,0,0,871,10,0,0,0,0,0,0,0,0,0,1,100,NoArch
a30dd301149c68a911eec3b04378cfc1b82cd63e,0,0,0,0,0,0,0,0,0,0,0,0,0,0,602,34,0,0,0,0,0,0,0,0,0,0,100,NoArch
fd46439e7e7aeeb4bde35fb942cb7882edfab548,1,15,5,10,0,0,0,1,2,11,1,1,0,102,872,10,13,11,2,534,454,80,6,5,1,1,100,NoArch
33c564259c52a26b90146e9805e6fac4ee83bed7,1,6,4,2,0,0,0,1,1,0,1,1,0,112,873,11,13,13,0,529,534,5,6,6,0,1,99.98325098,NoArch
f0fce84c02036c3386878792df2a9e8fd8f34c86,0,0,0,0,0,0,0,0,0,0,0,0,0,0,874,12,0,0,0,0,0,0,0,0,0,1,100,NoArch
06e67e02bb338635d1a9ed0d183480193661f6b7,0,0,0,0,0,0,0,0,0,0,0,0,0,0,128,6,0,0,0,0,0,0,0,0,0,0,100,NoArch
a6bceeb6da065e91f23baf9fc0a5dd2b0b7c5eae,1,26,4,22,0,0,0,1,2,0,1,1,0,114,875,11,14,13,1,648,529,119,6,6,0,1,100,NoArch
8bf0e43ed380f27c923c31aa910bf1eaa5a8d336,0,0,0,0,0,0,0,0,0,0,0,0,0,0,876,12,0,0,0,0,0,0,0,0,0,1,100,NoArch
144be7c2774dd67524684711d1824bb4790d1568,1,43,10,33,0,0,0,3,4,14,1,1,0,625,603,31,86,84,2,2080,1929,151,79,79,0,1,100,NoArch
5ffb7a849a2df086612186287600367a5d296f2b,0,0,0,0,0,0,0,0,0,0,0,0,0,0,604,32,0,0,0,0,0,0,0,0,0,1,100,NoArch
77c0cf92061a08f22da8e087956401779b29a971,0,0,0,0,0,0,0,0,0,0,0,0,0,0,877,11,0,0,0,0,0,0,0,0,0,1,100,NoArch
77312e5a6487dd2bd384bf3cf167cef6b61aa658,1,1,0,1,0,0,0,2,27,122,1,1,0,1037,1303,0,164,164,0,6408,6406,2,40,40,0,1,100,NoArch
3602973cae23384a6cf5ec4eedf4372379eafbcc,1,2,2,0,0,0,0,1,2,232,1,1,0,76,1304,1,5,5,0,275,275,0,2,2,0,0,100,NoArch
0dfa5f483ce5386aa4e3b48fb929577a6e9af9a9,3,15,11,4,0,0,0,2,28,102,1,1,1.295737801,1259,1305,2,190,188,2,7237,7222,15,54,53,1,0,100,NoArch
2dd8b61a4b3b6dcb3bf495cbb6af5bff00bc5e42,1,1,3,2,0,0,0,6,31,21,1,1,0,1718,605,22,125,125,0,10812,10811,1,44,44,0,1,100,NoArch
6d2f262cebf44370f1c90192696ace9ff1567630,1,13,5,8,0,0,0,3,8,867,1,1,0,223,606,22,21,21,0,952,936,16,12,12,0,0,100,NoArch
d0823a337c9fa886b9fbcfaf18ad563ced49082e,0,0,0,0,0,0,0,0,0,0,0,0,0,0,878,11,0,0,0,0,0,0,0,0,0,1,100,NoArch
d0a06160e0fe25881669cfbef53d30432c4cb21a,0,0,0,0,0,0,0,0,0,0,0,0,0,0,1306,3,0,0,0,0,0,0,0,0,0,0,100,NoArch
9fece8f3bc8e8a5e6ae50a7130c4a784c224f130,1,13,9,4,0,0,0,4,9,44,1,1,0,533,607,22,42,42,0,3035,2986,49,28,28,0,1,100,NoArch
61cbe46fc6c0e47402e04d608feae6518a120b70,2,29,10,19,0,0,0,2,2,543,2,2,0.89049164,337,879,12,36,32,4,1494,1415,79,18,15,3,1,100,NoArch
c5184983cf3453f4dfd7c8c2ad17ca3868b6c7dd,2,123,2,121,1,0,1,1,3,83,2,2,0.795040279,1366,608,23,275,270,5,8613,8105,508,71,70,1,1,99.99162689,NoArch
af9a1f0d0f5d00897e9ab42499245d138582a4e1,1,28,27,1,0,0,0,4,10,236,1,1,0,255,609,22,24,23,1,1634,1594,40,12,12,0,1,100,NoArch
6dce677baae882f5a933cbee66905bf99c907b6a,1,5,5,0,0,0,0,2,2,153,1,1,0,179,9,0,10,10,0,503,503,0,3,3,0,1,100,NoArch
80d06056821846d867335fc62ec6e79cd4eb6a92,1,37,21,16,0,0,0,3,3,49,1,1,0,437,610,23,83,82,1,2077,2032,45,26,26,0,1,100,NoArch
6473236e34fc516b8a126b8ebfaca5f5e1d14ef1,1,4,2,2,0,0,0,2,3,303,1,1,0,125,611,24,9,9,0,622,608,14,5,5,0,0,100,NoArch
37423d661c440fa5fe3420e9b0c0bf8c5d5d67ae,3,158,131,27,0,0,0,1,29,194,2,2,0.297728922,1485,1307,4,263,256,7,8684,8507,177,79,76,3,0,100,NoArch
15298cb1b4325e3cc8169356676027f21617bac8,1,2,2,0,0,0,0,2,30,0,1,1,0,1055,1308,5,171,169,2,6542,6518,24,40,40,0,0,100,NoArch
0cb78fa1dea3fcd8915cc8bbf4a2d926e0e60ee4,0,0,0,0,0,0,0,0,0,0,0,0,0,0,612,24,0,0,0,0,0,0,0,0,0,0,100,NoArch
095224f32708301060c0510f0e2030d31d5ae81e,0,0,0,0,0,0,0,0,0,0,0,0,0,0,613,25,0,0,0,0,0,0,0,0,0,0,100,NoArch
43e2083f41206a88e28ead45cbfb97283f81b60d,2,88,3,85,1,0,1,1,7,1063,1,2,0.350563821,254,10,1,38,35,3,1470,1158,312,20,17,3,1,99.991629,NoArch
8012f2851120d5ebf840d0a4bbecc222f77369c3,17,808,110,698,2,0,2,1,29,298,3,11,2.139699869,6490,1087,4,1166,1092,74,39654,35560,4094,465,435,30,1,99.96233994,NoArch
91b0780af3135fbcd36a1a2a5b2ba246503b43d0,0,0,0,0,0,0,0,0,0,0,0,0,0,0,1088,5,0,0,0,0,0,0,0,0,0,0,100,NoArch
c441e3a66caede2236ce5936d329dd7772e470e4,1,7,11,4,0,0,0,2,12,172,1,1,0,91,1309,6,3,4,1,567,573,6,2,2,0,0,100,NoArch
2e622a4e15ca847bfcaf4c7c4c01f02519d4da27,0,0,0,0,0,0,0,0,0,0,0,0,0,0,880,13,0,0,0,0,0,0,0,0,0,1,100,NoArch
0bfa0cdf1a62b4b05411bd7d3b39fee895be1981,2,12,0,12,0,0,0,2,5,147,1,1,0.811278124,617,11,2,73,71,2,1702,1658,44,37,36,1,1,100,NoArch
9988fff773cf2390f37f211e17dba4fc047c378b,1,3,3,0,0,0,0,2,3,7,1,1,0,157,1089,6,34,33,1,685,675,10,12,12,0,1,100,NoArch
8e6ce9f7d79c54c657fc458237d92de67886ea0d,1,31,0,31,0,0,0,5,16,99,1,1,0,420,12,3,41,38,3,2860,2693,167,11,10,1,0,100,NoArch
d87073b1440bba456168da442510069e02e5d87b,3,9,4,5,0,0,0,3,11,1506,1,1,1.52623491,399,614,22,41,41,0,1842,1832,10,16,16,0,1,100,NoArch
c57ac819bed3051aacd023d346c7b3d1216b8616,1,1,1,0,0,0,0,3,7,1038,1,1,0,60,1090,7,3,3,0,287,287,0,2,2,0,1,100,NoArch
373ed3622c763d2f6ecf2336c9af869f5bf861ea,0,0,0,0,0,0,0,0,0,0,0,0,0,0,1310,7,0,0,0,0,0,0,0,0,0,0,100,NoArch
a55aae00e73aad844bbacd2afdd03c1459179882,0,0,0,0,0,0,0,0,0,0,0,0,0,0,615,21,0,0,0,0,0,0,0,0,0,0,100,NoArch
ef24cc9a045da960161fd0ee9f6839b2164e9333,1264,0,346,346,138,4,142,1,7,6,2,71,1.90452176,149384,616,22,11902,11939,37,723683,724734,1051,6886,6909,23,1,70.25072088,Arch
bf787569d24f16eecb917b71ab03cbbda1722314,1,4,3,1,0,0,0,3,5,10,1,1,0,1510,1091,8,287,287,0,8908,8911,3,72,72,0,1,100,NoArch
960481c7e881d58a7509b765a2a4dffcdd22bd2a,0,0,0,0,0,0,0,0,0,0,0,0,0,0,1311,8,0,0,0,0,0,0,0,0,0,0,100,NoArch
d6e8a5b988c9adc0911b4f43550a0b9397e130ca,1,6,4,2,0,0,0,2,2,248,1,1,0,1149,1092,9,164,164,0,7496,7490,6,49,49,0,1,100,NoArch
11083236137e5f7d4d5531a6d3ded6f9e556a2ab,0,0,0,0,0,0,0,0,0,0,0,0,0,0,881,13,0,0,0,0,0,0,0,0,0,1,100,NoArch
70e2715d91da5b4242970e5ea43d0a783a1a1ca4,0,0,0,0,0,0,0,0,0,0,0,0,0,0,882,14,0,0,0,0,0,0,0,0,0,1,100,NoArch
0b09fde97cba544fb0f31de72ce89202bdb97c6e,1,6,0,6,0,0,0,1,2,2,1,1,0,254,617,23,17,17,0,1364,1328,36,14,14,0,1,100,NoArch
99c2b2e2d2767ee81ca0f3551299f436a289fa18,1,5,1,4,0,0,0,3,6,0,1,1,0,1511,618,24,288,287,1,8937,8908,29,72,72,0,1,100,NoArch
d977b0c9bb6dcf9b145964377be49a7c7c537764,3,52,22,30,0,0,0,2,2,249,1,2,1.425613238,645,619,24,88,88,0,2981,2836,145,46,46,0,1,100,NoArch
e35c39bbcf7b11755990502d8ac0167eb4e02cc2,1,3,4,1,0,0,0,3,7,0,1,1,0,1515,620,25,288,288,0,8926,8937,11,72,72,0,0,100,NoArch
5fc2535edf979cdc2cf793b6f27188dadeb4d392,1,225,218,7,0,0,0,3,8,0,1,1,0,1514,621,26,288,288,0,8837,8926,89,72,72,0,0,100,NoArch
a5dd237a601f798138d40eaa3f61be0bc778971e,1,24,7,17,0,0,0,3,9,0,1,1,0,1521,622,27,295,288,7,8907,8837,70,72,72,0,0,100,NoArch
bac12438409fe17c4ac31f75617f5bbaeb7b8ee3,1,1,1,0,0,0,0,2,3,132,1,1,0,1533,1093,10,266,266,0,6910,6902,8,67,67,0,1,100,NoArch
94f1f27c356e1e044991376f23c9831a438e7b61,0,0,0,0,0,0,0,0,0,0,0,0,0,0,883,14,0,0,0,0,0,0,0,0,0,1,100,NoArch
30a9fe104dd9a716ce2cc901c18451b1aaa19bba,3,91,18,73,0,0,0,2,4,104,2,3,0.996061373,1243,1094,11,190,184,6,6938,6536,402,86,81,5,1,100,NoArch
b1a7e750993832af401aaa841b9bfbb15234f8cb,0,0,0,0,0,0,0,0,0,0,0,0,0,0,884,15,0,0,0,0,0,0,0,0,0,1,100,NoArch
a8b6f8bb4536979535eed51d26f74c4739c6fe73,1,8,3,5,0,0,0,2,2,5,1,1,0,1036,1095,12,93,92,1,4165,4130,35,39,39,0,0,100,NoArch
f1eb92eaaceea888363e20e8e41cb6e0613fefc2,1,266,157,109,0,0,0,3,10,2,1,1,0,1538,623,25,316,295,21,9288,8907,381,78,72,6,1,100,NoArch
1e86ac05089adc85c1ea9833ea92300af7b843ec,0,0,0,0,0,0,0,0,0,0,0,0,0,0,624,26,0,0,0,0,0,0,0,0,0,0,100,NoArch
d2c901f0ca712d1d46b1cc8825485052cb62a9d5,1,37,19,18,0,0,0,1,2,5,1,1,0,111,625,27,9,8,1,736,622,114,6,5,1,1,100,NoArch
0f3fdd7aa7b09775a036fcd5d8ba8d9b09d9f3fe,1,34,25,9,0,0,0,1,2,6,1,1,0,175,626,27,15,12,3,999,935,64,10,10,0,0,100,NoArch
7e87cf26851c149c84d1fe8ef633f371aa167ffd,3,75,20,55,0,0,0,2,4,90,2,2,0.485162354,875,1096,13,118,111,7,5074,4647,427,43,43,0,1,91.43572427,Arch
dc3eb911fafcf2764e7d935a59a114068b5a98ee,0,0,0,0,0,0,0,0,0,0,0,0,0,0,885,16,0,0,0,0,0,0,0,0,0,1,100,NoArch
0d27c49bbf0886f63662934a90247d8b0d2b0b6c,3,97,2,95,1,0,1,4,8,140,2,2,0.894525899,335,886,17,47,40,7,1859,1481,378,27,21,6,1,99.97115662,NoArch
b8bbca6773343ef627d4e14f8f6470c310cd5756,1,4,2,2,0,0,0,1,2,8,1,1,0,170,627,27,14,14,0,1219,1209,10,5,5,0,1,100,NoArch
f88b21613b9298da74c22188ebb10d769caec770,1,106,103,3,0,0,0,1,3,0,1,1,0,172,628,28,14,14,0,1228,1219,9,5,5,0,1,100,NoArch
fe2489fc4be41be593403b6f0bf24c1789365a87,0,0,0,0,0,0,0,0,0,0,0,0,0,0,629,29,0,0,0,0,0,0,0,0,0,0,100,NoArch
7f022c93795cc0c1e33309edcea8399d077ca578,1,43,38,5,0,0,0,1,4,0,1,1,0,175,630,29,14,14,0,1254,1228,26,5,5,0,1,100,NoArch
75d4b7643f1cb690cd5f7a71d1bfb2cb958aafba,2,106,2,104,0,0,0,2,4,44,1,1,0.780584932,220,1097,11,21,11,10,1378,760,618,14,10,4,0,100,NoArch
849baa6fbcfaab64de494888f5cf9e4346d15c05,2,150,0,150,1,0,1,1,4,68,2,2,0.826746372,2624,631,29,358,354,4,9811,9302,509,195,191,4,1,99.98269896,NoArch
972176ea332be5da2f8af1c16eff84fe411e087d,2,212,0,212,1,0,1,1,11,1,2,2,0.043241545,1647,632,30,320,316,4,10236,9288,948,80,78,2,1,98.43620424,NoArch
9a2d3d8613cdb2f6e4ce5a1616262700a752d946,2,6,1,5,0,0,0,2,2,174,1,2,0.985228136,669,13,4,104,103,1,3618,3608,10,48,47,1,1,100,NoArch
863f47997e6b48d97cf2040f567ce7b1e2818c05,1,1,2,1,0,0,0,2,3,0,1,1,0,325,14,5,68,67,1,1857,1853,4,11,11,0,1,100,NoArch
a3bfd17e7da907706b4b9ec3f2037c17fd91b4e6,0,0,0,0,0,0,0,0,0,0,0,0,0,0,633,31,0,0,0,0,0,0,0,0,0,0,100,NoArch
e8deea92b67cc4024dd9be880c463f98e7970280,2,16,8,8,0,0,0,2,4,1074,2,1,1,142,887,17,12,11,1,599,496,103,10,10,0,1,99.99391061,NoArch
436ca9e1eb01c23d07b325444948533ad4e7f576,0,0,0,0,0,0,0,0,0,0,0,0,0,0,1098,12,0,0,0,0,0,0,0,0,0,0,100,NoArch
2ebba60265a46ba495a5598abe4330e3c255e830,1,1,1,0,0,0,0,2,2,254,1,1,0,48,1099,13,2,2,0,204,204,0,1,1,0,0,100,NoArch
d5056d5fdcc1f348fe485515796383abd8ff9c76,1,1,1,0,0,0,0,3,5,1,1,1,0,263,1100,14,19,19,0,1134,1134,0,12,12,0,0,100,NoArch
88beb15763c28b6392a2b3a9e479df37c75e62b5,2,20,66,46,0,0,0,2,6,0,1,1,0.740147043,324,1101,15,21,21,0,1549,1378,171,14,14,0,0,100,NoArch
acd1eda4026cd4f56cb0f0efd73fb92e32ec75b1,1,5,2,3,0,0,0,1,3,29,1,1,0,136,888,17,14,14,0,642,648,6,6,6,0,1,100,NoArch
d84e8e182644b71564b79d13ac095b95ec41037b,3,11,5,6,0,0,0,2,7,28,1,1,1.298794941,319,1102,16,24,23,1,1745,1679,66,17,16,1,0,100,NoArch
e20234e2cb32139530a4274814d52e989adee080,1,1,1,0,0,0,0,3,8,0,1,1,0,207,1103,17,20,20,0,1213,1213,0,13,13,0,0,100,NoArch
964f8ca375fef2557cc38d2fc3baec98089a45cf,4,117,10,107,1,0,1,2,9,0,2,2,1.258235342,370,1104,18,37,29,8,2599,2007,592,26,21,5,0,99.97564688,NoArch
3527a4cfa0dfe60f08ee641e3eeaf1e33496b691,2,28,22,6,0,0,0,2,8,1,1,2,0.958042022,184,889,18,16,14,2,798,810,12,11,10,1,1,100,NoArch
081b823c2da319ad327fd1018555b09136bb404f,2,0,229,229,0,2,2,1,5,1609,1,1,0.87752217,229,890,19,0,26,26,0,1109,1109,0,11,11,1,99.9756454,NoArch
38a63c15fba4fe05f208be7e61ba1d38e81aefa6,0,0,0,0,0,0,0,0,0,0,0,0,0,0,1105,19,0,0,0,0,0,0,0,0,0,0,100,NoArch
6028ec4d3589bc4440c2a5a81704855c2d7c9a4c,0,0,0,0,0,0,0,0,0,0,0,0,0,0,891,20,0,0,0,0,0,0,0,0,0,1,100,NoArch
f383ca1de40b2c9bf2b2957579cbd21be5fbfb24,2,15,18,3,0,0,0,3,12,11,1,1,0.32984607,2045,1106,20,370,370,0,10340,10347,7,126,126,0,1,100,NoArch
4751a9c38cb13599110104f481301a2f07a62b1c,1,33,10,23,0,0,0,2,4,112,1,1,0,2333,634,32,126,126,0,15137,14947,190,91,91,0,1,100,NoArch
856e5061d7bc4d73878c315225ef8db2a9f8a2b1,2,107,69,38,1,0,1,1,2,5,1,1,0.999627371,505,635,33,31,26,5,3238,2898,340,15,12,3,0,99.07396199,NoArch
c3724484718cb7c3404a9502b271eef0d45aac92,1,50,38,12,0,0,0,3,13,8,1,1,0,1645,1107,20,319,316,3,9374,9288,86,78,78,0,1,100,NoArch
a34970a95941da4a69c77ee8fff938659c0aabde,1,0,1,1,0,0,0,3,14,0,1,1,0,1657,1108,21,319,319,0,9370,9374,4,78,78,0,0,100,NoArch
0d529af312c9bc1bd0560e67b549f0012cda5937,3,3,2,1,0,0,0,4,10,9,2,2,1.521928095,403,892,20,33,33,0,2109,2117,8,21,21,0,1,100,NoArch
274d228114a04d363847dfece6f0bafc30ff99aa,1,2,1,1,0,0,0,2,2,20,1,1,0,155,1109,22,7,7,0,869,868,1,4,4,0,0,100,NoArch
7b19989e324c143567ac6f049bd71ead9a342523,2,10,2,8,0,0,0,1,2,20,1,2,0.811278124,1926,636,33,145,145,0,11980,11980,0,56,56,0,1,100,NoArch
8d560fe39a453fdf0701917fd6fdd04e0160ce59,0,0,0,0,0,0,0,0,0,0,0,0,0,0,129,1,0,0,0,0,0,0,0,0,0,1,100,NoArch
a57108cfa6cf017364357cfbfa8cdb2c3fc9c950,1,23,13,10,0,0,0,3,5,10,1,1,0,2356,893,18,125,126,1,15190,15137,53,91,91,0,0,100,NoArch
88d85ae552d6d0ee1b01c98d4750226783ac3d0e,3,26,2,24,0,0,0,2,15,16,2,3,1.530618995,3866,1110,23,659,655,4,21493,21345,148,213,213,0,1,100,NoArch
5d9a6b67eb1cbde355f9814b3acc0f3930130e0b,1,41,17,24,0,0,0,3,4,2178,1,1,0,278,637,32,20,20,0,1397,1336,61,13,13,0,0,100,NoArch
6b2786a191378f835f042e3402d631f5c2b6393d,1,5,1,4,0,0,0,3,6,0,1,1,0,2366,638,33,125,125,0,15236,15190,46,91,91,0,0,100,NoArch
5b533c7c37c6f960a296f648b3ba51abdb684129,1,74,98,24,0,0,0,1,2,23,1,1,0,231,639,34,18,21,3,896,952,56,12,12,0,0,100,NoArch
4650f998db6d1fc349b56840e5bd4e53893c4b0e,1,4,3,1,0,0,0,1,2,23,1,1,0,356,640,35,53,53,0,2120,2116,4,33,33,0,0,100,NoArch
37ad85e3bdd9c8f27a3197342fb06008053638c9,1,17,11,6,0,0,0,2,2,270,1,1,0,230,1111,24,36,35,1,1256,1239,17,12,12,0,1,100,NoArch
4835bbc7246b55a3fa5e4f7d8333dd1207807693,0,0,0,0,0,0,0,0,0,0,0,0,0,0,641,36,0,0,0,0,0,0,0,0,0,0,100,NoArch
1c9626b5a3812f0a754ae0bb3c36fdc6205d5e57,1,17,11,6,0,0,0,1,2,23,1,1,0,166,642,37,16,16,0,965,930,35,7,7,0,0,100,NoArch
5219fa1a177aba188a48c0d2447dbad17ead9e1e,19,357,383,26,0,0,0,1,2,19,1,1,3.155935822,3812,643,38,337,338,1,18015,18046,31,150,151,1,0,92.93050414,Arch
993377fedfa846a7f4a3bb0c47bed0d4f753445c,0,0,0,0,0,0,0,0,0,0,0,0,0,0,1112,25,0,0,0,0,0,0,0,0,0,0,100,NoArch
7da4da0476bfe06932e4920e8ef61f30c9286162,0,0,0,0,0,0,0,0,0,0,0,0,0,0,894,17,0,0,0,0,0,0,0,0,0,0,100,NoArch
6a097b97fe0ae316de93280271f31dffddd4bbbe,2,11,0,11,0,0,0,2,3,14,1,2,0.994030211,1747,1113,26,130,128,2,10968,10947,21,48,47,1,1,100,NoArch
fc519e186a4d30265e74f24e8a31669e8fc8e32d,10,182,5,177,0,0,0,2,5,124,5,7,3.218929837,570,1114,27,57,57,0,3174,3008,166,43,43,0,0,100,NoArch
09756d5ada9452738114325a2e66427d53fc91bc,1,12,8,4,0,0,0,1,3,624,1,1,0,180,644,39,10,10,0,827,790,37,10,10,0,0,100,NoArch
8bb58947166a23eb1bcbebf41f30ae9d93b688a2,0,0,0,0,0,0,0,0,0,0,0,0,0,0,1115,28,0,0,0,0,0,0,0,0,0,0,100,NoArch
5e257808f31e0aa63a98d0e9c5030dd052964d2d,0,0,0,0,0,0,0,0,0,0,0,0,0,0,1116,29,0,0,0,0,0,0,0,0,0,0,100,NoArch
d0a64168441a08aa323a6881db444b935c186ee3,0,0,0,0,0,0,0,0,0,0,0,0,0,0,1117,30,0,0,0,0,0,0,0,0,0,0,100,NoArch
d338d8a0d63af8b8c0ac153f0346ea5c2f24f4e1,1,4,0,4,0,0,0,3,35,17,1,1,0,1109,767,32,174,173,1,7218,7203,15,40,40,0,1,100,NoArch
539a5f162ebb328c068b214ad582e86b2a50e556,2,236,0,236,1,0,1,1,23,8,2,2,0.123949868,2894,768,33,536,514,22,13482,12635,847,270,252,18,1,99.98872096,NoArch
ddbe83ac19b37ba7c44fb3146df2be74a1ca87e5,1,0,1,1,0,0,0,1,2,0,1,1,0,232,769,34,21,21,0,830,832,2,18,18,0,0,100,NoArch
7a11f59505d29f56bd23f45a8081595678119452,2,203,28,175,1,0,1,1,5,9,2,2,0.904757671,314,770,35,65,53,12,3044,2113,931,16,8,8,1,99.97744954,NoArch
b8518e0b911cb92d7bc140e9cea77a021c6c9054,1,2,2,0,0,0,0,1,4,6,1,1,0,956,771,36,124,124,0,5688,5684,4,54,54,0,0,100,NoArch
0b8b230983989079bf30e67a48b54e71f99ad077,1,15,5,10,0,0,0,3,3,597,1,1,0,118,772,35,19,18,1,587,572,15,9,9,0,1,100,NoArch
6e7365640d96654b0e858aa09254e5d9bd75d1e8,0,0,0,0,0,0,0,0,0,0,0,0,0,0,1386,9,0,0,0,0,0,0,0,0,0,0,100,NoArch
5f301c40fa49722094c1b578fcea8661a5dd4065,1,2,1,1,0,0,0,1,2,120,1,1,0,30,1387,10,0,0,0,44,31,13,0,0,0,0,99.97181987,NoArch
c5344c9179e9cf91d6d3e0454410fb36a1e63a65,0,0,0,0,0,0,0,0,0,0,0,0,0,0,1388,11,0,0,0,0,0,0,0,0,0,0,100,NoArch
7db8987ca6fdb3ce4f65d30a4178c0ccc483b525,0,0,0,0,0,0,0,0,0,0,0,0,0,0,1389,12,0,0,0,0,0,0,0,0,0,0,100,NoArch
0168a826f7d426dde8178605317a2e459ba29f4a,2,200,42,158,1,0,1,1,5,17,2,2,0.994030211,820,773,31,144,135,9,4657,3847,810,82,77,5,1,99.97745971,NoArch
3513728f0f33ea6b65d8a79a135efd1ecfe79f54,1,22,8,14,0,0,0,3,36,18,1,1,0,1113,774,32,180,174,6,7264,7218,46,40,40,0,0,100,NoArch
6cd3bd06a76aff411f7aa56a0bb247054a69f89c,1,8,1,7,0,0,0,2,4,18,1,1,0,227,775,33,7,7,0,1261,1206,55,6,6,0,0,100,NoArch
44e3c22652abfaa90c251c3c970f7cabf8c3654b,1,1,0,1,0,0,0,3,37,0,1,1,0,1127,776,32,180,180,0,7271,7264,7,40,40,0,0,100,NoArch
3845c7caa744dca4d9144f1c55842efa0bf437a4,3,44,3,41,0,0,0,3,11,136,1,2,0.75390776,1212,777,32,157,153,4,7571,7287,284,59,58,1,1,100,NoArch
ada9e00b6dc23f95e21d1819b10f15ebf38bdee4,1,1,1,0,0,0,0,2,3,404,1,1,0,1151,1161,0,164,164,0,7496,7496,0,49,49,0,1,100,NoArch
6ee4c66fc353f45ab254e6da2b91c2c1ad86312a,0,0,0,0,0,0,0,0,0,0,0,0,0,0,778,30,0,0,0,0,0,0,0,0,0,0,100,NoArch
8ab19345208cfbe87a182cad1dc3c575db9119f7,1,10,6,4,0,0,0,2,3,360,1,1,0,79,779,29,6,6,0,329,321,8,5,5,0,0,100,NoArch
205c6bec88b890e7044de315bee5910ad01fc38e,1,4,1,3,0,0,0,3,38,5,1,1,0,1128,780,30,181,180,1,7295,7271,24,40,40,0,0,100,NoArch
bbab23ee7b17e97ff9ea8267a5c037ea474cbb27,1,2,1,1,0,0,0,3,39,0,1,1,0,1131,781,31,181,181,0,7303,7295,8,40,40,0,0,100,NoArch
6e5f231a8a1f133cd71063be040d2db1810e40aa,2,103,0,103,2,0,2,1,1,0,2,2,0.815102505,0,782,29,6,0,6,443,0,443,3,0,3,1,99.8985401,NoArch
8db5d9599d55b89b22f145c41150a094c457dd64,0,0,0,0,0,0,0,0,0,0,0,0,0,0,783,30,0,0,0,0,0,0,0,0,0,0,100,NoArch
97502bd61edd9a7f817a243931efe914b6fdf28b,4,33,11,22,0,0,0,1,13,335,2,3,1.791830715,2785,784,31,458,454,4,14003,13947,56,141,140,1,1,99.89294568,NoArch
edd8166cb1a4f8fb90b0efdc97358c348fbecbf2,2,80,68,12,0,0,0,7,10,38,1,1,0.980947013,424,926,2,67,63,4,1920,1844,76,34,34,0,1,100,NoArch
21ddc985917edf7ceafa9f5c7ca81dfde5d85c07,0,0,0,0,0,0,0,0,0,0,0,0,0,0,1390,7,0,0,0,0,0,0,0,0,0,1,100,NoArch
fec73ddbc1376f3bc5b323829d0d407142cfad9c,1,6,5,1,0,0,0,1,3,45,1,1,0,36,1391,8,1,1,0,120,75,45,1,1,0,0,97.70180833,Arch
7ef79f2d2a0d9a83f617555df4863633097d77e2,0,0,0,0,0,0,0,0,0,0,0,0,0,0,1392,9,0,0,0,0,0,0,0,0,0,0,100,NoArch
2484c67cb148a49376ce98b5d5327e010bff74e6,1,70,0,70,0,0,0,3,12,17,1,1,0,196,785,28,21,13,8,1403,965,438,12,10,2,1,100,NoArch
e2b932ef033187b6e54aef79c4b2567fc84a14af,1,64,49,15,0,0,0,3,13,0,1,1,0,266,786,28,22,21,1,1550,1403,147,12,12,0,1,100,NoArch
5415f3a6aac887de8ddac3b0da0b1304c69f5e44,1,30,5,25,0,0,0,9,37,921,1,1,0,517,787,25,76,74,2,2817,2715,102,9,9,0,1,100,NoArch
166ab43c90a8f1c14872621e6fb4ae97d6c2a2f2,2,28,30,2,0,0,0,9,38,1275,1,1,0.622634316,649,788,26,90,90,0,3282,3285,3,15,15,0,1,100,NoArch
afe2e3ca08efc5150c334fd97fd9119a21bf7f56,0,0,0,0,0,0,0,0,0,0,0,0,0,0,927,1,0,0,0,0,0,0,0,0,0,0,100,NoArch
661801ebcd3c051f38044cb8936f17365caa3d8d,0,0,0,0,0,0,0,0,0,0,0,0,0,0,928,2,0,0,0,0,0,0,0,0,0,1,100,NoArch
e8eb58ada3a2490415da9cbc686b551cac8416e5,3,44,33,11,0,0,0,2,40,216,1,2,1.390511124,1490,1393,7,237,233,4,8956,8878,78,74,73,1,0,100,NoArch
7938cc6943316f4b86022fb5b6e769329241963d,1,13,3,10,0,0,0,3,41,0,1,1,0,1137,1394,8,184,182,2,7361,7330,31,41,41,0,1,100,NoArch
06dae40d94618d4fedcc6fd262eeb1b3a57ccda2,0,0,0,0,0,0,0,0,0,0,0,0,0,0,929,3,0,0,0,0,0,0,0,0,0,1,100,NoArch
e3fb8be2ba5245a0dad037a35675a3d63ee0deb0,2,21,8,13,0,0,0,2,14,232,2,2,0.849751137,2523,930,4,433,429,4,13251,13180,71,126,126,0,1,100,NoArch
baf8c499b33172ac7120c0ac53167a485ed2cbad,0,0,0,0,0,0,0,0,0,0,0,0,0,0,1395,5,0,0,0,0,0,0,0,0,0,1,100,NoArch
e1224436a7337d4056132abb74aeffe23ee818f9,0,0,0,0,0,0,0,0,0,0,0,0,0,0,931,5,0,0,0,0,0,0,0,0,0,1,100,NoArch
61ff5702612ca998a5cfa52e50e7c33b781f628b,0,0,0,0,0,0,0,0,0,0,0,0,0,0,932,6,0,0,0,0,0,0,0,0,0,1,100,NoArch
a95c6dba1baef600fb97e0ffa9f468796a8da768,20,560,71,489,2,0,2,1,23,389,3,11,2.645083305,9250,1162,0,1429,1372,57,44753,41755,2998,587,557,30,1,99.97575405,NoArch
6b1ffaeee31a59afe39e4c0b0c2faf25aa921b55,1,3,3,0,0,0,0,6,24,65,1,1,0,2898,933,7,515,515,0,12653,12650,3,252,252,0,1,100,NoArch
4834cf15ecd9a8584e37f5c8d0c257e64b05250d,1,0,27,27,0,1,1,2,2,451,1,1,0,27,1163,1,0,1,1,0,40,40,0,1,1,1,99.9903035,NoArch
16cd8c3954c40c2b83c8692fd24b35e272b6ee0e,1,89,0,89,1,0,1,1,1,0,1,1,0,0,1396,6,0,0,0,239,0,239,0,0,0,0,99.9903035,NoArch
dd69af43bc02c99d05b384ff4deecb1e337e7451,0,0,0,0,0,0,0,0,0,0,0,0,0,0,789,7,0,0,0,0,0,0,0,0,0,1,100,NoArch
b98067732b1feff34c5abf5b40fb8a1207396ea6,1,28,13,15,0,0,0,1,6,126,1,1,0,179,1397,7,13,11,2,1115,1015,100,6,5,1,0,100,NoArch
6167c49fc116958c123bcdd0100bca50ffed8181,0,0,0,0,0,0,0,0,0,0,0,0,0,0,934,8,0,0,0,0,0,0,0,0,0,1,100,NoArch
34f33293703d6274f45d4c90dcbc65c723adc787,2,3,2,1,0,0,0,4,16,196,1,2,0.970950594,3958,1398,5,709,707,2,20764,20738,26,218,218,0,0,100,NoArch
d2836d1362ad262d2354530519f38cad4963c10b,1,7,1,6,0,0,0,4,9,456,1,1,0,254,1399,6,37,35,2,1225,1158,67,17,17,0,1,100,NoArch
8302262e2e932d4b698faf9477b80e754a771f3a,0,0,0,0,0,0,0,0,0,0,0,0,0,0,790,3,0,0,0,0,0,0,0,0,0,1,100,NoArch
2019a21d96d9cd24164505f4b4ce9885fc462e53,4,13,40,27,0,0,0,1,7,92,2,4,1.190434336,870,1400,5,79,79,0,5187,5273,86,49,49,0,0,100,NoArch
33ec1cf99b05b2ee59d1fff39fe1a7b476fabd8c,4,146,5,141,1,0,1,4,6,126,2,2,0.600062649,896,935,6,150,130,20,5984,5308,676,57,43,14,1,99.84944879,NoArch
72e484c68fca3770bde4c9a9d39b955742210418,4,61,7,54,0,0,0,3,14,291,1,1,1.234645962,725,1170,0,65,61,4,4321,4041,280,37,35,2,0,100,NoArch
2f8381cbe4a31a985b24c74241d407fb92408b98,0,0,0,0,0,0,0,0,0,0,0,0,0,0,936,6,0,0,0,0,0,0,0,0,0,1,100,NoArch
8335dfcf777dd03eb9ac8266f3272f8f3a52e6b6,4,74,45,29,0,0,0,1,10,0,1,2,1.017833315,1214,1171,1,164,157,7,7487,7327,160,62,58,4,0,100,NoArch
d57ebf88f0f99f93b3ed221041c3f7ca42a4dc6f,1,2,1,1,0,0,0,3,3,327,1,1,0,361,791,2,60,60,0,2112,2112,0,19,19,0,1,100,NoArch
b3e58a5b33ecf3c1c0c7a8a99e4cd9ec71097ccb,1,9,2,7,0,0,0,2,2,730,1,1,0,184,792,3,24,23,1,752,682,70,13,13,0,1,100,NoArch
cb52dd47f471571f94679867e44dd2ba79d61ce2,0,0,0,0,0,0,0,0,0,0,0,0,0,0,793,4,0,0,0,0,0,0,0,0,0,1,100,NoArch
5f0dd8ab5348fd4f6e483debfcd2b68f8043b8ff,0,0,0,0,0,0,0,0,0,0,0,0,0,0,794,5,0,0,0,0,0,0,0,0,0,0,100,NoArch
840ca30e90d02dadda311f2c9ce44a8045bd6801,1,29,3,26,0,0,0,3,3,441,1,1,0,365,795,6,61,58,3,1997,1909,88,24,24,0,1,100,NoArch
34ce33613cc6814d9d00bca544c6edd471d46708,1,1,1,0,0,0,0,3,4,0,1,1,0,391,796,7,62,61,1,2003,1997,6,24,24,0,1,100,NoArch
1a4f47bf74e6cd7beb9701c18f56a44f2f93c2d4,0,0,0,0,0,0,0,0,0,0,0,0,0,0,797,8,0,0,0,0,0,0,0,0,0,0,100,NoArch
86e2426d1b78cf15fd20828951b07cfddee7bdf9,1,631,0,631,1,0,1,1,1,0,1,1,0,0,1401,5,127,0,127,3331,0,3331,51,0,51,0,99.99027048,NoArch
9988a3c94fc75163b55e2e7fb936bd8cc8a7ae07,1,76,0,76,0,0,0,3,6,109,1,1,0,1098,798,9,38,37,1,6944,6401,543,29,28,1,0,100,NoArch
25d774b6dd48d6a0a44d871bc59e434064504658,1,40,9,31,0,0,0,4,11,130,1,1,0,88,35,0,5,3,2,611,416,195,3,2,1,0,100,NoArch
74ba0529d22b6aa9faa5680f6d18433bdc7f2399,3,28,11,17,0,0,0,6,12,1044,2,3,1.250204985,2364,937,4,389,387,2,12116,12001,115,196,195,1,1,100,NoArch
25028b0bba29c2728ce079a5bdcbea4e13bd1c2e,0,0,0,0,0,0,0,0,0,0,0,0,0,0,799,10,0,0,0,0,0,0,0,0,0,1,100,NoArch
bb7c33124b3d8d201c32f0cb99c516db5666606e,0,0,0,0,0,0,0,0,0,0,0,0,0,0,134,0,0,0,0,0,0,0,0,0,0,0,100,NoArch
87b654a533fe09b91c6f6390c0a46089128fded3,0,0,0,0,0,0,0,0,0,0,0,0,0,0,135,1,0,0,0,0,0,0,0,0,0,0,100,NoArch
8abbfb2376c98fde9ce6cec1ec47348bb6599611,0,0,0,0,0,0,0,0,0,0,0,0,0,0,136,2,0,0,0,0,0,0,0,0,0,0,100,NoArch
c50b8e49c453748405a480a7bf466ae01eda6cca,3,211,45,166,1,0,1,1,17,51,2,2,1.239213988,2454,800,10,451,435,16,13503,12618,885,134,126,8,1,99.97081286,NoArch
4b868f4700e6a97fdba6dcd279c5048b3dff626d,1,1355,1361,6,0,0,0,2,8,140,1,1,0,1718,801,11,34,126,92,2069,10875,8806,16,44,28,0,99.99513524,NoArch
ec11e82664459ccc47e8fbd5a999d19d63f8402d,1,1202,1197,5,0,0,0,2,9,0,1,1,0,1712,802,12,113,34,79,9884,2069,7815,42,16,26,0,99.99513524,NoArch
975b7819cfdeec74bc952180a0b1d97e681cd91e,1,18,3,15,0,0,0,3,3,22,1,1,0,191,938,3,27,24,3,825,752,73,13,13,0,1,100,NoArch
f80071f65d7965d974b97437db3e9a75cce524a7,1,7,3,4,0,0,0,2,3,221,1,1,0,126,803,13,9,9,0,736,695,41,5,5,0,0,100,NoArch
de49f2e873dacf0338e3531562a942fc4bc62d73,1,9,6,3,0,0,0,8,30,900,1,1,0,415,804,14,58,58,0,1912,1888,24,15,15,0,1,100,NoArch
2b99f39a5be229d8982e9378248c7e32df9147a0,11,529,86,443,2,0,2,1,8,333,2,3,2.549479276,3042,805,14,511,463,48,15185,13388,1797,280,256,24,1,99.28242688,NoArch
1982d54224c4ca1613d44d6061f55ca38587f621,4,143,13,130,2,0,2,1,8,174,2,2,1.767676902,1084,806,15,160,154,6,7156,6835,321,64,59,5,1,99.2825334,NoArch
1408e7f63bb08add9ad2dde64e4bb629de9019ee,3,115,16,99,0,0,0,5,14,1055,2,3,1.002204569,2882,1164,0,263,255,8,10100,9630,470,130,129,1,1,100,NoArch
141052bcf5796e29fc63532459910413524e754d,0,0,0,0,0,0,0,0,0,0,0,0,0,0,1165,1,0,0,0,0,0,0,0,0,0,0,100,NoArch
a971b648ea8f9fcaa376f93811a3abaee7c667e1,2,4,0,4,0,0,0,2,7,347,2,2,0.811278124,2153,1166,2,280,280,0,10406,10358,48,79,79,0,1,100,NoArch
92b6bd23cf8f387ce1042f64b7f2a4a237898408,1,1,0,1,0,0,0,2,4,334,1,1,0,1038,1167,3,68,68,0,5867,5861,6,27,27,0,1,100,NoArch
07369531ea484cc3b11ba1b6c8357713500b51e3,11,235,83,152,0,0,0,4,25,361,1,3,2.919990321,9899,1172,2,1687,1650,37,46112,45775,337,725,698,27,1,99.99513619,NoArch
cf9cccacf88a1c8e119b21967f66f71a5272163f,1,13,4,9,0,0,0,6,26,0,1,1,0,2889,1173,3,519,519,0,12526,12442,84,253,253,0,1,100,NoArch
ae5abf143b93d388dfa243ab3ff982a50811f29c,0,0,0,0,0,0,0,0,0,0,0,0,0,0,1402,1,0,0,0,0,0,0,0,0,0,0,100,NoArch
dda5c93cd8b26effd83202ba7f37b97a48827d3b,3,85,7,78,0,0,0,3,8,133,2,2,1.159348308,2166,1168,4,176,167,9,12352,11888,464,101,97,4,0,100,NoArch
11ed6b0e18ba1023792365c05a4f8f5fdc271b62,0,0,0,0,0,0,0,0,0,0,0,0,0,0,807,16,0,0,0,0,0,0,0,0,0,0,100,NoArch
6a3bbba09bd84f0ff80b2a2627244d7442920b02,30,2381,0,2381,30,0,30,1,1,0,1,28,4.854016532,0,1169,5,83,0,83,8322,0,8322,44,0,44,0,99.66065542,NoArch
ac8e38fb69b91f5282cdb5e007551391e85231af,0,0,0,0,0,0,0,0,0,0,0,0,0,0,808,17,0,0,0,0,0,0,0,0,0,0,100,NoArch
0826fdcf0645016f4a88fc785aaa21dce5855f75,2,20,23,3,0,0,0,1,8,258,2,2,0.159350063,1916,809,18,298,298,0,8746,8749,3,81,81,0,1,100,NoArch
17bf5c7d69dc3793a1dad26cf957f2977fd93716,2,67,9,58,0,0,0,2,4,434,2,2,0.485460761,493,1170,6,54,51,3,2987,2553,434,28,24,4,1,100,NoArch
20f384ce59b758a0f3c1b0e0620e2efd58ca230a,2,7,1,6,0,0,0,2,9,0,2,2,0.954434003,1913,1171,7,298,298,0,8798,8746,52,81,81,0,1,100,NoArch
194c6535cd807d680003bf5aa5cdb9cb40fd98fb,0,0,0,0,0,0,0,0,0,0,0,0,0,0,810,17,0,0,0,0,0,0,0,0,0,1,100,NoArch
1e5dac11fad48f4d909dbe85d2f7c91be4989e6f,6,128,39,89,2,0,2,3,13,257,1,2,2.37972341,465,811,17,43,41,2,2456,2306,150,32,29,3,1,99.97101869,NoArch
3940f2dffd7f6c26710b016b0065b1a5621ea61f,0,0,0,0,0,0,0,0,0,0,0,0,0,0,812,18,0,0,0,0,0,0,0,0,0,1,100,NoArch
acbe5499b5ff07f1cbae42dd6ecdbcb9edaa64b4,1,46,36,10,0,0,0,1,2,527,1,1,0,257,813,18,26,26,0,1390,1302,88,10,10,0,0,100,NoArch
a2c297dc19fa4753f5750b4affd7489358befd18,1,1,1,0,0,0,0,2,4,144,1,1,0,97,814,17,10,10,0,526,526,0,5,5,0,0,100,NoArch
02185be527e3a28eee8c82031e6d8ad6c6736916,1,1,1,0,0,0,0,3,6,294,1,1,0,296,36,1,34,34,0,1667,1667,0,14,14,0,1,100,NoArch
b4f880a75c090be8166a77223d5ca70cef737ada,1,14,11,3,0,0,0,2,2,246,1,1,0,201,815,16,10,10,0,1217,1176,41,7,7,0,0,100,NoArch
563cc1bc6a79a76270d83bd34d52672131f36835,0,0,0,0,0,0,0,0,0,0,0,0,0,0,1403,1,0,0,0,0,0,0,0,0,0,0,100,NoArch
c5c4caadcfcaa1a326f8018dbdd7ec05ddb232c3,2,157,1,156,0,0,0,4,13,87,1,1,0.870188335,223,816,16,24,13,11,2112,1155,957,16,9,7,1,99.97102569,NoArch
4a270fe1f0bf78087e1f7ed342f30b80e06a1559,3,229,0,229,3,0,3,1,1,0,1,2,1.50901635,0,817,17,11,0,11,1164,0,1164,8,0,8,1,99.96620806,NoArch
13bbe52646aa55d5e813446c687bb91bebae80d9,19,414,115,299,2,0,2,2,10,383,4,8,2.816966781,6318,1172,8,1036,1019,17,30179,28873,1306,411,402,9,1,98.15844514,NoArch
708be6d82222831be87e9da04a8f6d09a9b51b94,12,32,29,3,0,0,0,3,9,223,1,5,3.35600537,5885,1173,9,1037,1037,0,28789,28709,80,546,546,0,1,100,NoArch
55a8ef54b55bcea9c8110f2899c22d969e10701f,2,33,1,32,0,0,0,3,20,349,1,1,0.997502546,651,1174,10,82,76,6,2168,1983,185,49,45,4,1,100,NoArch
ed5d841c217aa2a0251dd09dded56f79e503c330,3,198,63,135,0,0,0,4,42,51,1,2,0.797801224,1526,818,11,232,208,24,10232,9473,759,61,57,4,1,100,NoArch
5cadb04ad3dc25ab03ee2c9250810163410be9ca,3,23,5,18,0,0,0,2,14,346,2,3,0.589626181,3491,1175,7,559,558,1,20435,20340,95,212,211,1,1,100,NoArch
0f6561bae087a6168fe465a5d42155aa02b546ad,1,10,4,6,0,0,0,3,43,2,1,1,0,1274,819,12,210,209,1,8089,8038,51,45,45,0,1,100,NoArch
805d88af24c449d88011bf1293019deb5e9835e0,0,0,0,0,0,0,0,0,0,0,0,0,0,0,939,0,0,0,0,0,0,0,0,0,0,0,100,NoArch
0061f6f75538ede8fe3443925e64beb839abfb90,1,8,0,8,0,0,0,3,15,18,1,1,0,3040,1176,4,517,515,2,18036,17999,37,184,184,0,1,100,NoArch
82c4ab83eddff7b2dd6bb5884fb9cff181b0185a,5,219,35,184,0,0,0,2,11,389,2,3,1.607690704,2872,1177,5,403,380,23,15202,14202,1000,123,121,2,1,100,NoArch
45c399d8107715b8caa198044c69eae713ec1fe8,2,90,4,86,1,0,1,1,9,10,2,2,0.579763675,584,820,4,107,102,5,4377,3966,411,38,35,3,1,99.9837715,NoArch
a7533ba92285a2910dfe8faad7d1492cf9ff7ab3,7,33,17,16,0,0,0,3,10,379,2,4,2.051346433,3666,940,1,422,417,5,19367,19273,94,194,193,1,1,100,NoArch
ccde93a238b8882818d724c665787d547cc289e7,1,131,0,131,1,0,1,1,1,0,1,1,0,0,941,2,4,0,4,726,0,726,3,0,3,1,99.98377501,NoArch
dd286e2381d163ef3a77833dcb5e7d0e36b42104,1,11,0,11,0,0,0,1,2,820,1,1,0,120,1404,1,8,8,0,361,311,50,5,5,0,1,100,NoArch
c45523fa4d8f6e0f425992e6f9872642ef78141f,1,13,2,11,0,0,0,1,2,571,1,1,0,769,821,5,91,90,1,3895,3842,53,45,44,1,1,100,NoArch
aed6b0054a52d27d423a3a3f087414a8985b08a2,0,0,0,0,0,0,0,0,0,0,0,0,0,0,1178,6,0,0,0,0,0,0,0,0,0,0,100,NoArch
ae84399b97071b1ed8046dd2628177da44ebfed0,1,10,4,6,0,0,0,3,3,42,1,1,0,204,1179,7,10,10,0,1250,1217,33,7,7,0,0,100,NoArch
90d6c2042d72738fb064826ff579a17caf8cf635,2,23,20,3,0,0,0,2,16,173,2,2,0.271389588,3227,1180,8,537,536,1,19068,19054,14,194,194,0,1,100,NoArch
ddd4d9fff2c381e81bc44519777a37802b19df8d,0,0,0,0,0,0,0,0,0,0,0,0,0,0,822,6,0,0,0,0,0,0,0,0,0,1,100,NoArch
798eb1fc131cd34c0cf4ea31a5d787aba5f3c484,1,1,1,0,0,0,0,3,11,2,1,1,0,1719,823,7,113,113,0,9896,9896,0,42,42,0,1,100,NoArch
0ba311f14b13a15d121e607b1107d34a27c816a9,1,1,1,0,0,0,0,6,27,62,1,1,0,2898,1181,9,519,519,0,12526,12526,0,253,253,0,0,100,NoArch
c7aad77a166e4555d07a4a9c62e22352429b8ee7,3,11,9,2,0,0,0,2,3,24,1,1,1.521928095,282,1182,10,33,33,0,1308,1296,12,17,17,0,0,100,NoArch
42b4e0c8102ab5eb12d70f8ef15ad232eb54edcd,1,3,1,2,0,0,0,8,31,69,1,1,0,418,824,8,58,58,0,1939,1912,27,15,15,0,1,100,NoArch
1773e2c11cc3fdcc92e2d84bbc5ebb7c5a8e77f9,2,113,0,113,1,0,1,1,4,130,2,2,0.711180663,492,825,8,84,75,9,2475,2005,470,46,43,3,1,99.98918568,NoArch
7c50c1c7363f1b582075e7a54b0254bc1eff0b7f,1,84,18,66,0,0,0,3,6,6,1,1,0,465,1183,11,69,58,11,2747,2361,386,23,22,1,0,100,NoArch
7e28d2a948404df1d73be55a0fa4db81760fb402,1,2,2,0,0,0,0,1,2,824,1,1,0,199,826,8,15,15,0,985,987,2,4,4,0,1,100,NoArch
4dc1ddcd21e59de465d063a6a780dc2c241cd262,1,3,2,1,0,0,0,4,15,120,1,1,0,280,37,0,21,21,0,1573,1556,17,11,11,0,0,100,NoArch
3630a41fc9d20745fb3943845dbfd70b3dbda8ea,6,434,2,432,4,0,4,2,28,141,3,5,1.905012066,3011,1184,10,579,531,48,15393,13087,2306,279,257,22,1,99.90266061,NoArch
65034359a560b8ccf93cd404e32eca53c7e85d9d,0,0,0,0,0,0,0,0,0,0,0,0,0,0,915,0,0,0,0,0,0,0,0,0,0,1,100,NoArch
d0ab117a38b516833991793094fc9defb9025c1f,2,46,29,17,0,0,0,2,5,574,1,1,0.953197173,1105,827,8,195,189,6,6506,6691,185,52,48,4,1,100,NoArch
5e05bae6097a980f3829092030ce4b049fd09e94,0,0,0,0,0,0,0,0,0,0,0,0,0,0,828,8,0,0,0,0,0,0,0,0,0,0,100,NoArch
894d988c491c2c5ea18d572304006fc5df4b69fc,0,0,0,0,0,0,0,0,0,0,0,0,0,0,829,9,0,0,0,0,0,0,0,0,0,0,100,NoArch
717345f499fb022bc5e82496b6ff1d29092aad0d,1,182,0,182,1,0,1,1,1,0,1,1,0,0,830,10,13,0,13,952,0,952,5,0,5,1,99.97836785,NoArch
67273afa5af4473a962b70224afe3842abf04868,0,0,0,0,0,0,0,0,0,0,0,0,0,0,831,11,0,0,0,0,0,0,0,0,0,0,100,NoArch
25a1dd071a5e2d5c32b4998d69de306d2ea7dae0,4,103,13,90,0,0,0,1,4,420,3,4,1.123824984,849,1185,9,129,110,19,5467,4886,581,43,38,5,1,100,NoArch
f155083a61df2027638d128b1e954d6ab30f27ab,2,29,1,28,0,0,0,2,3,676,2,2,0.650022422,1321,1186,10,185,182,3,6696,6515,181,55,54,1,0,100,NoArch
45e14626099467042b2d4df395803b6ac843b8e0,1,2,2,0,0,0,0,3,4,734,1,1,0,329,1405,1,42,42,0,1103,1095,8,22,22,0,0,100,NoArch
4e4d072d6e7bffb1529349f7af11bccdf2d8ff86,2,69,2,67,0,0,0,1,6,240,1,2,0.312733376,1326,832,12,184,180,4,8593,8104,489,47,46,1,1,100,NoArch
40aa15ce529e48465cdb1fc55568d07e064ef427,1,6,6,0,0,0,0,3,5,0,1,1,0,329,1406,2,42,42,0,1115,1103,12,22,22,0,0,100,NoArch
53ec6655b09cfe24a2dea94d4511183f4f0b2d1e,1,1,1,0,0,0,0,4,7,0,1,1,0,966,833,13,170,170,0,5943,5948,5,38,38,0,1,100,NoArch
92860ae62288d18d491a4424e163ae6af7ba6b65,6,483,42,441,1,0,1,1,3,434,2,4,1.418415709,687,1187,4,137,96,41,6651,3639,3012,66,44,22,1,99.96756581,NoArch
85bb229aa71564ab379fadac064464eb05bb8157,3,237,51,186,1,0,1,1,3,539,2,2,1.026743434,1088,834,8,188,178,10,7571,6727,844,90,84,6,1,99.98919269,NoArch
8b8e726eec0534265de37876c4c540b412c87c7b,7,415,131,284,4,0,4,1,4,0,1,3,2.681889989,837,1188,5,118,96,22,6536,5427,1109,51,39,12,1,99.93519819,NoArch
a52c014648f47a7a9c2c78d990079757bbb35e76,1,3,6,3,0,0,0,1,5,0,1,1,0,501,1189,6,90,90,0,3259,3284,25,28,28,0,1,100,NoArch
eb99e05d3aefc76bd1dbc021e237f9d70d79d24e,2,8,0,8,0,0,0,2,2,866,1,1,1,505,1174,0,87,82,5,2181,2135,46,39,37,2,0,100,NoArch
2d861dae652bf47925893b8003645da4b1fb51d2,5,183,108,75,0,0,0,2,6,565,2,2,1.631705029,1348,835,9,212,206,6,7630,7545,85,76,72,4,1,100,NoArch
174fe15b3058341b4d4c200c6e6fbaa786e44fda,11,241,66,175,0,0,0,1,29,533,4,8,3.411147507,4654,836,10,876,848,28,20090,19873,217,433,419,14,1,100,NoArch
b3c132780b192ba1f74324a2156a93b3962dda4f,5,100,81,19,0,0,0,1,2,620,1,1,1.632060681,1178,837,11,63,63,0,6830,6794,36,39,39,0,0,100,NoArch
01704eece00e82e3cd50206732e88b04cb46a9b3,1,25,2,23,0,0,0,6,30,0,1,1,0,2936,838,12,529,525,4,12692,12617,75,257,257,0,1,100,NoArch
8f4ebbb40eec530669fed031a3fc397b490caac6,8,882,0,882,7,0,7,1,2,109,1,4,2.580026723,104,1175,1,124,12,112,4375,341,4034,79,7,72,1,92.18026797,Arch
6585d5c874f10a9ab9bcd20d1feb0b566aa3ea6e,1,5,27,22,0,0,0,2,2,873,1,1,0,222,1176,2,27,26,1,888,1089,201,4,4,0,0,98.69455175,NoArch
e59ea6d03fec9f62be45ab5995792c3d1b54e47e,2,59,3,56,0,0,0,4,16,96,1,1,0.404448386,670,38,1,61,57,4,4194,3873,321,31,29,2,0,100,NoArch
2b2bdd675d7ff7783ec687475ca0724f4beddfaf,0,0,0,0,0,0,0,0,0,0,0,0,0,0,839,13,0,0,0,0,0,0,0,0,0,1,100,NoArch
8d480b451a2c5183de85b0f2f3961b60a4154e75,8,234,63,171,1,0,1,3,31,115,3,5,1.510200387,4144,1190,6,715,696,19,20141,19330,811,337,328,9,1,99.95547923,NoArch
4d3923a2427aa8f8e313fa13a9d3bb9d2a717241,1,0,1,1,0,0,0,1,7,0,1,1,0,565,1191,7,100,100,0,3622,3628,6,30,30,0,1,100,NoArch
b92a315599d53b07e2ed4eff1c6f0345f048c0a8,7,672,0,672,7,0,7,1,1,0,1,2,2.649456225,0,1177,3,77,0,77,3304,0,3304,34,0,34,1,99.75863821,NoArch
61877f3477448b5cdda9c094de6f54a3d37037fe,0,0,0,0,0,0,0,0,0,0,0,0,0,0,1178,4,0,0,0,0,0,0,0,0,0,1,100,NoArch
8b61c3919c6b2487ff1594491fb2fb28ce4983e3,2,4,2,2,0,0,0,1,2,632,1,1,1,259,840,13,14,14,0,1252,1248,4,8,8,0,0,100,NoArch
e8ea6cd95cf0ed287f4c9d42a47cad5401d212a1,3,206,18,188,1,0,1,1,9,41,2,3,1.568660907,1439,1192,8,264,245,19,7929,6796,1133,152,144,8,1,99.98730964,NoArch
8635a06e4aac1af3c3d0d7e80e110fbd7988bc03,1,1,1,0,0,0,0,3,7,14,1,1,0,333,1193,9,56,55,1,2232,2228,4,9,9,0,1,100,NoArch
56070afa01fe1720f1790699a9810e1d28b2d414,3,241,39,202,1,0,1,1,2,6,1,2,1.578712463,332,1179,5,63,56,7,1749,1338,411,43,41,2,0,92.20484799,Arch
1160f1a221b99b4df8a12e29bd98c50f1d7669a6,0,0,0,0,0,0,0,0,0,0,0,0,0,0,1194,9,0,0,0,0,0,0,0,0,0,0,100,NoArch
f66e9a1f166ae4cde90e9ab0fbb99a08ab0606b0,0,0,0,0,0,0,0,0,0,0,0,0,0,0,1195,10,0,0,0,0,0,0,0,0,0,0,100,NoArch
65ba623c967b9def8acd13c0b08e6504c0a68049,2,2,1,1,0,0,0,3,11,95,2,2,0.918295834,1680,1196,11,306,305,1,8817,8801,16,108,108,0,1,100,NoArch
ba2e8d4b073cbff3ea389b0c5c44bb83336762fb,1,1,1,0,0,0,0,2,2,634,1,1,0,263,1197,12,10,10,0,1252,1252,0,5,5,0,1,100,NoArch
0d98623b7b2d768e4374aead79e652856d6cbe5e,1,168,0,168,1,0,1,1,1,0,1,1,0,0,1180,6,25,0,25,589,0,589,16,0,16,1,97.20240749,Arch
f71e2fe21a93552bf762f63fc0dc6605499143f8,9,102,9,93,0,0,0,2,19,235,1,4,2.714498736,5562,1181,7,811,801,10,27414,27042,372,340,330,10,1,97.20860263,Arch
feb71c3c6ef6e3c81e736a1ac4abbe1dcb922d9f,2,13,1,12,0,0,0,2,4,592,1,2,0.985228136,300,1198,13,39,36,3,1256,1167,89,20,18,2,1,100,NoArch
f4d51e092b7eabc5f34e001a911cc1e8a79ce413,2,45,6,39,1,0,1,2,3,270,1,1,0.936667382,171,1407,2,16,11,5,1243,1076,167,12,7,5,0,99.97855803,NoArch
3c776cfc444b145d6db294813bc24f49b38da075,1,176,0,176,1,0,1,1,1,0,1,1,0,0,841,13,13,0,13,768,0,768,7,0,7,1,99.97857066,NoArch
30fc80ccc9c50df95e95e11f47bc2fb71f797919,0,0,0,0,0,0,0,0,0,0,0,0,0,0,1199,14,0,0,0,0,0,0,0,0,0,1,100,NoArch
84ce96b2dd718848a1acb5333a3129f4ddc5220e,1,30,5,25,0,0,0,1,2,2034,1,1,0,69,842,14,6,4,2,361,239,122,3,2,1,0,99.98393574,NoArch
2ea02bc8fb4968f1fdf1a18b5d0596b4a86a9823,2,80,1,79,1,0,1,1,9,1,1,2,0.635489638,629,1200,15,111,110,1,4489,4129,360,32,31,1,1,99.98929222,NoArch
634a81898c4db442222ba58ec3ef779f2868dfd4,11,309,45,264,0,0,0,2,32,383,4,7,1.847224843,4464,0,0,750,702,48,23064,21334,1730,329,315,14,1,97.13492504,Arch
0525f88639b1a14686ed96a3507eccb238235144,2,9,0,9,0,0,0,2,2,897,1,2,0.99107606,237,1,1,37,33,4,915,877,38,12,10,2,1,100,NoArch
3222767e796a23ed96478e68858774cb45740bfc,2,96,1,95,1,0,1,1,5,15,2,2,0.753715348,609,2,2,178,172,6,3735,3250,485,65,61,4,1,99.9884673,NoArch
9f26e0b6400b1a2a81e86122386b54c2e3e37d5c,1,8,1,7,0,0,0,2,2,897,1,1,0,41,3,3,4,3,1,198,157,41,1,1,0,1,100,NoArch
0525772190019c6a012c007d1b39f1078b700a3b,4,139,13,126,0,0,0,2,4,448,2,2,1.448761404,771,4,4,120,105,15,4703,4015,688,60,54,6,1,100,NoArch
a0c1781c4e909d35030d9762eaa70cf37639a569,2,23,0,23,0,0,0,4,5,519,2,2,0.558629373,1470,0,0,119,117,2,9548,9403,145,60,59,1,1,100,NoArch
8d4fef8af2a29e1f81e39f088b6ceb893e131f01,2,46,16,30,0,0,0,2,11,0,1,2,0.987956501,949,5,5,158,158,0,6230,6065,165,45,44,1,1,100,NoArch
1eca0313562c7e1d38b9d6f0c23478438b7f9943,0,0,0,0,0,0,0,0,0,0,0,0,0,0,0,0,0,0,0,0,0,0,0,0,0,0,100,NoArch
ccc85af301366e9410b6b850f720dd887fe2f62f,0,0,0,0,0,0,0,0,0,0,0,0,0,0,0,0,0,0,0,0,0,0,0,0,0,0,100,NoArch
40af36e93443e4ae1a302530f52ca662f9ef79ab,1,12,0,12,0,0,0,2,2,776,1,1,0,200,1,1,19,17,2,562,496,66,12,11,1,0,100,NoArch
29453d67935b4eff368c7ad87ab7d30aaed11cb8,0,0,0,0,0,0,0,0,0,0,0,0,0,0,1,1,0,0,0,0,0,0,0,0,0,0,100,NoArch
b588d6cb9b3503343f9426caa6aa765d0cc1f83c,2,6,1,5,0,0,0,2,7,378,2,2,0.985228136,996,6,6,151,150,1,4653,4620,33,83,83,0,1,100,NoArch
8320e66b5de42ce797708699bfffa6bb6c1b3fa1,2,16,3,13,0,0,0,2,33,284,2,2,0.485460761,3265,2,2,561,559,2,14491,14397,94,279,279,0,1,100,NoArch
a3a22efb257c76794becc6de02186c7abfecc440,2,9,2,7,0,0,0,4,4,216,1,1,0.945660305,832,2,2,128,126,2,3139,3105,34,76,74,2,0,100,NoArch
a63a8320eabbe4e988b6d67eb6cf84aa0d294e0a,2,51,2,49,0,0,0,3,8,253,1,2,0.386018901,768,39,1,118,116,2,5076,4753,323,36,34,2,1,98.02615645,NoArch
d2f4d76f835258bc09b778519913dcca642532a3,2,73,3,70,1,0,1,1,44,49,1,2,0.350010593,1280,3,3,211,210,1,8490,8089,401,46,45,1,1,99.98725303,NoArch
74b35bc5dd75edb9d9e3250a4362b85d78023d76,2,2,2,0,0,0,0,2,6,53,1,2,1,308,7,7,50,49,1,1217,1211,6,17,17,0,1,100,NoArch
ebe54c46b3103b40b1428dd18df08fecc3d72386,2,193,16,177,1,0,1,1,45,1,1,2,0.714206217,1279,4,4,231,210,21,9162,8081,1081,54,45,9,1,99.97451255,NoArch
b47b9aa64a59d3446780c1f75227750c2b38f72f,0,0,0,0,0,0,0,0,0,0,0,0,0,0,5,5,0,0,0,0,0,0,0,0,0,0,100,NoArch
1f57a6408fe878424d0d32a963582f4befae7399,0,0,0,0,0,0,0,0,0,0,0,0,0,0,3,3,0,0,0,0,0,0,0,0,0,1,100,NoArch
ce5d2a9e9e075aad14c2a7fe1a19473f3419bb40,3,20,8,12,0,0,0,2,4,824,1,3,1.572245179,837,6,6,143,140,3,3704,3635,69,73,70,3,1,100,NoArch
3d6065ea3ff2249b9e96ab1bb56ad3ceceaa91ca,0,0,0,0,0,0,0,0,0,0,0,0,0,0,13,0,0,0,0,0,0,0,0,0,0,1,100,NoArch
0203cde15029bd2df8ff0efc87c54b598ddac9b3,0,0,0,0,0,0,0,0,0,0,0,0,0,0,4,4,0,0,0,0,0,0,0,0,0,1,100,NoArch
edc159901843a88cf6761f25b85c1ee81bacfc46,3,72,24,48,0,0,0,2,2,86,1,2,1.190821416,292,7,7,23,22,1,2005,1571,434,13,12,1,1,99.98088563,NoArch
d1446c3bca26cec7af963c0562b54f95f8e6b43e,5,284,81,203,1,0,1,2,4,374,2,3,1.751645154,1143,8,8,204,170,34,7160,6108,1052,95,87,8,1,99.99362814,NoArch
2eb0203f0271415dc66a8774bb3898be84ed0536,0,0,0,0,0,0,0,0,0,0,0,0,0,0,9,9,0,0,0,0,0,0,0,0,0,0,100,NoArch
0a5b14386fee99ca9d435145dcaaa189728c19e6,3,85,6,79,0,0,0,2,3,33,1,3,1.471090165,618,0,0,78,67,11,3142,2698,444,43,37,6,1,100,NoArch
8d31e44e8d0615632d428f0a6778ce36ba5e02ee,2,66,16,50,0,0,0,2,2,28,1,2,0.780975688,269,1,1,31,25,6,1587,1332,255,17,16,1,1,100,NoArch
5515b9be3fbbef3289844eefd1514e0ae37a5b01,1,2,1,1,0,0,0,2,3,0,1,1,0,122,2,2,18,18,0,602,585,17,15,15,0,1,100,NoArch
6c5732bc5c8fcac4590590c3016b919f4d068d88,8,544,65,479,1,0,1,2,24,223,2,4,1.838210396,3716,8,8,599,572,27,22758,19690,3068,219,201,18,1,99.9617737,NoArch
82766764696ad571fb27f8176fc76fa8be9d0c6f,0,0,0,0,0,0,0,0,0,0,0,0,0,0,10,10,0,0,0,0,0,0,0,0,0,0,100,NoArch
272de3a146b602abe5f5679c6aca283af2be3d22,1,22,6,16,0,0,0,2,2,162,1,1,0,201,11,11,34,32,2,910,777,133,11,11,0,1,100,NoArch
9c75fe7b61f4b6aac639eb692c0989372ab07594,3,35,0,35,0,0,0,3,7,191,2,2,0.500711588,745,1,1,77,76,1,5146,4905,241,53,52,1,1,100,NoArch
fd67eefad63ec1676734fefa1037c1d12bdb35c4,1,1,0,1,0,0,0,3,4,0,1,1,0,186,2,2,11,11,0,1212,1202,10,10,10,0,1,100,NoArch
0ff359341c3adc7404b8485ad90a21696da57139,2,32,14,18,0,0,0,2,9,618,1,1,0.558629373,1482,3,3,331,324,7,7032,6942,90,95,93,2,1,100,NoArch
16c1627ca0324b255b1dcd28105984d1f7faeabb,4,32,2,30,0,0,0,6,10,482,1,2,1.851226816,1884,0,0,322,316,6,8674,8549,125,196,193,3,1,100,NoArch
77bcffc9b96a5fafc174e0aa5d8a5a72d1a853ce,3,60,1,59,0,0,0,2,3,111,1,2,1.248106821,295,12,12,45,39,6,1247,1098,149,20,16,4,1,99.96178344,NoArch
8f8aa0f5e25070fe27b3aa583c60530286211c25,1,7,12,5,0,0,0,2,4,0,1,1,0,256,13,13,38,38,0,963,989,26,13,13,0,1,100,NoArch
272b846b0cc0e865aba1731a27e8eef5ea744639,3,88,2,86,1,0,1,2,2,616,2,3,1.552389217,449,4,4,73,62,11,2537,2256,281,32,28,4,1,99.98726439,NoArch
cdb7bb11ff9351fb342033a863ad626233613873,1,64,27,37,0,0,0,4,4,171,1,1,0,224,14,14,43,39,4,1285,1071,214,17,17,0,1,100,NoArch
e1bbde7302d7d169bec978633d2dd85eba2e19cc,95,589,963,374,0,0,0,4,46,418,2,21,5.319156335,34187,15,15,5402,5554,152,162437,164494,2057,2370,2370,0,1,97.78847325,Arch
25af8e62ccbe1abd1cdfed3347938a71523ee3e7,1,14,5,9,0,0,0,3,6,8,1,1,0,241,5,5,36,35,1,958,935,23,13,13,0,1,100,NoArch
269d44cfdde82ba60f3f3b50b9eca18c29a38e5c,1,4,4,0,0,0,0,3,7,0,1,1,0,250,6,6,36,36,0,960,958,2,13,13,0,1,100,NoArch
a69379d5fb72fe3ac5fff8e8c1dccdeac20071dd,2,2,7,5,0,0,0,5,8,5,1,1,0.99107606,511,7,7,78,79,1,2231,2245,14,30,30,0,1,100,NoArch
d771ebb97e9c01e5751d76bd043dbd4f6ae73253,1,36,0,36,1,0,1,1,1,0,1,1,0,0,5,5,0,0,0,105,0,105,0,0,0,0,99.98832049,NoArch
dd91e8592e6890a8863884250c7fe5ed1d8a85d7,5,26,25,1,0,0,0,2,21,219,2,4,2.194326625,3835,9,3,578,581,3,19132,19138,6,240,239,1,1,100,NoArch
29b90b58129e7a78cc00dabde923002da133efdf,1,2,0,2,0,0,0,4,8,12,1,1,0,162,10,2,27,26,1,668,652,16,11,11,0,1,99.95329831,NoArch
1bc55049e61d8e2eabf2bd010c38fa55fd5324de,2,108,104,4,0,0,0,2,2,694,1,2,0.435208988,248,16,12,17,37,20,564,1104,540,14,27,13,1,100,NoArch
5215fc21d6e4f973bc48110dd8f9aad7ed6b0ced,2,3,3,0,0,0,0,2,3,484,1,2,0.918295834,672,6,5,92,92,0,2760,2747,13,30,30,0,1,100,NoArch
e6e7ba7e448f48c9c1f8a6db891a410c7a0f5b8e,2,108,108,0,0,0,0,2,3,2,1,2,0.628071016,252,17,11,37,17,20,1110,564,546,27,14,13,1,100,NoArch
97bbd2dfe9a48b63be96fe0669747612155dc1b7,0,0,0,0,0,0,0,0,0,0,0,0,0,0,18,11,0,0,0,0,0,0,0,0,0,1,100,NoArch
8d5b9a55876ebaae2f05e037a947c2ee7a9f49f6,7,200,29,171,2,0,2,2,47,397,1,1,2.18794375,1628,7,6,247,232,15,10040,9467,573,72,65,7,0,99.9241496,NoArch
fba8e25563a1d3368025891ffe2df46ea0767a0e,1,1,1,0,0,0,0,5,48,1,1,1,0,1248,19,12,194,193,1,7959,7953,6,45,45,0,1,100,NoArch
f6f22df4f48ce06e61882d980ad64f56f24c5a4e,0,0,0,0,0,0,0,0,0,0,0,0,0,0,8,3,0,0,0,0,0,0,0,0,0,1,100,NoArch
c387522217da4921d3274ff4f1ab93277dface6f,4,116,8,108,0,0,0,3,12,306,2,3,0.965794472,2752,11,3,447,443,4,12720,12263,457,114,112,2,1,100,NoArch
c7d33ad5e43a11c929d8840fd4f89a7eab13f8d0,2,18,40,22,0,0,0,2,5,496,2,2,0.735508582,526,20,10,82,92,10,2229,2330,101,32,32,0,0,100,NoArch
0f90695db7b8edd08348f5772500e3605a8825f6,3,129,10,119,1,0,1,1,9,178,3,3,1.087112833,631,12,4,121,112,9,3768,3174,594,61,55,6,1,99.98833547,NoArch
efaa351db77f7fa52f29214c2d5e17f9e21d2eee,12,381,173,208,3,0,3,1,10,300,3,4,2.893206222,2193,13,5,355,340,15,9383,8446,937,209,199,10,1,99.81341108,NoArch
062adbbe7278f63d3b4102e063e3bfea213754df,2,5,56,51,0,0,0,8,32,326,1,1,0.990479974,840,21,11,129,136,7,3821,4139,318,48,50,2,1,100,NoArch
21420459535335bef22f8d1ced6d3ce5b92d9628,2,88,26,62,0,0,0,2,12,362,2,2,0.831474388,785,22,12,131,122,9,5429,5045,384,48,44,4,1,100,NoArch
8f7dbccf4cd19596c88c691e71c2dfd7c2ff4ebb,1,2,4,2,0,0,0,7,13,0,1,1,0,676,23,13,113,113,0,4546,4555,9,42,42,0,1,100,NoArch
637197bcf72d750f30d93886111126cd5318dc1e,0,0,0,0,0,0,0,0,0,0,0,0,0,0,137,0,0,0,0,0,0,0,0,0,0,1,100,NoArch
488bd9c14d8e403232abfcda86eb6c1db11f3d4a,0,0,0,0,0,0,0,0,0,0,0,0,0,0,138,1,0,0,0,0,0,0,0,0,0,1,100,NoArch
792ba1fac3dff1dd61d0b3322ed5ddc7411fd179,0,0,0,0,0,0,0,0,0,0,0,0,0,0,139,2,0,0,0,0,0,0,0,0,0,1,100,NoArch
3657824692da34f2ab8cc10a3a75f8ffc03bc6f5,0,0,0,0,0,0,0,0,0,0,0,0,0,0,140,3,0,0,0,0,0,0,0,0,0,0,100,NoArch
c64dffd6980147e462e6f3accbdba84dca73e834,0,0,0,0,0,0,0,0,0,0,0,0,0,0,141,4,0,0,0,0,0,0,0,0,0,1,100,NoArch
4b0073da024906689a9cb13f7f6a980c71e4b3a5,0,0,0,0,0,0,0,0,0,0,0,0,0,0,142,5,0,0,0,0,0,0,0,0,0,1,100,NoArch
3e58a5a4ebd4d311f6d82065f602ace911318038,0,0,0,0,0,0,0,0,0,0,0,0,0,0,143,6,0,0,0,0,0,0,0,0,0,0,100,NoArch
74dafd7f24028c3503758581166ec10bb3d5116a,1,8,75,67,0,0,0,7,14,17,1,1,0,674,24,9,101,113,12,4198,4546,348,35,42,7,1,100,NoArch
21fe8cac7d05247c381fc351596c3a56b89a03cd,8,112,120,8,0,0,0,2,7,414,2,2,1.7020821,3621,8,3,529,522,7,18736,19004,268,295,294,1,0,99.95919319,NoArch
70c698f9889d84fd574f324e791c41d8ac75c85a,1,2,2,0,0,0,0,5,7,0,1,1,0,499,9,4,95,95,0,2522,2520,2,47,47,0,0,100,NoArch
28163a4065021165d1ba20824ff7fd32474e9fb3,1,7,1,6,0,0,0,5,8,0,1,1,0,499,10,5,96,95,1,2553,2522,31,47,47,0,0,100,NoArch
f75520fc8b396167a2788f37d0cdf933c3408af8,3,107,3,104,2,0,2,2,2,241,1,2,1.176606367,308,11,6,43,35,8,2088,1713,375,22,15,7,1,99.93591984,NoArch
9edc5d05115dce7762daf4cb1099e9a3ed9eab44,0,0,0,0,0,0,0,0,0,0,0,0,0,0,144,7,0,0,0,0,0,0,0,0,0,1,100,NoArch
124300a6bb16f9c9e47016511afc671d4c75a599,0,0,0,0,0,0,0,0,0,0,0,0,0,0,145,8,0,0,0,0,0,0,0,0,0,1,100,NoArch
5c0c8039364a69f59d0a06de70cdae81abac3d41,0,0,0,0,0,0,0,0,0,0,0,0,0,0,146,9,0,0,0,0,0,0,0,0,0,1,100,NoArch
6725350e0907dc10604960cb1b423f3042c06ec8,0,0,0,0,0,0,0,0,0,0,0,0,0,0,147,10,0,0,0,0,0,0,0,0,0,1,100,NoArch
bdbe3d2d08bf2c208248403d82724bbb66867d05,0,0,0,0,0,0,0,0,0,0,0,0,0,0,148,11,0,0,0,0,0,0,0,0,0,1,100,NoArch
a24560c607ea758e803e76cd4f22e5129e1b517b,0,0,0,0,0,0,0,0,0,0,0,0,0,0,149,12,0,0,0,0,0,0,0,0,0,1,100,NoArch
6b9662440eedabc6bd749742276570af3d9b8798,1,1,2,1,0,0,0,2,3,75,1,1,0,77,25,9,2,2,0,414,433,19,2,2,0,1,100,NoArch
b66559ee079bd55bfc49daae6b95b79706147fbe,43,2093,1324,769,7,1,8,4,21,307,5,8,4.00213688,6615,14,5,769,715,54,29663,25992,3671,498,464,34,1,99.03126631,NoArch
25e6b9920b3f1793c496f40d0de50009b76097ad,1,238,0,238,1,0,1,1,1,0,1,1,0,0,15,6,21,0,21,1295,0,1295,8,0,8,1,99.98844198,NoArch
8cf7f660c24415794e3c65c9e5786ffa32475ee9,0,0,0,0,0,0,0,0,0,0,0,0,0,0,16,7,0,0,0,0,0,0,0,0,0,1,100,NoArch
e64f83abcc96c4a0829e891db81fa74f90f8f4bd,0,0,0,0,0,0,0,0,0,0,0,0,0,0,17,8,0,0,0,0,0,0,0,0,0,0,100,NoArch
2a5ad365d7925705418a17c78ee253fa005ee130,1,5,12,7,0,0,0,8,22,42,1,1,0,2302,9,1,398,399,1,11976,11994,18,116,116,0,1,100,NoArch
45e7d3a21b4f944df9f2824f58fd135dd326ee59,1,5,4,1,0,0,0,3,5,221,1,1,0,268,18,8,12,12,0,1593,1586,7,8,8,0,1,100,NoArch
8550f93031b93fc10a536f162ab606bc4346b1b1,1,1,1,0,0,0,0,2,12,84,1,1,0,833,19,9,154,154,0,5444,5436,8,41,41,0,1,100,NoArch
b8d5ca8383c9dd6468e7fdf348d571cdc089fea6,1,5,7,2,0,0,0,8,23,0,1,1,0,2295,10,2,398,398,0,11964,11976,12,116,116,0,1,100,NoArch
92ee5c6bab5c7b21bed6c0b3240670f305cfb276,1,30,12,18,0,0,0,3,5,543,1,1,0,90,150,13,7,4,3,616,513,103,2,2,0,0,100,NoArch
40ea66556ecf68beb47919a15b31a379d7c4271f,1,2,3,1,0,0,0,1,2,32,1,1,0,110,20,10,8,8,0,575,575,0,6,6,0,1,100,NoArch
9883ecffc30fd512b0c0e5e9e20dc0cb1012f0c0,0,0,0,0,0,0,0,0,0,0,0,0,0,0,151,14,0,0,0,0,0,0,0,0,0,0,100,NoArch
f609c50fd0f7bf74602d79043bbd8d890c4c0a5d,1,8,1,7,0,0,0,2,2,736,1,1,0,349,21,11,44,44,0,1339,1298,41,4,4,0,0,100,NoArch
a80a1857d0ca86b3253f92c05134c31e8bb1e913,3,17,1,16,0,0,0,5,26,51,1,1,1.251629167,1870,22,12,331,327,4,10156,10099,57,101,98,3,1,100,NoArch
ee8b51b27bcb81544d853c3ff8b67a6dc79108f0,1,9,9,0,0,0,0,2,2,101,1,1,0,176,152,15,13,13,0,762,768,6,7,7,0,1,100,NoArch
83f519cd657aea378c3d7a4452f71318a2dbdcdf,1,1,0,1,0,0,0,4,5,53,1,1,0,109,23,13,17,17,0,466,459,7,6,6,0,1,100,NoArch
8089e0d10608f48583883f9d343333f84e84535d,1,30,24,6,0,0,0,2,3,0,1,1,0,176,153,16,13,13,0,811,762,49,7,7,0,1,100,NoArch
a5031726752418fc735f1a3984de1f2a34e76fa3,1,2,1,1,0,0,0,3,4,1842,1,1,0,88,154,17,9,9,0,379,377,2,4,4,0,0,100,NoArch
5ec5c525dda17a3e29fae7f90b886b81fc1ed9ae,0,0,0,0,0,0,0,0,0,0,0,0,0,0,24,13,0,0,0,0,0,0,0,0,0,0,100,NoArch
0530aacff7a51ce1788d18aecea711efea575df5,1,16,4,12,0,0,0,5,7,780,1,1,0,131,25,14,14,12,2,812,739,73,5,5,0,1,100,NoArch
4a01e40cb40f82b10f794ea5466f751eedf7f7f9,2,6,3,3,0,0,0,2,13,53,1,2,0.764204507,905,26,15,160,160,0,5830,5817,13,46,46,0,0,100,NoArch
e0f2dc9bd45012f2ba98287f4a5671713c582751,1,6,1,5,0,0,0,5,12,440,1,1,0,134,155,18,11,10,1,435,425,10,4,4,0,1,100,NoArch
a959ed92276608347b75f48fe1c544ba6df58868,0,0,0,0,0,0,0,0,0,0,0,0,0,0,156,19,0,0,0,0,0,0,0,0,0,1,100,NoArch
78a785eeccf270bae1e7733f6f85ce02b39581d0,0,0,0,0,0,0,0,0,0,0,0,0,0,0,27,16,0,0,0,0,0,0,0,0,0,1,100,NoArch
887ac0ba49b1f91d5e63a5815bcd7706bc32f616,3,179,2,177,2,0,2,1,5,243,2,2,1.347121987,2663,157,20,367,354,13,9930,9385,545,198,191,7,1,99.97689197,NoArch
8804341c19f7f9450f22cef8fb842ffab31b5e5f,0,0,0,0,0,0,0,0,0,0,0,0,0,0,12,5,0,0,0,0,0,0,0,0,0,0,100,NoArch
afc0220147fccfa6a4597cd0413f2e1cb02dea9d,0,0,0,0,0,0,0,0,0,0,0,0,0,0,158,21,0,0,0,0,0,0,0,0,0,1,100,NoArch
0b66abcbfbf22f07ac65c4d8cc9b02cd7f75e122,0,0,0,0,0,0,0,0,0,0,0,0,0,0,13,6,0,0,0,0,0,0,0,0,0,0,100,NoArch
b720b264e34885ed2cf94157ddd74349d2e7ac0b,1,1,0,1,0,0,0,3,5,405,1,1,0,231,14,7,25,25,0,1289,1282,7,8,8,0,0,100,NoArch
511f11b434b7448a2cdc4a0894d8cdf85527d5f9,0,0,0,0,0,0,0,0,0,0,0,0,0,0,159,22,0,0,0,0,0,0,0,0,0,1,100,NoArch
d07a5a9dc65221e732fdeb9b90ea6f369a89ee25,0,0,0,0,0,0,0,0,0,0,0,0,0,0,160,23,0,0,0,0,0,0,0,0,0,0,100,NoArch
987769a62b0ad48118e1bb0ed0da277d37ba41c2,3,109,10,99,1,0,1,9,33,293,2,2,0.871064931,514,161,24,69,60,9,2834,2408,426,25,18,7,1,99.97112497,NoArch
ea1d02d06767afaf25d03f0e7aa1414b7aeeb67c,1,9,9,0,0,0,0,9,35,58,1,1,0,2938,162,25,525,525,0,12635,12628,7,255,255,0,0,100,NoArch
531d67cd13d1fdb8c2e638040b4c635f16b264ca,1,2,0,2,0,0,0,2,14,4,1,1,0,833,28,16,155,154,1,5460,5444,16,41,41,0,1,100,NoArch
a5ac1a3630cd6af4f09d35dd63d45d3150ba9e53,0,0,0,0,0,0,0,0,0,0,0,0,0,0,15,7,0,0,0,0,0,0,0,0,0,0,100,NoArch
f28ac6d5e42c8425dfe7725ac366fc2f60c612c8,1,1,1,0,0,0,0,4,14,549,1,1,0,245,163,26,25,25,0,1383,1383,0,18,18,0,0,100,NoArch
ac5ba4082924fca214cf6f261d887fe3ebdffe23,2,36,2,34,0,0,0,2,2,548,1,1,0.949452015,123,164,27,7,4,3,856,659,197,5,4,1,0,100,NoArch
5eb4e6b8ae6604d1eb03bb82a70657e983c5b9e3,1,9,8,1,0,0,0,3,6,6,1,1,0,108,165,28,7,7,0,622,616,6,2,2,0,0,100,NoArch
1fdc2c477ba5628123bbe7702635af69c333d091,2,24,2,22,0,0,0,2,4,57,1,1,0.89049164,310,29,17,17,16,1,1863,1725,138,14,13,1,1,100,NoArch
8572bada7d729ee16c1f2559bc5bd822cfaa499e,0,0,0,0,0,0,0,0,0,0,0,0,0,0,166,29,0,0,0,0,0,0,0,0,0,1,100,NoArch
4f19f31a37ca719a92967272cd751ce0c3a539b4,2,79,18,61,0,0,0,2,10,407,2,2,0.478723511,1539,30,17,331,330,1,7571,7209,362,96,96,0,1,100,NoArch
e889e36335d22b1a9693479b1021b35212ff60a1,0,0,0,0,0,0,0,0,0,0,0,0,0,0,167,30,0,0,0,0,0,0,0,0,0,0,100,NoArch
84c4b9db56a08d81639d19a65db79a28f8f319ae,3,69,17,52,1,0,1,1,10,555,2,2,1.078885413,178,168,31,17,11,6,837,680,157,11,7,4,1,99.98845266,NoArch
66e101b1dab3b961010f50b5754ef5dd0e061370,0,0,0,0,0,0,0,0,0,0,0,0,0,0,169,32,0,0,0,0,0,0,0,0,0,0,100,NoArch
abaaf25d3090fda7c07497d027d3dc7467e03952,0,0,0,0,0,0,0,0,0,0,0,0,0,0,170,33,0,0,0,0,0,0,0,0,0,1,100,NoArch
75c659f122bc60a4e21da1f3bf3eadd227c49cbe,0,0,0,0,0,0,0,0,0,0,0,0,0,0,171,34,0,0,0,0,0,0,0,0,0,1,100,NoArch
0da02fca9d81c72052d7516e15a25ef00c6cd05b,0,0,0,0,0,0,0,0,0,0,0,0,0,0,172,35,0,0,0,0,0,0,0,0,0,0,100,NoArch
7c63788e1a60c7303103c54ff368ae128aca7933,9,1107,0,1107,8,0,8,1,13,7,2,4,2.781987022,1574,16,8,454,293,161,12981,8194,4787,193,103,90,1,98.90222985,NoArch
ce9be7b11a303d232c14a396677273b8a5876d33,0,0,0,0,0,0,0,0,0,0,0,0,0,0,11,2,0,0,0,0,0,0,0,0,0,1,100,NoArch
1981adf429f1af1405f3cc7a0b60f94075a54550,0,0,0,0,0,0,0,0,0,0,0,0,0,0,12,3,0,0,0,0,0,0,0,0,0,1,100,NoArch
f88f2803ac0a2a984137caa86ca9ef2b1199fbe9,3,99,195,96,0,1,1,1,2,0,1,2,1.422293092,656,17,9,96,112,16,3124,3297,173,29,50,21,1,97.90729195,Arch
21edf2b5bb4e5a6b05429161eb5110ba33449c15,4,68,4,64,1,0,1,1,2,0,2,3,1.196187375,267,18,10,27,25,2,1118,808,310,25,23,2,1,99.96360801,NoArch
77a9ade2072ff1c582dc45c28039d76df4151c40,5,136,13,123,1,0,1,2,15,168,3,4,1.340992725,1132,31,17,186,178,8,7666,6930,736,57,54,3,1,99.98440748,NoArch
ef64b057a6ac2e5f7d9995d8efb6c201da5a8e6e,0,0,0,0,0,0,0,0,0,0,0,0,0,0,173,30,0,0,0,0,0,0,0,0,0,0,100,NoArch
25f70ad483ec8211b9269bf8a33c7bb2d750866e,5,182,19,163,1,0,1,1,3,0,1,2,1.788478769,733,19,11,131,116,15,4633,3793,840,51,42,9,1,99.96883279,NoArch
26092f5a829b069b8e9a537087d61f1c6c1a9b06,0,0,0,0,0,0,0,0,0,0,0,0,0,0,20,12,0,0,0,0,0,0,0,0,0,0,100,NoArch
d94c7da16bb3e5daf30d431d5082c8ae37722fcf,0,0,0,0,0,0,0,0,0,0,0,0,0,0,21,13,0,0,0,0,0,0,0,0,0,0,100,NoArch
10391092a3fa976cec6e91c7bce1e7efe4818207,0,0,0,0,0,0,0,0,0,0,0,0,0,0,22,14,0,0,0,0,0,0,0,0,0,0,100,NoArch
3a0a9aae0540cf5e055f1c5c0c37337ae94b1296,0,0,0,0,0,0,0,0,0,0,0,0,0,0,23,15,0,0,0,0,0,0,0,0,0,0,100,NoArch
dc0291b290bc6d4a9d77eede1dd319ea7db8f903,7,180,37,143,0,0,0,3,13,375,2,3,1.377905562,8625,32,18,1118,1106,12,35633,34740,893,461,459,2,1,100,NoArch
0f9a34799630911b0d7906e166291ff5af0d852c,4,145,27,118,1,0,1,1,8,345,1,3,1.832313178,277,26,2,31,25,6,1991,1272,719,22,19,3,1,99.98961686,NoArch
981c8e247f11871265a20a48e463096028188f36,0,0,0,0,0,0,0,0,0,0,0,0,0,0,13,4,0,0,0,0,0,0,0,0,0,0,100,NoArch
b1bf99425b08f92677e536a9127bdff8d32a7101,0,0,0,0,0,0,0,0,0,0,0,0,0,0,14,5,0,0,0,0,0,0,0,0,0,0,100,NoArch
119fdab1d005064ad81c023674522e8175cb975c,0,0,0,0,0,0,0,0,0,0,0,0,0,0,24,16,0,0,0,0,0,0,0,0,0,0,100,NoArch
550393f702c15b43269899ef04772dfc76cc6707,0,0,0,0,0,0,0,0,0,0,0,0,0,0,25,17,0,0,0,0,0,0,0,0,0,0,100,NoArch
9ee65d32186bba9b2bf7f18a3214534169ebe1ef,0,0,0,0,0,0,0,0,0,0,0,0,0,0,174,31,0,0,0,0,0,0,0,0,0,0,100,NoArch
5e63ddd337cd1df4c23c052a0c9c117a4e4e5a76,1,70,0,70,0,0,0,3,6,20,1,1,0,232,26,18,36,25,11,1683,1289,394,10,8,2,0,100,NoArch
7319697da517aadd79896846113009312c9c0de5,3,192,10,182,2,0,2,1,4,0,1,2,1.407043853,71,27,3,19,9,10,1362,313,1049,9,4,5,1,99.97405024,NoArch
d609d2ae38cb2c99fa3f3408107c5e099de727dd,0,0,0,0,0,0,0,0,0,0,0,0,0,0,27,19,0,0,0,0,0,0,0,0,0,0,100,NoArch
6bf168d52466e0627b9b026a1a6b8ee7c04f787f,0,0,0,0,0,0,0,0,0,0,0,0,0,0,15,6,0,0,0,0,0,0,0,0,0,0,100,NoArch
901867ec1007587d1d6a70cbb1062e00e8804778,1,8,2,6,0,0,0,5,15,20,1,1,0,245,16,7,25,25,0,1411,1383,28,18,18,0,0,100,NoArch
4f108cead55bf46128132b94a6b84a89f0eeab91,7,112,0,112,0,0,0,2,3,327,4,6,2.807354922,881,33,19,89,89,0,4829,4829,0,44,44,0,0,100,NoArch
4bfb80680ad22186aa48e86b8f0bcbeaf94fdf93,0,0,0,0,0,0,0,0,0,0,0,0,0,0,175,31,0,0,0,0,0,0,0,0,0,0,100,NoArch
05bc25cb8750ae9e116a8b3d95d0b6060e7909b5,30,0,2381,2381,0,30,30,2,2,240,1,28,4.854016532,2381,34,20,0,83,83,0,8322,8322,0,44,44,0,99.63545464,NoArch
8bfd36a1fd58897b465ddecdfdbc56d55340cba3,0,0,0,0,0,0,0,0,0,0,0,0,0,0,176,32,0,0,0,0,0,0,0,0,0,0,100,NoArch
0e5ff6b48556afd649ebb204bef4605d70d92810,0,0,0,0,0,0,0,0,0,0,0,0,0,0,177,33,0,0,0,0,0,0,0,0,0,1,100,NoArch
211f566b54ab86bac04e538be8d2b8cf5d0a36e6,0,0,0,0,0,0,0,0,0,0,0,0,0,0,178,34,0,0,0,0,0,0,0,0,0,1,100,NoArch
5bdcc19693627af0c1fd155d61e016aab283cfef,1,4,4,0,0,0,0,9,36,21,1,1,0,2938,35,21,525,525,0,12647,12635,12,255,255,0,0,100,NoArch
49b0f74089051a97713970ad33039990ac9e6f6b,0,0,0,0,0,0,0,0,0,0,0,0,0,0,36,22,0,0,0,0,0,0,0,0,0,0,100,NoArch
e1b171e013942a3dbba34dce6007d15e2f1788b6,0,0,0,0,0,0,0,0,0,0,0,0,0,0,37,23,0,0,0,0,0,0,0,0,0,0,100,NoArch
3ae37a9ba30c69b6f7aeb95406c14f1b400ad9ef,0,0,0,0,0,0,0,0,0,0,0,0,0,0,179,35,0,0,0,0,0,0,0,0,0,0,100,NoArch
03206300661c38194a6e455e92e46b3e29cfd459,0,0,0,0,0,0,0,0,0,0,0,0,0,0,180,36,0,0,0,0,0,0,0,0,0,0,100,NoArch
2ecf41d02f8f858ef1af91fc06e9c276bd667753,55,6807,1,6806,41,0,41,1,1,0,1,29,5.077864445,2116,28,20,984,281,703,38105,9801,28304,236,114,122,0,95.38976566,Arch
95fc0c0608eb40e4ba433e4c40502b31df4b2330,0,0,0,0,0,0,0,0,0,0,0,0,0,0,38,24,0,0,0,0,0,0,0,0,0,0,100,NoArch
b4dafca8696e6f9ed5eb10ec41dae9fd36e81d45,0,0,0,0,0,0,0,0,0,0,0,0,0,0,29,21,0,0,0,0,0,0,0,0,0,0,100,NoArch
a912d6d5cedc60074ff85af06dfac6a4a070889b,0,0,0,0,0,0,0,0,0,0,0,0,0,0,28,3,0,0,0,0,0,0,0,0,0,0,100,NoArch
6773b8ff76f08f27e734ae385e038e4f48eadac4,2,4,0,4,0,0,0,1,2,0,1,1,0.811278124,223,30,22,19,18,1,1127,1095,32,6,6,0,0,100,NoArch
51cf06be5472eeceea0c360048d809fb43aee535,0,0,0,0,0,0,0,0,0,0,0,0,0,0,31,23,0,0,0,0,0,0,0,0,0,0,100,NoArch
3345e6ca25a3143a2ce4e897d860321d5478ab11,0,0,0,0,0,0,0,0,0,0,0,0,0,0,17,8,0,0,0,0,0,0,0,0,0,0,100,NoArch
c643e7f631ff68f3fdaeaa5d99abf6f658c13e38,1,9,3,6,0,0,0,2,2,3999,1,1,0,112,32,24,9,8,1,574,517,57,5,5,0,0,100,NoArch
e90ce1aabb5de8d671fdea4d1b97f0cb468637af,0,0,0,0,0,0,0,0,0,0,0,0,0,0,33,25,0,0,0,0,0,0,0,0,0,0,100,NoArch
ccb119d896620c4c44bc0e341496efc4b519b59f,1,11,0,11,0,0,0,2,2,1012,1,1,0,122,3,0,27,23,4,471,392,79,16,15,1,0,100,NoArch
e000471cf4aa4d75e5ded7435da7aa072c2833f9,1,82,0,82,1,0,1,1,1,0,1,1,0,0,4,1,6,0,6,377,0,377,6,0,6,0,98.51379053,NoArch
468e69765145ddad199963260e4774d179ad5555,11,314,33,281,3,0,3,5,24,465,1,4,3.179722487,3822,5,2,641,608,33,18537,17666,871,294,270,24,1,98.56888972,NoArch
0214bfbfcdef3e68d02b23d006a6f039ef8e154f,0,0,0,0,0,0,0,0,0,0,0,0,0,0,34,26,0,0,0,0,0,0,0,0,0,0,100,NoArch
59af7479b21017d254158f0c6858a5aaaf2362f7,6,11,11,0,0,0,0,2,7,53,3,6,2.481714573,2094,181,37,315,315,0,8804,8804,0,175,175,0,0,100,NoArch
cd4b229f222d96c76753249baa323d0a2c89f287,4,43,5,38,0,0,0,2,3,0,1,1,1.847854814,296,6,3,47,39,8,1309,1112,197,28,23,5,0,100,NoArch
7f17f49d730b9e8cb465e79cd82728de08f9b1e0,1,13,2,11,0,0,0,1,2,1,1,1,0,82,7,4,8,6,2,450,377,73,8,6,2,0,100,NoArch
db2121bfce291fdccf6d04f6f2cb58eac9a2ba55,2,13,3,10,0,0,0,2,4,506,1,1,0.896038233,193,8,5,29,27,2,693,648,45,18,16,2,0,100,NoArch
a33951d2eb1a2ef4fd4572008d7f7f795d2e7f49,1,1,1,0,0,0,0,2,2,766,1,1,0,30,18,9,1,1,0,36,34,2,1,1,0,0,100,NoArch
839b154cd24980f1c77fa89a37de42684f73d275,2,17,7,10,0,0,0,3,5,295,1,2,0.650022422,570,39,25,83,82,1,2654,2576,78,43,42,1,1,100,NoArch
74234ed797019d7aeb9f5e4a6721e5db1169e0f0,0,0,0,0,0,0,0,0,0,0,0,0,0,0,35,23,0,0,0,0,0,0,0,0,0,0,100,NoArch
52f418d6c9e6c7df8313f976b8458c37c2a1a858,0,0,0,0,0,0,0,0,0,0,0,0,0,0,36,24,0,0,0,0,0,0,0,0,0,0,100,NoArch
b276006911583ea62b4a24c4cc5df9697febe006,0,0,0,0,0,0,0,0,0,0,0,0,0,0,40,26,0,0,0,0,0,0,0,0,0,0,100,NoArch
ee0933c71eb74ff724b08e0040ea258223874578,0,0,0,0,0,0,0,0,0,0,0,0,0,0,41,27,0,0,0,0,0,0,0,0,0,0,100,NoArch
5b5133c28b98b3715fe955bd18d9481035a3f42c,0,0,0,0,0,0,0,0,0,0,0,0,0,0,37,25,0,0,0,0,0,0,0,0,0,0,100,NoArch
bc2bc86a1dd27980be4b7d803f21d4aaa9851d98,1,6,0,6,0,0,0,4,4,296,1,1,0,125,182,38,13,13,0,583,543,40,8,8,0,1,100,NoArch
b7921117cf49f2e50cc3465dc0e3ff38fa5f1ea2,0,0,0,0,0,0,0,0,0,0,0,0,0,0,38,26,0,0,0,0,0,0,0,0,0,0,100,NoArch
d02f696dd03c23ef56066564239bdc0219504777,0,0,0,0,0,0,0,0,0,0,0,0,0,0,183,35,0,0,0,0,0,0,0,0,0,0,100,NoArch
98803a594920ae0d94ea70f3f2cf756b787e7317,0,0,0,0,0,0,0,0,0,0,0,0,0,0,184,36,0,0,0,0,0,0,0,0,0,1,100,NoArch
6d15c348ba5f4f9e6e708c0114ee59a3921e19bc,1,9,9,0,0,0,0,4,7,350,1,1,0,106,185,37,14,14,0,480,465,15,6,6,0,1,100,NoArch
d44c8968c4320dde1e60685b538c58bfaef1cb9f,2,5,0,5,0,0,0,2,3,376,1,2,0.970950594,109,39,27,0,0,0,321,300,21,0,0,0,0,100,NoArch
afcb5fbe77870c3f335e3ad815e8519a25697393,1,1,1,0,0,0,0,2,2,776,1,1,0,84,42,28,5,5,0,398,398,0,5,5,0,1,100,NoArch
031611ed22cbb523a816a98ca6cdda0cd519759b,1,1,0,1,0,0,0,2,2,776,1,1,0,110,43,29,9,9,0,603,584,19,6,6,0,1,100,NoArch
ff3bad1ae985fc209ffc76e6bb1939e6f90a0499,1,2,1,1,0,0,0,2,2,776,1,1,0,174,44,30,12,12,0,937,918,19,6,6,0,1,100,NoArch
9815b9dc75b2fa7d5df40edc449db2bd15bae240,1,1,0,1,0,0,0,3,3,333,1,1,0,181,45,28,17,17,0,1094,1075,19,10,10,0,1,100,NoArch
87c9bbebacfe1d2248b4a55d601f0b089d40b742,0,0,0,0,0,0,0,0,0,0,0,0,0,0,46,28,0,0,0,0,0,0,0,0,0,0,100,NoArch
9494fe85966f4dc0993b7f9fd521f35a89b28f7a,229,1801,11837,10036,2,71,73,0,55,196,18,64,6.694178335,69071,48,19,7994,8978,984,288145,335606,47461,3654,4187,533,0,89.17444607,Arch
04992929ddb84c78390e972a352fe45064d571d5,0,0,0,0,0,0,0,0,0,0,0,0,0,0,49,20,0,0,0,0,0,0,0,0,0,0,100,NoArch
1999ddfd01a4ea12fbe73c2e2f93488590da23f7,229,11846,1806,10040,73,2,75,1,61,352,18,64,6.693486344,59037,231,8,8955,8026,929,334000,290032,43968,4174,3676,498,1,89.17444607,Arch
10394734f67069db813669c92735ee7cfd927bbe,1,185,0,185,1,0,1,1,1,0,1,1,0,0,118,14,14,0,14,1018,0,1018,10,0,10,0,99.98983637,NoArch
a71457856d4fbe5c490afa281a624ddf95f39dcd,0,0,0,0,0,0,0,0,0,0,0,0,0,0,127,9,0,0,0,0,0,0,0,0,0,1,100,NoArch
3adffc18e1d747a710eee5a0e648e74c2fc8bdc8,0,0,0,0,0,0,0,0,0,0,0,0,0,0,128,10,0,0,0,0,0,0,0,0,0,1,100,NoArch
307005ab4fbaff36c1ff1be6959c4a3371d62a85,1,20,1,19,0,0,0,4,4,56,1,1,0,413,129,8,81,81,0,1709,1671,38,36,36,0,1,100,NoArch
2eaf675c73d233f842d88a4e59d86ddfc9c6c75e,2,73,6,67,1,0,1,1,4,273,1,1,0.751286577,71,57,1,8,5,3,738,394,344,6,3,3,1,99.98983843,NoArch
81141b03e22e14839d14d51a4d12541f13f7c618,0,0,0,0,0,0,0,0,0,0,0,0,0,0,232,5,0,0,0,0,0,0,0,0,0,0,100,NoArch
7646526c0a6bf406e66751a7f1be8af353462c13,4,141,9,132,1,0,1,4,15,250,2,3,0.720490833,1278,40,0,211,197,14,7883,7227,656,118,108,10,1,99.94922054,NoArch
e947927511796484e2ae0a066df7fa7b4800a578,5,75,56,19,0,0,0,2,36,1195,2,3,1.236335693,3243,41,1,522,516,6,16395,16306,89,198,194,4,1,100,NoArch
fad1dd0f1727af8ce6e0d05a51c32cc63f658e24,2,252,16,236,0,0,0,3,15,102,2,2,0.626395992,2207,119,0,309,289,20,12156,10724,1432,86,81,5,1,100,NoArch
44bb9fbeaec91ea4fd81bbc387706c45229185a7,1,90,105,15,0,0,0,4,4,392,1,1,0,969,42,2,118,113,5,2863,2904,41,42,42,0,1,100,NoArch
08bb172f3c6fc39e5164b5ee8f875a809faa126b,3,205,15,190,1,0,1,1,3,964,2,2,1.18393418,187,120,1,40,21,19,1901,655,1246,20,13,7,1,99.95941764,NoArch
fdc2551eb8c314602a0cc4d4ded9a7fd15e3ec76,2,35,1,34,0,0,0,2,9,451,1,2,0.309543429,1419,130,0,186,184,2,9124,8874,250,48,47,1,1,100,NoArch
f70dc74312499d9b0c24f02a5bfcf316af4edf3d,1,3,2,1,0,0,0,5,16,23,1,1,0,1613,121,2,285,284,1,7333,7327,6,70,70,0,1,100,NoArch
ec35588e566e2ea2e50980ff89618740ae8d5157,2,4,17,13,0,0,0,8,11,877,2,2,0.958711883,2866,43,3,380,382,2,9880,9904,24,207,208,1,1,100,NoArch
d60022ec65060619262b498c44854fd6a6e5e5e7,2,87,3,84,0,0,0,3,7,665,2,2,0.394300238,464,44,4,60,52,8,2458,2021,437,34,30,4,1,100,NoArch
a88e19e7cda1f21de119db2672d1727453f552d3,3,107,37,70,0,0,0,2,11,948,2,3,1.418905328,2811,131,1,244,243,1,9990,9658,332,134,134,0,1,100,NoArch
b0bf144e7a6473f207e4897f9a0971665f0e2b66,1,12,0,12,0,0,0,3,4,958,1,1,0,83,58,0,7,6,1,361,329,32,6,5,1,1,100,NoArch
3f32507f7893bdc27b5dee985aeb5f86ebc49e04,34,8332,8332,0,0,0,0,2,7,898,6,25,4.803187872,8371,39,0,810,810,0,31275,31275,0,225,225,0,0,100,NoArch
3845aaa43b8e6d790396539736ed04349fac1233,2,9,8,1,0,0,0,4,11,624,2,2,0.322756959,2889,40,1,206,206,0,17302,17297,5,134,134,0,0,100,NoArch
0b7d9420cd5599723e6c3fe09f967eac4262baad,0,0,0,0,0,0,0,0,0,0,0,0,0,0,233,0,0,0,0,0,0,0,0,0,0,0,100,NoArch
4eb5097f22a1ca2a3901a343f4dbb1e4b5a45b4a,2,31,2,29,0,0,0,3,5,264,2,2,0.439496987,464,45,4,36,34,2,3716,3517,199,17,16,1,1,100,NoArch
8498136f5e96764ca598dfcacc554b17145af782,1,3,10,7,0,0,0,2,6,140,1,1,0,133,132,2,8,8,0,780,803,23,6,6,0,1,100,NoArch
ad1f751a412ddb258256c1e8d2e72858b52f43ca,18,307,83,224,3,0,3,3,37,180,4,9,3.622233177,9573,122,2,1357,1332,25,46307,45409,898,655,642,13,1,99.89349833,NoArch
c5c1495330dbad20c2f25e4b44f017005fb97a42,2,100,0,100,1,0,1,1,11,169,2,2,0.286396957,822,123,3,148,140,8,4751,4274,477,44,38,6,1,92.61711361,Arch
4215db2f26702b35f8ece4d1fc93b2825b046ffe,0,0,0,0,0,0,0,0,0,0,0,0,0,0,41,2,0,0,0,0,0,0,0,0,0,0,100,NoArch
89e8767973e84828d1c5513884b0b8eeaa895aa4,1,3,6,3,0,0,0,2,2,54,1,1,0,131,124,4,12,13,1,621,635,14,10,10,0,0,100,NoArch
a38a7c00933b001578a5fe54c8d91746088b5f47,6,143,8,135,2,0,2,3,10,381,2,3,2.154091788,1022,0,0,161,147,14,6005,5368,637,70,62,8,1,99.95072678,NoArch
94b404d0aba15b6963e66f18ae31393cb64bfe79,10,150,15,135,0,0,0,2,11,485,4,6,2.312073171,2959,1,1,426,416,10,14690,13920,770,226,222,4,1,100,NoArch
53b12820c20ae69116ae7447f2b5f54bb023cbd1,1,33,23,10,0,0,0,2,2,1633,1,1,0,242,133,3,43,43,0,1124,1098,26,28,27,1,1,100,NoArch
541ed8cf0c3fbe0dd4346253d22a08c4ddae5c12,2,33,35,2,0,0,0,3,5,973,2,2,0.430551867,307,134,4,50,47,3,1800,1771,29,10,10,0,1,100,NoArch
64baf092f073f8c2256a2f2ed704f708562d65a5,1,55,9,46,0,0,0,10,32,107,1,1,0,1342,46,4,115,114,1,9211,8893,318,38,37,1,1,99.86459872,NoArch
810ce35f559473e3ab5eaf659b879a7de178ebf5,0,0,0,0,0,0,0,0,0,0,0,0,0,0,135,5,0,0,0,0,0,0,0,0,0,1,100,NoArch
bfb1778211f573700d07261a0601b4f17c7916a4,1,14,3,11,0,0,0,6,24,124,1,1,0,3109,136,6,533,532,1,18564,18495,69,187,186,1,1,100,NoArch
a20c3a07a25dd9238e18e9781b840cf0bdb767e9,0,0,0,0,0,0,0,0,0,0,0,0,0,0,137,7,0,0,0,0,0,0,0,0,0,1,100,NoArch
bdb24ee7c78aa037a085bc7ce90bd216a3a13d3d,3,3,6,3,0,0,0,2,3,558,3,3,1.584962501,426,91,0,29,29,0,2167,2182,15,15,15,0,1,100,NoArch
d43e709565998d5c8478beda1ff2022bcb0a6259,0,0,0,0,0,0,0,0,0,0,0,0,0,0,42,3,0,0,0,0,0,0,0,0,0,0,100,NoArch
210e39df8b553f1b2f5e437ae49f7418e862c1d4,1,45,32,13,0,0,0,3,4,1343,1,1,0,236,138,7,28,28,0,708,711,3,12,12,0,1,100,NoArch
d37786ea130a111407e8c8afe1fd3b9bbe1b9bec,2,15,2,13,0,0,0,2,11,652,2,1,0.873981048,153,0,0,17,14,3,624,544,80,11,9,2,0,100,NoArch
7af9bce8a7ee7eb77077dba10db03e264e77644e,0,0,0,0,0,0,0,0,0,0,0,0,0,0,234,1,0,0,0,0,0,0,0,0,0,0,100,NoArch
683fcda55da06a82a336914e03700526bd62a15b,0,0,0,0,0,0,0,0,0,0,0,0,0,0,139,8,0,0,0,0,0,0,0,0,0,0,100,NoArch
1dd34a13b258048bb54e27b1c01f14f66fa29ef0,3,144,137,7,1,0,1,1,39,92,1,1,0.95311076,1198,140,8,106,102,4,6981,7030,49,55,53,2,0,99.98770139,NoArch
38a86b470f26e2f6ab10fdfc16486d897926b2ed,1,65,56,9,0,0,0,5,62,138,1,1,0,1319,141,9,212,205,7,8348,8362,14,49,45,4,1,100,NoArch
8f3e08c7b66571f2b2247c0fe35a4bb9a8dd3ce9,1,12,4,8,0,0,0,4,17,5,1,1,0,303,142,9,39,38,1,1752,1718,34,21,20,1,0,100,NoArch
0c0fadcdce47c78d6f6de6a8105a72f984f14c5c,0,0,0,0,0,0,0,0,0,0,0,0,0,0,235,1,0,0,0,0,0,0,0,0,0,0,100,NoArch
ff64b14bc78466df96d16b1d04e862a7ddef3204,1,68,58,10,0,0,0,6,63,8,1,1,0,1328,47,1,215,212,3,8388,8348,40,50,49,1,1,100,NoArch
b83a3d4388cebf9583319a074f3457ba0e8d980b,1,11,0,11,0,0,0,4,18,2,1,1,0,311,143,10,41,39,2,1806,1752,54,22,21,1,0,100,NoArch
b9d51bf1d4dc9e4fd9f4275356ac03c2fe652c54,1,4,3,1,0,0,0,6,64,0,1,1,0,1338,144,11,215,215,0,8390,8388,2,50,50,0,0,100,NoArch
9b6f419d441458a624ffc7a1f4132021dcdeb88a,1,25,8,17,0,0,0,6,65,15,1,1,0,1339,145,7,217,215,2,8518,8390,128,50,50,0,1,100,NoArch
ba519d8bd3e1f17d5885a48da0b58999eebd2e12,1,1,1,0,0,0,0,6,66,8,1,1,0,1356,146,7,217,217,0,8516,8518,2,50,50,0,1,100,NoArch
bcb60a482cdc1cd2d2de9b4dba6a38ef831b2fa4,4,215,63,152,1,0,1,11,33,82,2,4,1.773866429,3080,2,0,427,412,15,19645,18807,838,121,111,10,1,94.34275145,Arch
a581d010aa96a5e98e107435a242fc55679042a9,5,145,19,126,0,0,0,11,34,25,2,4,1.312104198,4113,3,1,597,588,9,25480,24524,956,206,202,4,1,94.89879564,Arch
5576dc5d74e8ccb284dda19d60872a1efb03fcd0,1,12,2,10,0,0,0,1,3,0,1,1,0,107,4,2,20,17,3,588,498,90,9,9,0,1,100,NoArch
b36adffe71f782d676bcddf41997fec4d1f831d2,1,0,95,95,0,1,1,3,3,310,1,1,0,95,5,3,0,13,13,0,426,426,0,6,6,1,99.98796775,NoArch
8947a09eaa075cb8f5e86599404198e0a5c91910,1,6,10,4,0,0,0,6,10,227,1,1,0,378,6,4,66,68,2,2109,2130,21,26,26,0,1,100,NoArch
88c6ee97e0fc8652f2dba16786cb8cbd7b80a1b7,1,30,18,12,0,0,0,11,27,0,1,1,0,886,7,5,157,155,2,5474,5408,66,37,37,0,1,100,NoArch
0a39782bf5d95fc0ae6d54a7fa1469b230621358,1,22,9,13,0,0,0,11,35,0,1,1,0,1528,8,6,122,121,1,10435,10350,85,40,40,0,1,100,NoArch
70f7c5805c0a39034fd1f4f9b76b6e7b293b33ed,1,0,2,2,0,0,0,11,36,0,1,1,0,1541,9,7,122,122,0,10421,10435,14,40,40,0,1,100,NoArch
78950ec596377fc3417fc99ba67b03ec10e89cf9,1,7,4,3,0,0,0,6,11,0,1,1,0,374,10,8,70,66,4,2141,2109,32,26,26,0,1,100,NoArch
c915b19a205d37c2faad05178de716dca64981d5,1,1,0,1,0,0,0,1,4,0,1,1,0,117,11,9,20,20,0,599,588,11,9,9,0,1,100,NoArch
8644090377eeef09a5afb2e46594c4fa4c311aae,1,11,5,6,0,0,0,11,28,0,1,1,0,898,12,10,157,157,0,5490,5474,16,37,37,0,1,100,NoArch
42ad1039cb51b47a16f46f3d8f0fe8bf36ffdd1d,2,14,1,13,0,0,0,1,12,0,1,2,0.918295834,495,13,11,94,90,4,2806,2740,66,36,35,1,1,100,NoArch
6c859676b3995334e96c16c47653ec72fa70f729,4,55,21,34,0,0,0,11,37,50,2,3,1.708112513,3687,14,12,507,507,0,22508,22275,233,145,145,0,1,99.98194837,NoArch
9d656731ab00280368a212b17c2d538b66d0e91b,1,12,0,12,0,0,0,5,6,764,1,1,0,1178,48,1,175,173,2,4687,4636,51,76,74,2,1,100,NoArch
b5c6c1eaeb6eddafd5e0ee7020b4d152eb8c4979,2,14,1,13,0,0,0,3,8,96,2,2,0.566509507,548,49,2,63,60,3,2507,2458,49,36,34,2,1,100,NoArch
f2653e69362cef9de49e6b0a5a248c7ad0602b6b,17,189,201,12,0,0,0,3,67,982,1,1,3.530753964,2787,147,4,373,373,0,14199,14130,69,142,142,0,0,100,NoArch
9f78f823784e4bde3bfe45b6aa298d6523319c1d,1,24,8,16,0,0,0,2,2,722,1,1,0,115,148,4,15,15,0,528,469,59,7,7,0,1,99.9638924,NoArch
e9126f3513a7a074c423b0ed25e0cbb530af63ab,3,19,8,11,0,0,0,3,68,58,1,2,1.218336824,1735,50,2,260,258,2,10423,10336,87,75,75,0,0,100,NoArch
7bfbce9a54053be1643a805528d9972c4f0ba5b3,1,4,4,0,0,0,0,4,9,0,1,1,0,130,51,3,18,18,0,633,633,0,14,14,0,0,100,NoArch
3ba129561c28b3ac36a7d8a8b677cf13797bec9b,1,6,0,6,0,0,0,2,6,21,1,1,0,126,52,4,25,23,2,676,648,28,9,9,0,1,100,NoArch
aa2dfb60aa1a48fb81f317cf7ad1eca525a89fb8,2,7,6,1,0,0,0,3,7,304,2,2,0.779349837,255,53,5,32,31,1,1287,1326,39,14,13,1,1,100,NoArch
a4682fcb476b1122d719e3b3a6e2fcac918cfed7,0,0,0,0,0,0,0,0,0,0,0,0,0,0,54,6,0,0,0,0,0,0,0,0,0,1,100,NoArch
14fcd7cbea6fb2ac5dbde98ae218f9d7bef968e3,2,14,11,3,0,0,0,3,23,408,2,2,0.634309555,1345,55,7,249,247,2,7897,7926,29,114,113,1,1,100,NoArch
15919608873c6d833842b2a70b04cb0d9c2b178e,2,32,0,32,0,0,0,2,2,75,2,2,1,126,56,8,17,17,0,600,600,0,9,9,0,0,100,NoArch
09c470ac9963c899fbc70e46c06f42a1208d7b5b,0,0,0,0,0,0,0,0,0,0,0,0,0,0,57,9,0,0,0,0,0,0,0,0,0,0,100,NoArch
e23519b06aab590df6398ce378ce2864f863f4d7,0,0,0,0,0,0,0,0,0,0,0,0,0,0,58,10,0,0,0,0,0,0,0,0,0,0,100,NoArch
5bc741f227e7f3e17862db5d3543b445dc746869,0,0,0,0,0,0,0,0,0,0,0,0,0,0,59,11,0,0,0,0,0,0,0,0,0,0,100,NoArch
c2cf78542fe6ff98aa3148bdb6d52a4564ed64a0,0,0,0,0,0,0,0,0,0,0,0,0,0,0,60,12,0,0,0,0,0,0,0,0,0,0,100,NoArch
be0311bea07610f017ba7ea9653aca4f3fb1bc0f,1,54,0,54,0,0,0,2,2,740,1,1,0,284,149,3,26,21,5,1705,1394,311,12,9,3,0,99.98194511,NoArch
6c703ac6ee58bb27fa3a16a4e695a3b50c50a9f7,3,22,3,19,0,0,0,2,17,625,3,2,0.794309555,1396,150,4,254,251,3,9044,8847,197,112,112,0,1,100,NoArch
35aaed479964706153755a3f6184b740cce3560d,0,0,0,0,0,0,0,0,0,0,0,0,0,0,151,5,0,0,0,0,0,0,0,0,0,1,100,NoArch
25600944e662279ec1113acd4d27e9c64ba8415f,0,0,0,0,0,0,0,0,0,0,0,0,0,0,0,0,0,0,0,0,0,0,0,0,0,1,100,NoArch
58dd93e42e7405768fd89154ff94b45ac71f151f,0,0,0,0,0,0,0,0,0,0,0,0,0,0,61,13,0,0,0,0,0,0,0,0,0,0,100,NoArch
95a70bb8298ede299280bae854ca8b99c467938a,1,47,2,45,0,0,0,9,20,861,1,1,0,1613,152,0,309,307,2,8836,8398,438,107,107,0,1,100,NoArch
1e3f4f192b6240271112e2d8dc46413925b46364,1,26,22,4,0,0,0,2,2,2057,1,1,0,76,153,1,3,3,0,346,316,30,1,1,0,0,100,NoArch
7536983c58217d367e07ab47f95145ccb2ada026,1,11,3,8,0,0,0,6,8,1319,1,1,0,143,59,0,15,14,1,880,812,68,5,5,0,1,100,NoArch
23cfa4e373ca55d03da25db45bc6106bc43afbdd,2,64,36,28,0,0,0,2,4,1469,2,2,0.811278124,525,154,2,105,100,5,2724,2635,89,45,43,2,1,100,NoArch
1f399a8b999ef8b0b9983c9a0e3a19d977923cbe,12,258,17,241,1,0,1,1,17,801,4,7,1.6845206,5860,125,0,927,907,20,30711,29419,1292,564,551,13,1,100,NoArch
23f61697c23c8900a02246daf5fce95a99a23667,1,41,31,10,0,0,0,2,3,582,1,1,0,338,126,1,26,26,0,1759,1705,54,12,12,0,0,100,NoArch
13db036fab2f13dbe834c03a2588b74ae910794a,1,24,32,8,0,0,0,2,4,0,1,1,0,348,155,3,24,26,2,1787,1759,28,10,12,2,0,100,NoArch
100afb0daf203ce4cbdeb76db632d31d01e9b3a8,0,0,0,0,0,0,0,0,0,0,0,0,0,0,127,2,0,0,0,0,0,0,0,0,0,1,100,NoArch
ee9b3ef72ba8f029183dd8151b4ecbef528fd28b,2,88,74,14,0,0,0,2,2,2306,1,2,0.664159328,345,156,4,47,46,1,1701,1611,90,19,18,1,1,100,NoArch
ac57ce9f68e2b3c5f2d004f507383d64161de3ec,5,153,52,101,1,0,1,1,4,759,1,2,1.925853233,1108,157,5,173,168,5,5122,4550,572,107,104,3,1,99.96389023,NoArch
385ca8184e5fd4fbefe7a2acfab35fee16e6bfd1,2,32,31,1,0,0,0,2,5,436,1,2,0.20307393,879,158,6,82,82,0,3238,3201,37,42,42,0,1,100,NoArch
f63bd322036168de04374dd4726dbaa0951c3263,0,0,0,0,0,0,0,0,0,0,0,0,0,0,159,7,0,0,0,0,0,0,0,0,0,1,100,NoArch
70b02fde333959b4c7ad91e15ddbca144061e2d2,2,46,3,43,0,0,0,2,17,1453,2,2,0.246022578,1545,160,8,335,332,3,7447,7233,214,97,96,1,1,100,NoArch
dc900a3d5c5c8a45bb92c82a09bb075838abdc97,1,11,1,10,0,0,0,9,18,0,1,1,0,1452,128,3,329,327,2,6805,6777,28,92,92,0,1,100,NoArch
f59e51bb4623aea962aee01398a7bfdca63c882f,0,0,0,0,0,0,0,0,0,0,0,0,0,0,60,1,0,0,0,0,0,0,0,0,0,0,100,NoArch
3ab3f04f941d4b83d95031f1f5335d0529b6b9cc,1,20,12,8,0,0,0,3,6,1302,1,1,0,142,161,9,15,14,1,735,672,63,7,6,1,1,100,NoArch
327e19e6863798929178b258aab30da11dc4e6bf,1,5,5,0,0,0,0,2,4,1404,1,1,0,327,162,10,32,32,0,1826,1813,13,24,24,0,0,99.9819462,NoArch
709204d8ed1c0a637fb1024aa1394cc1fcc10b7c,2,7,19,12,0,0,0,3,14,916,2,2,0.391243564,922,163,11,152,153,1,4625,4669,44,46,47,1,1,100,NoArch
42989666f776e697b80dd44d808bd692ff82f9f3,2,69,1,68,1,0,1,1,3,301,1,2,0.187176257,107,129,4,15,10,5,665,384,281,8,5,3,1,99.98796631,NoArch
59109a669fe7de89ad833d3369e6fb68f3d93fc9,1,16,3,13,0,0,0,12,42,963,1,1,0,2997,44,1,533,531,2,13139,13094,45,262,261,1,1,100,NoArch
8ae10b93958fa38e8e56e83e076936c0a010c8e3,1,1,1,0,0,0,0,3,6,0,1,1,0,542,164,12,58,58,0,1467,1463,4,32,32,0,1,100,NoArch
8f43810679ad9a1d3ab4a28397ad0229fc8ffe31,0,0,0,0,0,0,0,0,0,0,0,0,0,0,165,13,0,0,0,0,0,0,0,0,0,1,100,NoArch
73cb029c1b2f8c1f113b26e76ff5af9e98007726,1,24,7,17,0,0,0,3,5,1291,1,1,0,630,166,14,100,96,4,2233,2174,59,50,50,0,1,100,NoArch
569a67714d3d1c4e63553c19a2d92f9d2413360b,1,12,20,8,0,0,0,2,4,1126,1,1,0,175,0,0,25,28,3,975,1044,69,7,7,0,1,100,NoArch
f8ccdfbfaa5ad588404f5d2b620351c34e9504cc,1,15,25,10,0,0,0,2,3,1861,1,1,0,181,8,0,10,11,1,896,970,74,5,5,0,0,100,NoArch
00426a9ae138df4d10b1e3beb72b2f60c9b786f9,3,73,3,70,1,0,1,5,22,882,2,3,1.283396699,683,167,15,72,69,3,2334,2054,280,45,42,3,1,99.94581251,NoArch
db669e44d852aa1ed3d6822c07bb92415a3f807f,2,20,7,13,0,0,0,3,3,1079,2,2,0.605186577,348,130,5,57,53,4,2042,1972,70,12,12,0,1,100,NoArch
fc244f48e48596c668a7d9dc3b84c26e60693823,45,5559,958,4601,17,0,17,1,43,847,4,12,4.428951054,12039,168,16,2245,1789,456,78356,58500,19856,1185,942,243,1,91.72454226,Arch
7f797046951b9cf2ef114582ac8e72ba88989110,2,7,3,4,0,0,0,3,10,399,2,2,1,1185,131,6,195,194,1,5411,5375,36,116,116,0,1,100,NoArch
119f3e959f0329b8912af5afcf68930af107444c,1,3,4,1,0,0,0,3,3,1218,1,1,0,64,169,17,8,8,0,136,136,0,8,8,0,0,100,NoArch
9f61fd51a39fe97b9e0421953974ef165f07e7e7,3,60,42,18,0,0,0,3,17,755,2,2,1.154590052,5503,132,7,731,722,9,23679,23542,137,295,292,3,1,100,NoArch
060e8aee78385bf61400284c609b417dfb4975bb,1,3,2,1,0,0,0,8,14,0,1,1,0,2711,170,18,358,358,0,9487,9485,2,195,195,0,1,100,NoArch
903733b824e0583aa92ee2aefe9c10a9f20b3fb1,0,0,0,0,0,0,0,0,0,0,0,0,0,0,133,8,0,0,0,0,0,0,0,0,0,1,100,NoArch
9146785b28d618379ba4f8f98c18ff430e96234a,4,15,6,9,0,0,0,2,28,843,2,2,1.938708497,1845,134,9,288,286,2,7739,7677,62,97,95,2,1,100,NoArch
e4183ec48d51efb086ca4d9ce1cbc458931f98c6,9,57,3,54,0,0,0,2,38,1227,3,6,2.86204624,6361,135,10,785,780,5,33535,33138,397,324,322,2,1,100,NoArch
d8b126dbed7e34f7bbd7fefa43127f2938f5f56f,1,2,11,9,0,0,0,3,7,0,1,1,0,835,136,11,149,152,3,3471,3541,70,36,36,0,1,100,NoArch
31015094aae9945deed406ebf9bbe65aee85fe6a,1,9,4,5,0,0,0,2,6,5,1,1,0,338,171,19,24,24,0,1782,1775,7,10,10,0,0,100,NoArch
9b4f6ac90e647045e8504ac716f58c4da4a20bcb,0,0,0,0,0,0,0,0,0,0,0,0,0,0,0,0,0,0,0,0,0,0,0,0,0,0,100,NoArch
07bfc1ef0e5887e7d4ec7c1e8768d2e0cca4e254,1,125,9,116,0,0,0,2,2,1182,1,1,0,47,172,20,17,6,11,434,182,252,6,1,5,1,88.7328231,Arch
6bb5abfcf4706629090f6b0c39f7a523a14866e0,1,17,0,17,0,0,0,3,9,1869,1,1,0,66,62,0,3,2,1,396,272,124,3,2,1,1,100,NoArch
283e3ced1e6ac72e064b5f25ebaa50e207f27c32,1,3,0,3,0,0,0,3,10,0,1,1,0,83,63,1,3,3,0,405,396,9,3,3,0,1,100,NoArch
902692e3ac5bb2d425f1fbd3e44648015f72a8f3,1,12,12,0,0,0,0,3,3,5,1,1,0,185,137,12,24,24,0,644,637,7,8,8,0,1,100,NoArch
d8e30267341cba342f3c624650bbc6338f612711,2,18,0,18,0,0,0,3,3,1876,2,1,0.852405179,109,14,0,12,7,5,284,208,76,4,4,0,1,99.84127853,NoArch
38b3140cc0ff9fc9026ef76cc4a75fbb0bb98286,2,7,7,0,0,0,0,3,4,0,2,1,0.985228136,127,15,1,12,12,0,297,284,13,4,4,0,1,100,NoArch
b41f92127c30f0d185a8c0dde03788b32b270b5e,4,28,16,12,0,0,0,3,8,958,3,4,1.47312829,2021,138,13,289,285,4,10237,10123,114,99,97,2,1,96.61835749,Arch
fb3e96a7d6bc8d0505afeee892e4781ef317306c,3,18,6,12,0,0,0,5,23,781,1,1,1.584962501,399,236,0,34,31,3,1780,1721,59,23,23,0,1,100,NoArch
fe09b7482c98dab25086a879cd2891a62f8c3b20,6,168,92,76,0,0,0,2,10,1383,1,2,1.443472752,2239,173,21,278,270,8,13792,13461,331,91,87,4,1,100,NoArch
b66daf2732437a48657d3805cc95857d8770aeb4,2,5,1,4,0,0,0,3,11,380,1,1,0.650022422,148,64,2,6,5,1,755,746,9,6,5,1,1,100,NoArch
f436b3344f92e65bc633e770a2dcfdd90b7e8971,1,36,24,12,0,0,0,2,2,2310,1,1,0,710,174,22,57,55,2,3251,3207,44,33,33,0,0,100,NoArch
5c3a2db3ff528eab33ef7a914a990a8e6156ae20,1,2,0,2,0,0,0,8,33,783,1,1,0,1701,175,23,309,309,0,9736,9732,4,84,84,0,1,100,NoArch
dbe9bc12f5bfb7790a5f23d95e18babdff97403a,1,46,30,16,0,0,0,3,3,2019,1,1,0,62,176,24,7,4,3,347,280,67,4,3,1,1,100,NoArch
b75ccd5ae795f0de25cde3f2e5b13098098d9115,2,182,0,182,1,0,1,1,8,1,2,2,0.44773951,658,177,25,101,86,15,2965,2129,836,90,79,11,1,99.98967689,NoArch
4275157365ada2aa0a6ab4db42e56683115bb06a,1,1,2,1,0,0,0,3,3,2220,1,1,0,352,178,26,42,42,0,1292,1292,0,21,21,0,0,100,NoArch
3f67862ac882c333b0e46e8386f27097c02c468a,2,51,3,48,0,0,0,2,8,1418,2,2,0.918295834,1723,179,27,273,272,1,10254,9924,330,124,123,1,1,100,NoArch
ccae55e3676870910df36c86e32a1cf41beebd01,1,18,1,17,0,0,0,2,3,2034,1,1,0,135,45,2,9,8,1,872,756,116,7,6,1,0,100,NoArch
2193ef144ba4559ced7015e4ecb777ae68c92a48,3,200,10,190,1,0,1,1,2,1540,2,2,0.632007819,571,180,28,143,123,20,4076,3282,794,43,30,13,1,99.98967902,NoArch
58be7125d48efdba29f05debe77ee59e0c64eef1,1,14,5,9,0,0,0,2,2,2308,1,1,0,259,181,29,28,25,3,1317,1278,39,17,17,0,0,100,NoArch
0a6e217fd65d0f25778ddaf78fcbb28bdf8b1b8d,1,10,2,8,0,0,0,3,4,0,1,1,0,170,182,30,10,9,1,973,929,44,8,8,0,0,100,NoArch
41311df39cb5d5a667e46b447404a2c8e2447e5b,1,10,7,3,0,0,0,8,34,0,1,1,0,1703,183,31,312,309,3,9760,9736,24,84,84,0,1,100,NoArch
4349e77eefa560f0dff2eee31cb6a9881fee3559,1,34,11,23,0,0,0,8,18,588,1,1,0,637,184,32,106,106,0,4601,4442,159,35,35,0,1,100,NoArch
6bdf4f8b669645ed5333b45ac967d8af17503bee,1,1,1,0,0,0,0,1,2,1093,1,1,0,131,139,14,9,9,0,804,790,14,6,6,0,1,100,NoArch
22f2f3dde757d31307da772d579815c1d169bc39,7,141,10,131,1,0,1,3,14,1291,3,5,2.015997235,2893,65,3,409,395,14,14443,13698,745,179,175,4,1,99.98968434,NoArch
d7e65a3c1962cf29292c38f9e43b6c6b0399e17d,1,11,2,9,0,0,0,6,69,607,1,1,0,1374,185,33,221,219,2,8639,8581,58,50,50,0,1,100,NoArch
c682f91946c51ddcfa044aa06f41a74a4c22f83b,1,4,1,3,0,0,0,6,25,675,1,1,0,3120,140,15,534,533,1,18588,18564,24,187,187,0,1,100,NoArch
a19461627ec3903be442d272fc088df58fcd49bc,1,1,1,0,0,0,0,2,3,1413,1,1,0,100,141,16,14,14,0,360,358,2,6,6,0,1,100,NoArch
a0af997baa16ea7e00ace521109de805bae08e7a,2,5,1,4,0,0,0,4,12,663,2,2,0.650022422,174,66,4,13,12,1,821,782,39,7,7,0,1,100,NoArch
aeecf8880920981afeae24f47b0e1dfdf87e3e3a,1,7,6,1,0,0,0,8,35,0,1,1,0,1706,142,17,312,312,0,9788,9760,28,84,84,0,0,100,NoArch
1a24160641c2197b3e29a3f4851ca6c01aeace25,2,244,11,233,1,0,1,1,36,0,2,2,0.450066658,1707,143,18,340,312,28,11158,9788,1370,96,84,12,0,99.98968966,NoArch
c52c4ed0f850b1b1b0e58cdfba4332d18576627e,1,1,1,0,0,0,0,5,5,763,1,1,0,432,144,19,82,81,1,1715,1709,6,36,36,0,0,100,NoArch
e3d218a97ab3f502366b7cc1fc62fc212a5591c5,2,185,9,176,1,0,1,1,5,358,2,2,0.334767613,954,186,34,127,118,9,3752,2863,889,49,42,7,1,96.61851257,Arch
af6ce5c93414c097ef5166e457598184b6c3af04,0,0,0,0,0,0,0,0,0,0,0,0,0,0,46,3,0,0,0,0,0,0,0,0,0,0,100,NoArch
76d7c320721e9f89287e251f834a4f06633fbfab,0,0,0,0,0,0,0,0,0,0,0,0,0,0,47,4,0,0,0,0,0,0,0,0,0,0,100,NoArch
0c55948501afc529d3b4a8d67ca4f9d93f8517ef,0,0,0,0,0,0,0,0,0,0,0,0,0,0,48,5,0,0,0,0,0,0,0,0,0,0,100,NoArch
76357bdb1eadcb251a891b6db5dd1b18227a66a8,0,0,0,0,0,0,0,0,0,0,0,0,0,0,49,6,0,0,0,0,0,0,0,0,0,0,100,NoArch
3424e04fad09ef69eaa72715669ebba40bb45019,45,937,5538,4601,0,17,17,2,44,0,4,12,4.439722706,16657,50,7,1791,2247,456,58534,78390,19856,944,1187,243,1,97.04549574,Arch
d460402be36e163974b8addf14b9da2ebfb1d4c3,0,0,0,0,0,0,0,0,0,0,0,0,0,0,51,8,0,0,0,0,0,0,0,0,0,0,100,NoArch
6465ceabb6084ca504e0bc40612be0c3ed4c53d4,0,0,0,0,0,0,0,0,0,0,0,0,0,0,52,9,0,0,0,0,0,0,0,0,0,0,100,NoArch
e6f9ff95922e9e964ae9ec0b177672eaf30fce38,0,0,0,0,0,0,0,0,0,0,0,0,0,0,53,9,0,0,0,0,0,0,0,0,0,0,100,NoArch
52ba699fcf3b601fcc249257718adcf674a0cb82,0,0,0,0,0,0,0,0,0,0,0,0,0,0,54,10,0,0,0,0,0,0,0,0,0,0,100,NoArch
0fb1c736142eb792cceefc9e55d8b1d3ace24b02,0,0,0,0,0,0,0,0,0,0,0,0,0,0,9,1,0,0,0,0,0,0,0,0,0,0,100,NoArch
f8b3de86d8154db5680433e46734b2bd9ced852b,0,0,0,0,0,0,0,0,0,0,0,0,0,0,67,5,0,0,0,0,0,0,0,0,0,1,100,NoArch
a1cd2e6bd7b8b4ea66b047fcb796f32aad28f4f2,0,0,0,0,0,0,0,0,0,0,0,0,0,0,55,11,0,0,0,0,0,0,0,0,0,0,100,NoArch
99ae612a65aff399bc8bbec540ff265baa6a5593,0,0,0,0,0,0,0,0,0,0,0,0,0,0,56,12,0,0,0,0,0,0,0,0,0,0,100,NoArch
6baf0130aa5588f1149ce3a7b53ce2ecea4c0c78,0,0,0,0,0,0,0,0,0,0,0,0,0,0,57,11,0,0,0,0,0,0,0,0,0,0,100,NoArch
eec00b8d37cfe93c3c25624d2348a6463e956b5a,0,0,0,0,0,0,0,0,0,0,0,0,0,0,58,12,0,0,0,0,0,0,0,0,0,0,100,NoArch
357a939f91c3eaa281bf53ba883365085ef2d574,1,1,0,1,0,0,0,6,10,966,1,1,0,222,145,0,21,21,0,1212,1205,7,5,5,0,0,100,NoArch
f613a355ed0e22d3b4a1219d7341a6571a3bf74a,2,2,1,1,0,0,0,2,4,1274,1,2,0.918295834,520,146,1,47,47,0,2893,2886,7,26,26,0,1,100,NoArch
9989f3a183e37a762dc0e742801c908c254faedf,0,0,0,0,0,0,0,0,0,0,0,0,0,0,10,0,0,0,0,0,0,0,0,0,0,1,100,NoArch
0a37e85ac247814d9e0343deb103822c734afb4a,3,19,15,4,0,0,0,3,6,987,2,3,1.022420704,1054,147,2,141,141,0,4958,4944,14,53,53,0,0,100,NoArch
3e5ac6326db59f524a0e71f6b717428607d7b67d,3,94,37,57,0,0,0,2,3,1665,2,1,1.552703308,289,68,0,44,36,8,1816,1377,439,19,17,2,1,100,NoArch
813a9ec331841d81c38e199de6f9954779d854fb,0,0,0,0,0,0,0,0,0,0,0,0,0,0,59,2,0,0,0,0,0,0,0,0,0,0,100,NoArch
6d49dcfcf354d76099afae235e39bad08e38383d,0,0,0,0,0,0,0,0,0,0,0,0,0,0,11,1,0,0,0,0,0,0,0,0,0,0,100,NoArch
f9fcbb5d5ffc37c3fbe38edec26f15ceb380cb5c,0,0,0,0,0,0,0,0,0,0,0,0,0,0,12,2,0,0,0,0,0,0,0,0,0,0,100,NoArch
c12878f11c182729119eec22e1be5795c8eff771,0,0,0,0,0,0,0,0,0,0,0,0,0,0,13,3,0,0,0,0,0,0,0,0,0,0,100,NoArch
1ab63ec9ec35322d51661a1eaf2e34ad525f7f57,0,0,0,0,0,0,0,0,0,0,0,0,0,0,14,4,0,0,0,0,0,0,0,0,0,0,100,NoArch
734f697b0e4d40545f633baf0b18922fd81ded61,0,0,0,0,0,0,0,0,0,0,0,0,0,0,15,5,0,0,0,0,0,0,0,0,0,0,100,NoArch
8938d14d434447193b02ba635606aa0fb7a80353,0,0,0,0,0,0,0,0,0,0,0,0,0,0,16,6,0,0,0,0,0,0,0,0,0,0,100,NoArch
0d815642c1c441b3bbca69c4987430a14e28c441,406,25621,5199,20422,104,3,107,5,95,557,22,102,7.349989447,92899,22,6,14311,12156,2155,554733,455505,99228,7045,5882,1163,0,88.17769025,Arch
f4eade2bb3bb83131f17d2768d2218770f0123d3,1,25,0,25,0,0,0,3,3,2220,1,1,0,585,23,7,122,113,9,2890,2695,195,47,46,1,1,100,NoArch
3ec36818eb440037ec0e351c656e7f1168bc44a6,1,6,8,2,0,0,0,4,6,2271,1,1,0,129,24,8,7,6,1,625,622,3,4,3,1,0,100,NoArch
dbf2c28b96e2e13a20ea682f758c6cb85227dd79,2,4,4,0,0,0,0,6,11,524,1,1,0.954434003,955,247,1,89,89,0,3571,3568,3,61,61,0,1,100,NoArch
5c7985c695407faecaced0cc147f7940dc901a05,1,4,2,2,0,0,0,6,6,782,1,1,0,279,248,2,25,25,0,2431,2425,6,8,8,0,1,100,NoArch
efe68aa0327d71a92a78751c924d97997752ed6d,0,0,0,0,0,0,0,0,0,0,0,0,0,0,105,1,0,0,0,0,0,0,0,0,0,0,100,NoArch
548aa1e41557f00f894fe160219bd155464f6c06,1,19,0,19,0,0,0,2,5,2204,1,1,0,165,231,16,29,25,4,1115,980,135,10,10,0,1,100,NoArch
25f18ad20d16361629335e6ea7256a14a25a6bb9,8,232,120,112,0,0,0,3,18,379,1,1,2.518671449,778,232,13,52,46,6,4853,4176,677,41,38,3,1,100,NoArch
c93b6614b47c4d01d6b9a683f78f1ab8d1180028,1,102,0,102,1,0,1,1,1,0,1,1,0,0,276,0,7,0,7,579,0,579,3,0,3,0,99.99067077,NoArch
7ce5be44d8a39e87088c7d648244aaadec63fd44,1,8,1,7,0,0,0,3,7,0,1,1,0,84,233,14,6,6,0,456,419,37,6,6,0,0,100,NoArch
bedb2078830cafe21db523c00706cd1357a63a48,1,4,4,0,0,0,0,3,5,378,1,1,0,216,234,15,19,19,0,1325,1325,0,10,10,0,0,100,NoArch
189a75afdc8862d783591d623286c7939d3ba9d7,1,2,2,0,0,0,0,13,51,28,1,1,0,3056,235,16,540,540,0,13380,13380,0,263,263,0,0,100,NoArch
b53d8ea2954fd0eaf64981b10b00542026b06b8b,2,67,6,61,0,0,0,4,11,628,1,1,0.847107491,922,106,2,121,111,10,3053,2854,199,70,65,5,1,100,NoArch
4648dbee41a84420418d68526d30051d2e461d22,1,22,42,20,0,0,0,3,5,93,1,1,0,310,236,14,14,16,2,1174,1207,33,8,9,1,0,100,NoArch
2a62b74232fc2210eb9c80afbeefb6133dee72a4,1,16,7,9,0,0,0,6,11,173,1,1,0,1499,237,15,103,103,0,10008,9931,77,50,50,0,0,100,NoArch
c28d520727854e933c45a05eb55336abbfe4dc59,1,16,8,8,0,0,0,4,7,93,1,1,0,313,238,16,29,28,1,1305,1267,38,22,22,0,0,100,NoArch
216626569a3a907a32410eb2e680c2f2dab163c3,1,6,2,4,0,0,0,2,4,24,1,1,0,189,239,17,18,17,1,1003,980,23,5,5,0,0,100,NoArch
35115fece7c0f5c6c8c4af8b45b811d1710b9c9d,1,7,4,3,0,0,0,4,7,436,1,1,0,199,240,18,10,10,0,1195,1183,12,6,6,0,0,100,NoArch
981c0f20fa96b9d30c362cae779cfbe60a5f5e5b,1,1,0,1,0,0,0,3,4,2111,1,1,0,82,241,16,6,6,0,283,274,9,4,4,0,0,100,NoArch
c9c1f587ad19f1c38a0c46cd5f5ef4d199ba5f41,2,2,2,0,0,0,0,2,2,2172,1,1,1,341,242,17,26,26,0,1914,1912,2,18,18,0,0,100,NoArch
de549f8926988ab436084225cdcd6595f1657262,1,4,0,4,0,0,0,8,18,146,1,1,0,2730,243,18,361,359,2,9543,9525,18,198,198,0,1,100,NoArch
f38cb588d3d85a1f7bb3e9a98308c9aeef4c5c2d,2,2,2,0,0,0,0,2,3,0,1,1,1,341,244,19,26,26,0,1914,1914,0,18,18,0,0,100,NoArch
a2c5c22ec5e5f30816f0cf3d0f1d192267f7e25e,2,39,1,38,0,0,0,2,23,146,2,2,0.286396957,2182,245,20,331,330,1,11246,10991,255,129,128,1,1,92.21411192,Arch
d5470254afc9f83ed5718fd710f871936fd4992e,4,20,5,15,0,0,0,12,54,224,1,3,1.471737433,2922,107,2,325,322,3,19335,19224,111,98,98,0,1,100,NoArch
6cebd2c79e939ae45b4cd94b6433b9d96d2bae8d,2,24,4,20,0,0,0,1,23,260,2,2,0.591672779,1330,246,19,215,213,2,7321,7230,91,117,117,0,1,100,NoArch
a620b403f4df4e5c8392b2b827942f0c11db35ef,1,1,1,0,0,0,0,2,2,1204,1,1,0,75,247,20,9,9,0,327,327,0,3,3,0,0,100,NoArch
3a6d67e8f95320bea91b7c7106173c9b34773bc5,3,5,3,2,0,0,0,3,7,226,2,2,1.061278124,354,248,20,19,19,0,1815,1806,9,11,11,0,1,100,NoArch
f47fbe4b8952f425c091754439e86011b99e5a84,0,0,0,0,0,0,0,0,0,0,0,0,0,0,249,21,0,0,0,0,0,0,0,0,0,0,100,NoArch
64fa706d54873321e41f2be9239e4959dbb8c86c,0,0,0,0,0,0,0,0,0,0,0,0,0,0,250,22,0,0,0,0,0,0,0,0,0,0,100,NoArch
eec2955bde07ed292a992f5b97a57bbcc416acee,0,0,0,0,0,0,0,0,0,0,0,0,0,0,251,23,0,0,0,0,0,0,0,0,0,0,100,NoArch
bf5a2997c7dbe9acb86ace160f21f3cf67205da5,0,0,0,0,0,0,0,0,0,0,0,0,0,0,252,24,0,0,0,0,0,0,0,0,0,0,100,NoArch
60c9d03e1df55bd93201901038887a221af0e717,1,7,1,6,0,0,0,2,2,2432,1,1,0,361,253,24,22,20,2,2599,2549,50,15,15,0,0,100,NoArch
6c5dd2543ea4b60d74f209ff39977214b75946ec,1,1,1,0,0,0,0,4,5,449,1,1,0,399,254,25,83,83,0,1805,1805,0,32,32,0,0,100,NoArch
1e5d2127685a267ba341c90a80d575cea681523c,1,12,1,11,0,0,0,5,12,818,1,1,0,2354,255,25,124,123,1,15214,15136,78,90,89,1,1,100,NoArch
bae0e60a7c2361d57164dd77269f769f511e1a27,1,5,0,5,0,0,0,3,4,602,1,1,0,171,256,26,10,10,0,946,896,50,5,5,0,0,100,NoArch
dc25f2a8f9d4e54c2349946b1337eb4b72890e07,2,60,5,55,0,0,0,1,24,2,2,2,0.444126045,1350,257,27,220,215,5,7757,7321,436,118,117,1,1,100,NoArch
4ba1a1689f33d81bd2349a2bb8c66f0c95b04d1d,0,0,0,0,0,0,0,0,0,0,0,0,0,0,258,27,0,0,0,0,0,0,0,0,0,0,100,NoArch
99229504d383b8e1617a6872b08c3e288f713e10,0,0,0,0,0,0,0,0,0,0,0,0,0,0,479,12,0,0,0,0,0,0,0,0,0,0,100,NoArch
306041d47c167baf121e82382d0e7b5a86ee7f64,0,0,0,0,0,0,0,0,0,0,0,0,0,0,26,0,0,0,0,0,0,0,0,0,0,0,100,NoArch
e983fe800abbc55b269c95772bb0be03976960cf,0,0,0,0,0,0,0,0,0,0,0,0,0,0,27,1,0,0,0,0,0,0,0,0,0,0,100,NoArch
9827427f465881826d617c9e0692001650d1f176,0,0,0,0,0,0,0,0,0,0,0,0,0,0,480,13,0,0,0,0,0,0,0,0,0,0,100,NoArch
2b7bb6f81b0ed0a399fd8e85ee88ac0f62fbd9c9,1,42,39,3,0,0,0,7,16,89,1,1,0,749,23,5,139,135,4,3845,3914,69,45,45,0,1,100,NoArch
70ef9b7e3743ef036326bf540a8e57f32bd510c7,1,2,2,0,0,0,0,6,13,150,1,1,0,259,481,14,11,11,0,1511,1511,0,7,7,0,0,100,NoArch
41ee3ec8dea1df70cb12f722dcf797f50b24fc54,3,154,0,154,2,0,2,1,3,643,2,2,0.914204215,152,482,15,56,44,12,1527,889,638,13,5,8,1,99.97981185,NoArch
de24980a623c864d24cecf9ed852bec38cf09ae3,2,41,5,36,0,0,0,1,25,90,2,2,0.987692509,1715,24,6,236,232,4,10052,9833,219,119,119,0,1,100,NoArch
b52796f79405d45d582254df2e74516a512986f5,1,2,1,1,0,0,0,8,47,88,1,1,0,3375,25,7,578,578,0,19898,19889,9,212,212,0,1,100,NoArch
a3c8bee1f0696b1d0d9a315b12241eecbf1f2d85,1,2,2,0,0,0,0,8,42,126,1,1,0,1712,483,16,312,312,0,9811,9811,0,84,84,0,1,100,NoArch
a49d46e3ca689af6f2cb721c457be97d654b2492,6,242,53,189,0,0,0,1,6,372,2,4,1.90955772,891,26,8,94,79,15,5056,4186,870,61,51,10,1,93.51333553,Arch
c6542a921b7b9fd09ca965761cfb90f2cffca930,3,16,12,4,0,0,0,9,48,1,2,2,1.027058267,3778,5,1,636,633,3,22069,22043,26,246,246,0,1,93.51394572,Arch
5b1c26c4ded06df1879d26a260780100b23217c9,0,0,0,0,0,0,0,0,0,0,0,0,0,0,484,17,0,0,0,0,0,0,0,0,0,0,100,NoArch
a9eeb03520f074d5013239b8d8708a05ba31e176,0,0,0,0,0,0,0,0,0,0,0,0,0,0,485,18,0,0,0,0,0,0,0,0,0,0,100,NoArch
1b52a13e839dbbb70839f36303e6a92002179459,0,0,0,0,0,0,0,0,0,0,0,0,0,0,1,1,0,0,0,0,0,0,0,0,0,1,100,NoArch
75203ede27d0fbbc87c441ef5364a717a7cfcc20,0,0,0,0,0,0,0,0,0,0,0,0,0,0,62,8,0,0,0,0,0,0,0,0,0,1,100,NoArch
f92c23a64e1492f90f365f1fee6f7002d5c3ed47,0,0,0,0,0,0,0,0,0,0,0,0,0,0,1,0,0,0,0,0,0,0,0,0,0,0,100,NoArch
b5bfe2707bf36a7feb698ec142db02d9190fab3c,0,0,0,0,0,0,0,0,0,0,0,0,0,0,63,9,0,0,0,0,0,0,0,0,0,1,100,NoArch
af09b4586ba87d15d82645232778389ce961fcce,1,5,3,2,0,0,0,14,64,20,1,1,0,3134,64,10,555,555,0,13604,13594,10,271,271,0,0,100,NoArch
b285d1018803ceb4fdf7ea14c178de1e0abc9c8a,1,12,7,5,0,0,0,3,9,456,1,1,0,182,391,1,30,29,1,771,751,20,7,7,0,1,100,NoArch
80b526be7df3471876eceaa2c610747ca7fb89da,2,162,0,162,1,0,1,1,3,242,1,2,0.054185698,119,503,2,34,11,23,1135,453,682,20,6,14,1,99.98643148,NoArch
95a9a8035145bea04126e924a38ba133a2d6f7e4,199,1869,8711,6842,3,57,60,0,63,380,16,62,6.743390292,54085,496,2,6585,7158,573,230823,259747,28924,2977,3329,352,1,87.8368131,Arch
e8a0d042d8897cffd904697ac8febae7824ddc18,203,8724,1876,6848,57,3,60,1,64,626,16,63,6.751030492,47601,504,3,7169,6596,573,261903,232968,28935,3340,2988,352,0,87.85580666,Arch
a7e2a44fe8d4435ae99532eb0ab852e6247f7b16,7,105,13,92,1,0,1,7,10,1064,4,6,1.77599484,1251,159,3,199,183,16,7004,6519,485,81,77,4,1,99.93895822,NoArch
499ced17018fbac42addbd62544016e08cdf5a9c,0,0,0,0,0,0,0,0,0,0,0,0,0,0,65,9,0,0,0,0,0,0,0,0,0,1,100,NoArch
5c5ced8e8754e4c0a1053a621e8f16c727dcd1a4,1,0,2,2,0,0,0,10,62,512,1,1,0,1189,505,3,78,78,0,7228,7240,12,39,39,0,0,100,NoArch
1ad0117932ae73603b963860c92c0980a3572b9e,3,209,3,206,1,0,1,1,23,56,2,2,0.338221033,1300,392,2,265,249,16,8146,7008,1138,76,69,7,1,99.93898305,NoArch
490436c136a6e7e44a3d907378afebd264d3cd3b,3,235,3,232,1,0,1,1,9,215,1,2,0.865452094,468,506,4,83,57,26,3808,2554,1254,30,21,9,1,99.98644252,NoArch
796397a7e9f2098968fb8889af082f98664fbe24,210,1889,9033,7144,3,59,62,0,63,386,16,65,6.794958796,56598,497,2,6788,7393,605,243762,274308,30546,3056,3419,363,1,87.85183688,Arch
e100638244c4ca5eb2a1f16bcdc671c9859c2694,210,9031,1892,7139,59,3,62,1,64,630,16,65,6.792986502,49454,160,3,7391,6788,603,274273,243762,30511,3418,3056,362,1,87.85183688,Arch
dc19d28af92a5fce4969352c53f02b11ee3f59e9,1,2,2,0,0,0,0,14,65,17,1,1,0,3136,393,2,557,555,2,13612,13604,8,271,271,0,1,100,NoArch
a01578ad4c93da5b28b76a9ef534394e5dcbb887,2,11,2,9,0,0,0,2,8,380,2,2,0.995727452,375,394,3,34,32,2,1665,1621,44,12,11,1,0,100,NoArch
43c3cae2c069c98215e2c0f1ff19e883fd6c0b86,21,1932,332,1600,12,0,12,1,25,659,1,5,3.879898184,1423,66,9,205,119,86,16604,8018,8586,135,70,65,1,91.4202827,Arch
92d5efc32ca79b23225a2fa5225fe07083a0c3e5,1,1,1,0,0,0,0,1,2,5,1,1,0,201,395,4,16,16,0,1129,1129,0,7,7,0,1,100,NoArch
5d697cff3b0f98a2d4d4f7176508bbbc77305d5d,3,33,16,17,0,0,0,4,65,535,2,3,1.109726445,2943,396,5,514,511,3,14280,14120,160,193,193,0,1,100,NoArch
6f524bfea0df670fe0db5ca1fa759123ac6b47e0,1,2,2,0,0,0,0,4,4,214,1,1,0,188,161,2,20,20,0,799,799,0,8,8,0,1,100,NoArch
9ddd162d2584f39c8e3b303db91dc43143381ecc,1,1,1,0,0,0,0,4,5,2354,1,1,0,214,397,6,33,33,0,706,706,0,15,15,0,1,100,NoArch
7c06d8d683290e9ebda0312993236b0895b68172,5,75,11,64,0,0,0,1,9,436,1,2,2.259196932,2234,507,4,275,264,11,9519,9172,347,134,133,1,0,100,NoArch
ef6b1e107bd7d8bdd8280a9b46adbe450598b1d6,0,0,0,0,0,0,0,0,0,0,0,0,0,0,67,8,0,0,0,0,0,0,0,0,0,1,100,NoArch
f09b9203a045cc1db6ba0b47a270b9f5288bbb7c,3,60,20,40,0,0,0,2,16,1098,2,2,1.156779649,468,162,3,80,76,4,2679,2373,306,42,39,3,1,99.98866599,NoArch
0ff46b18790d8df6221346b0f433fea53fa5c69a,0,0,0,0,0,0,0,0,0,0,0,0,0,0,2,0,0,0,0,0,0,0,0,0,0,1,100,NoArch
547914cabcc95e424640559c8bdbbd317bf399ae,243,2272,11141,8869,3,71,74,0,63,342,17,74,7.015545513,63590,2,0,7404,8115,711,267218,307180,39962,3392,3824,432,1,89.5073938,Arch
4d73b089230e40c003d16dbf2f3171f1e8bf07f1,243,11147,2278,8869,71,3,74,1,65,607,17,74,7.015557816,54721,508,5,8115,7404,711,307180,267218,39962,3824,3392,432,1,89.5073938,Arch
8d63083dfff064efadbe99a66deeedef829e519e,4,35,29,6,0,0,0,5,18,336,1,1,1.922667365,542,398,6,63,61,2,2296,2262,34,23,22,1,1,100,NoArch
f8bfff0bc864b67ff97c67f6193e0fe7785cfbbe,13,241,7,234,3,0,3,9,17,425,2,6,2.197990809,1663,163,4,201,186,15,8754,7683,1071,115,104,11,1,99.89237567,NoArch
8136e67b408a3d756241ebdf8de9347eb6135363,2,11,1,10,0,0,0,4,9,33,2,2,0.979868757,674,399,7,99,97,2,2146,2089,57,73,72,1,1,100,NoArch
c360c3e4a38b51f72b109a095a648433754acc2d,4,595,40,555,2,0,2,1,15,810,1,2,1.513558485,1198,509,3,237,206,31,10539,7611,2928,61,43,18,1,99.90931762,NoArch
c5506f5b17a178b9890cd6dac363ba95aa572b2c,1,1,1,0,0,0,0,7,15,407,1,1,0,882,68,2,141,141,0,3268,3268,0,99,99,0,0,100,NoArch
037f91d61e0e632bc6b3b32c91b8cf58d8b673ae,2,18,8,10,0,0,0,2,13,215,1,2,0.995727452,1458,14,0,220,220,0,7627,7585,42,87,87,0,1,100,NoArch
a0aa3583bc7f0a787471d894370809749cf2cbee,259,2343,12017,9674,3,76,79,0,63,356,17,75,7.088508051,67384,10,0,7846,8607,761,281704,325756,44052,3581,4044,463,1,89.40350547,Arch
bbc337fc9d8acbef5f254c3c3c9aa1d68c2a274c,0,0,0,0,0,0,0,0,0,0,0,0,0,0,11,1,0,0,0,0,0,0,0,0,0,1,100,NoArch
014d5594d605515e84f935eea3fcd1a201648653,261,12222,2354,9868,77,3,80,1,65,587,17,77,7.098933282,58041,510,4,8671,7901,770,328874,283928,44946,4060,3590,470,1,89.28420161,Arch
42065035b66a48782b361528a82a6d2bd9abd9ba,259,2343,12017,9674,3,76,79,0,63,356,17,75,7.088508051,67384,498,1,7846,8607,761,281704,325756,44052,3581,4044,463,1,89.31911094,Arch
77cd22ce623e622063ca13ffdea62f17fbef45e3,0,0,0,0,0,0,0,0,0,0,0,0,0,0,499,2,0,0,0,0,0,0,0,0,0,0,100,NoArch
fd0f71a4c82f1189bed6bd31efa4b17c297816f7,261,12099,2359,9740,77,3,80,1,65,586,17,75,7.101336007,58251,400,7,8706,7945,761,328952,284582,44370,4093,3630,463,1,89.7323049,Arch
82a5839fc733c24cef6e2178b52d8fb649b69879,18,2706,406,2300,13,1,14,1,9,101,1,3,3.521322634,2022,511,4,557,274,283,17451,8185,9266,274,138,136,0,94.54389077,Arch
b3d35472f9019353c3af829a494f48b1d3274bee,0,0,0,0,0,0,0,0,0,0,0,0,0,0,263,0,0,0,0,0,0,0,0,0,0,0,100,NoArch
5db9af8b24cea9ab9460abd1c06221e1f08d6d48,3,72,0,72,0,0,0,1,2,45,1,3,1.489934378,717,69,2,69,62,7,4323,3995,328,43,39,4,1,100,NoArch
a42be999cbda2b89433a71e909a6e0aaf55dfec7,1,2,1,1,0,0,0,2,6,431,1,1,0,208,512,4,20,20,0,1144,1129,15,4,4,0,0,100,NoArch
480b3e7c36b157d12dfdc1318f5517c4050df312,3,204,1,203,1,0,1,1,35,246,1,3,0.426803606,669,513,5,128,114,14,5309,4134,1175,52,44,8,1,99.9222913,NoArch
cc81680e10e5c7140ec3e28091df23e9d3c3233b,19,2072,3,2069,3,0,3,1,66,826,4,7,1.901236155,9213,70,2,1764,1557,207,53256,42835,10421,919,845,74,1,91.63036562,Arch
0c846cf8f6bcb999f98d499a717e922cbd04c6d2,1,27,28,1,0,0,0,1,2,2,1,1,0,1418,71,3,61,61,0,7113,7079,34,42,42,0,1,100,NoArch
938aa626c2b6a4d285f0a481be32eb6eecb26333,1,14,2,12,0,0,0,4,6,294,1,1,0,323,514,5,74,73,1,1735,1650,85,22,22,0,1,100,NoArch
3ef6a9f7693972c7001f82375b684998ae3f46b9,1,12,12,0,0,0,0,1,3,0,1,1,0,1417,72,4,61,61,0,7113,7113,0,42,42,0,1,100,NoArch
078a101cf735ae23ebf96b3bbe3f53003dccc0c7,2,146,1,145,1,0,1,1,66,227,2,2,0.33228663,2307,515,6,422,412,10,12935,12152,783,128,121,7,1,99.9912465,NoArch
5d353e241b0ba76ad1a0b42ef5c7a2ae54106860,2,111,3,108,0,0,0,1,9,2,1,2,0.725423021,466,516,7,96,77,19,3774,3052,722,23,20,3,1,100,NoArch
d3288644105c1674362fca138d199ed6085513c0,1,8,8,0,0,0,0,1,4,164,1,1,0,317,73,5,14,14,0,1675,1675,0,12,12,0,0,100,NoArch
86ead7e9d28cf79116d16b676ecaabbc07fc2465,1,1,3,2,0,0,0,1,5,3,1,1,0,317,74,6,14,14,0,1661,1675,14,12,12,0,0,100,NoArch
16e66f9d89f6bb076d717da3164a9c13c3250bc4,0,0,0,0,0,0,0,0,0,0,0,0,0,0,517,8,0,0,0,0,0,0,0,0,0,1,100,NoArch
7875e978cdea617b22b95d40755b8f761a8be1f7,298,2763,17265,14502,4,94,98,0,64,324,17,81,7.073693684,80275,500,1,9190,10482,1292,320750,387152,66402,4295,4983,688,1,93.32021107,Arch
6643458539f08041a59e471b19f9ca13a4c6cb2b,5,75,11,64,0,0,0,1,9,414,1,2,2.259196932,2238,501,2,275,264,11,9535,9188,347,134,133,1,0,100,NoArch
eccbd87156c141194313e54a8a1bc24c206e6723,4,595,40,555,2,0,2,1,15,830,1,2,1.513558485,1198,502,3,237,206,31,10539,7611,2928,61,43,18,1,99.97591232,NoArch
e0e737743cd0df401841b839fe4fb5507f6c8086,3,204,1,203,1,0,1,1,34,288,1,3,0.426803606,616,503,4,120,106,14,5029,3854,1175,48,40,8,1,99.92777466,NoArch
3faf87ba8a93b1db72dc06c0810140ab6d748b3d,2,111,3,108,0,0,0,1,9,0,1,2,0.725423021,466,504,5,96,77,19,3774,3052,722,23,20,3,1,100,NoArch
e54c9ccfa0a2bbc419fc10c39825610bf078c3db,3,209,3,206,1,0,1,1,22,143,2,2,0.338221033,1292,378,0,264,248,16,8101,6963,1138,75,68,7,1,99.99197818,NoArch
14f6abc552f535ee5bfcdf1e4f1d5f6caa89a4ef,1,1,1,0,0,0,0,1,2,0,1,1,0,201,379,1,16,16,0,1129,1129,0,7,7,0,1,100,NoArch
11ac3d9d85a32b5f58e9fdbdb11e9354dc9c689e,288,16083,2717,13366,90,4,94,1,66,576,17,80,7.002542233,63377,15,0,10039,8838,1201,367828,307736,60092,4842,4191,651,1,93.41229649,Arch
caa6b8e2539132999045c3fbbd627a2dc6d0885c,2,25,3,22,0,0,0,3,7,238,1,2,0.985228136,242,518,7,33,30,3,1105,970,135,21,21,0,1,100,NoArch
78c959a5c44e51d3591987962897e04fc81b06f0,3,13,2,11,0,0,0,2,14,1343,1,2,1.399581231,1414,164,0,174,172,2,8831,8782,49,55,53,2,1,100,NoArch
09054fc4a85bcdef9e19e589be368d0e9cf0de41,4,329,52,277,2,0,2,1,44,11,2,2,1.418086383,3130,75,6,390,374,16,18152,16935,1217,138,126,12,1,99.97812486,NoArch
d7a3b9406b8496c3f1508bebf3c7ff5367374b90,2,5,1,4,0,0,0,2,6,1700,2,2,0.918295834,447,401,0,90,89,1,2444,2408,36,18,18,0,1,100,NoArch
15412bae64bf265687b1099e19cba008bac9c825,3,10,8,2,0,0,0,2,67,1071,3,3,1.224394445,3221,402,1,540,538,2,16639,16589,50,175,175,0,1,100,NoArch
64aac4ce73efb6ce85b8d9b147bc83d6a87e2b79,0,0,0,0,0,0,0,0,0,0,0,0,0,0,403,2,0,0,0,0,0,0,0,0,0,0,100,NoArch
cf5735320f378e64d4b35e774274c15391a62767,0,0,0,0,0,0,0,0,0,0,0,0,0,0,264,0,0,0,0,0,0,0,0,0,0,0,100,NoArch
81ef5efdc749d9af2fc4150f92195132b1298423,296,2724,16406,13682,4,92,96,0,64,326,17,81,7.046463492,79073,262,0,9079,10304,1225,319758,381337,61579,4268,4933,665,0,93.39275253,Arch
934f3cea7effdff3b43ddabc9d0f03535fa44e5f,297,16438,2754,13684,92,4,96,1,67,596,17,81,7.054533203,67985,0,0,10646,9421,1225,390133,328548,61585,5115,4450,665,0,93.39275253,Arch
d730e35f9dcb11b94f835c9619a69eb4d4d785b3,0,0,0,0,0,0,0,0,0,0,0,0,0,0,519,7,0,0,0,0,0,0,0,0,0,0,100,NoArch
d9a79d172be3646ce64349fe4a0454df9e382424,296,2724,16406,13682,4,92,96,0,64,326,17,81,7.046463492,79073,0,0,9079,10304,1225,319758,381337,61579,4268,4933,665,0,93.39275253,Arch
ce5628a389b5491975fda0493ab9073cca6cb87e,301,16635,2737,13898,93,4,97,1,67,598,17,82,7.076029235,65821,16,1,10367,9120,1247,383588,321020,62568,4971,4288,683,1,92.35676972,Arch
d7e4c6d96f0e5b26d4b392e6b36595ee644fb9a2,1,1,1,0,0,0,0,2,3,0,1,1,0,71,17,2,7,7,0,270,266,4,4,4,0,1,100,NoArch
b5dd0a16f4197cfab086b3139892a73b27c8ac74,11,129,30,99,0,0,0,2,4,387,1,3,3.240774269,1004,520,7,110,94,16,3825,3473,352,57,50,7,1,99.98622147,NoArch
e5c46df48c153129b6085301018ccda620d15ebc,307,2755,16536,13781,4,92,96,0,64,325,17,83,7.084473563,80228,12,0,9181,10422,1241,323361,385296,61935,4326,4998,672,1,92.35314266,Arch
c8994b1d2eef47f68f265d06c3572624e23ef2bc,1,1,1,0,0,0,0,2,3,0,1,1,0,71,13,1,7,7,0,270,266,4,4,4,0,1,100,NoArch
451344486be8d82a2a9cde093fedf0737104ab83,11,129,30,99,0,0,0,2,4,387,1,3,3.240774269,1004,505,5,110,94,16,3825,3473,352,57,50,7,1,99.98797065,NoArch
cc6213ebf25a129b278a2ff0d7c32c25edd71eaa,298,16765,2791,13974,93,4,97,1,68,584,17,81,7.073067204,65784,76,6,10403,9156,1247,384083,320978,63105,5001,4329,672,1,92.83615914,Arch
4a27b72377bf8104b1a586bb26946c59508a3f26,2,108,29,79,0,0,0,3,29,1360,2,2,0.225990738,1994,521,8,324,321,3,9747,9232,515,91,89,2,1,100,NoArch
272fb2b97300362f2aaabf78763d62e95d3becaf,12,1238,32,1206,7,0,7,1,11,22,1,3,3.097330844,2277,522,9,413,286,127,14487,9215,5272,197,141,56,1,99.82433797,NoArch
de5d0d9430838948196f573c5278c75fbee9f25e,1,9,0,9,0,0,0,2,3,162,1,1,0,258,77,7,14,14,0,1465,1437,28,7,7,0,1,100,NoArch
bbde8473bd12a7ce5f34977eddfc3fcce3bde7c2,1,3,3,0,0,0,0,2,2,70,1,1,0,159,78,8,21,21,0,600,597,3,16,16,0,1,100,NoArch
3a3dcac184ac0f064c3dc168b4e142efebfb522e,0,0,0,0,0,0,0,0,0,0,0,0,0,0,79,9,0,0,0,0,0,0,0,0,0,1,100,NoArch
48fbd3116d442aca381becf6328bdc9cf27bc1a0,1,100,0,100,1,0,1,1,1,0,1,1,0,0,404,3,8,0,8,480,0,480,5,0,5,0,99.9912396,NoArch
4318eba4a34ad64b1dad549ba94dadd155149b4a,2,1,3,2,0,0,0,5,22,164,1,2,0.811278124,554,405,4,97,97,0,3021,3021,0,41,41,0,1,100,NoArch
4c1a6b4c2b933809ab0cbc4876d6fa3b368f9e1f,0,0,0,0,0,0,0,0,0,0,0,0,0,0,28,0,0,0,0,0,0,0,0,0,0,0,100,NoArch
8be148650805b9cedb2d58d86003be0ba9efb725,2,27,18,9,0,0,0,3,6,812,1,1,0.623570208,329,523,9,36,34,2,1860,1793,67,22,22,0,0,100,NoArch
dca6e4506eab2c6f5752085e39dd3368ead4afed,2,117,1,116,1,0,1,1,6,147,2,2,0.289986047,159,2,0,36,26,10,1563,982,581,14,8,6,1,99.99124267,NoArch
bf36c4cb880b26964f63fe3d7d7e47745d0b3916,0,0,0,0,0,0,0,0,0,0,0,0,0,0,80,9,0,0,0,0,0,0,0,0,0,0,100,NoArch
bc9edf00d198634722e4e8a2699a285e6050c184,2,19,18,1,0,0,0,5,7,144,1,1,0.699772222,290,81,10,44,43,1,1637,1627,10,14,14,0,1,100,NoArch
d9e22a9368cdaa67501374a41e9ccafc2629f488,4,102,128,26,1,0,1,1,12,342,1,1,1.923080307,1194,524,10,156,164,8,4364,4554,190,81,83,2,1,99.98248917,NoArch
9bc28214d53351a6fa6cf459383d5e449a100d2d,2,123,0,123,1,0,1,1,50,75,1,2,0.068124626,841,165,1,149,143,6,5926,5221,705,40,38,2,1,99.98686975,NoArch
ef129c21cd189757ba08345edb560eceabb16ee2,1,7,1,6,0,0,0,2,3,990,1,1,0,195,525,10,12,12,0,1149,1115,34,9,9,0,0,100,NoArch
e07809dec603832a45d5d3377b4578caee27ed49,1,2,1,1,0,0,0,10,54,147,1,1,0,3409,82,9,585,585,0,20093,20086,7,214,214,0,0,100,NoArch
9acee62877a25152cd7ed567671c57599e556634,1,56,57,1,0,0,0,1,6,36,1,1,0,315,83,10,17,14,3,1608,1661,53,13,12,1,1,100,NoArch
3b658f8e1aa8c9170b8d414fe8cd05c6826b490a,2,2,3,1,0,0,0,2,4,212,1,1,0.970950594,201,84,10,30,30,0,684,684,0,16,16,0,1,100,NoArch
35b7ac250b5fa0b8c8dbf728881cc9dbf6edce19,2,139,1,138,1,0,1,1,4,725,2,2,0.061191523,123,85,11,22,14,8,1386,633,753,15,7,8,1,99.9868732,NoArch
a38c3d4b6b9a4e828c80e88dd5a33c86fae99a06,320,3029,18623,15594,4,104,108,0,64,309,18,86,7.240552228,84738,38,0,9564,10963,1399,337022,407586,70564,4503,5245,742,1,92.68323293,Arch
8f30866fdf89f25188a358f1b1c161b2f06de3f5,320,18640,3044,15596,104,4,108,1,68,526,18,86,7.242217807,69144,86,12,10964,9564,1400,407594,337022,70572,5245,4503,742,1,92.68323293,Arch
29d943429cc0742eaef52095be73c27cc856c34b,2,3,2,1,0,0,0,2,5,0,1,1,0.970950594,200,87,13,30,30,0,684,684,0,16,16,0,1,100,NoArch
95f58fa7c4e26b5b2d73a80bd8e1cb2bee8ebf47,1,50,0,50,0,0,0,1,5,21,1,1,0,1370,88,14,57,56,1,7043,6814,229,40,39,1,2,100,NoArch
0a12bcb928f151b5ace9a0cffc34ec717b6a8e9c,16,616,82,534,2,0,2,4,30,1206,4,10,2.205686923,11855,406,5,1810,1758,52,50028,47054,2974,695,677,18,1,96.18918919,Arch
2aa172f905d3c783c722f6aedd0fe2c1af7b988d,2,77,0,77,1,0,1,1,7,307,1,2,0.557081908,245,407,6,49,43,6,1351,1045,306,23,18,5,1,99.99071667,NoArch
673c2928a1b567958c2d9eabe2995a039f2aa1e2,1,1,5,4,0,0,0,5,5,240,1,1,0,201,6,0,30,32,2,896,913,17,16,16,0,1,100,NoArch
39a20bd788c664105c18886abf77c372cf9229aa,1,21,5,16,0,0,0,2,2,6,1,1,0,67,7,1,4,4,0,400,266,134,3,3,0,1,100,NoArch
1499f2eee064d7837fe45f781f56d5ec35bcd45c,0,0,0,0,0,0,0,0,0,0,0,0,0,0,89,14,0,0,0,0,0,0,0,0,0,0,100,NoArch
1bef4de4dc6744c23c22d2dac0faf0c9a6ab68d9,1,5,21,16,0,0,0,2,3,2,1,1,0,83,408,7,4,4,0,266,400,134,3,3,0,1,100,NoArch
f09000d1e61a0131ee20df22b7b2ac6d297ebd07,2,3,0,3,0,0,0,1,4,514,2,2,0.918295834,176,409,8,6,6,0,925,907,18,4,4,0,1,100,NoArch
abfe038ddfd6d6c4f7c41e106dabc815041b04c5,0,0,0,0,0,0,0,0,0,0,0,0,0,0,90,15,0,0,0,0,0,0,0,0,0,0,100,NoArch
b547e46131baf31f1cad6c79b4a5444ae82842fc,284,3028,9768,6740,6,26,32,7,113,484,21,101,6.856653391,100729,578,7,11588,12279,691,473826,510046,36220,5310,5631,321,1,91.06036263,Arch
cd5ea6c27fa92a57dc68cd9632572a77b36c446c,285,9994,3034,6960,31,6,37,8,114,821,21,100,6.868871331,93993,675,5,12294,11588,706,511020,473826,37194,5638,5310,328,1,91.04888685,Arch
a3a5a1affa7aa229202efc51625531ccce1414bb,2,284,11,273,1,0,1,1,39,15,2,2,0.474345438,1647,676,6,311,294,17,8731,7575,1156,84,75,9,1,100,NoArch
f43c090809bbb59d86ffac8f8105f08a71142aaa,3,45,2,43,0,0,0,2,30,694,2,2,1.507750785,4178,677,7,541,536,5,15257,15039,218,336,331,5,1,100,NoArch
34d7b0bfcb3a3d61ffe961f53ed5824d54aac232,0,0,0,0,0,0,0,0,0,0,0,0,0,0,678,8,0,0,0,0,0,0,0,0,0,1,100,NoArch
4b018b420637db61763f14b8a02f986087608916,8,195,459,264,0,0,0,1,4,238,1,1,1.274622612,1820,679,9,172,213,41,6091,7539,1448,106,118,12,1,99.9704142,NoArch
39184e2fb052fc73c69934890a16b333f1ea31d5,2,151,4,147,1,0,1,1,37,59,2,2,0.437545634,1695,195,16,328,320,8,9807,9083,724,117,111,6,1,92.69574059,Arch
a82bd3cf721e32272b2cf3dee3aa1afcc726c3cb,290,3052,10064,7012,6,32,38,7,113,477,21,101,6.925468548,102928,185,16,11810,12497,687,481550,518670,37120,5467,5797,330,1,89.82767003,Arch
4fc16630ea94a8eda96ffa99a8e559ca4355c02a,2,4,151,147,0,1,1,1,37,0,2,2,0.437545634,1817,186,12,309,317,8,8905,9629,724,108,114,6,1,97.02801996,Arch
e05db7cb5c82660d83e913fa6df77a9e23d0eb8f,293,10218,3055,7163,33,6,39,8,114,807,21,101,6.943359187,96805,680,10,12627,11932,695,522005,484129,37876,5870,5534,336,1,87.55896873,Arch
9f7d70ba0d8f0262c76844954b274786e3d7545f,2,15,10,5,0,0,0,7,38,674,1,2,0.904381458,1955,196,13,362,362,0,10281,10269,12,142,141,1,1,100,NoArch
2a815c2e08a5e2f5a056fdafbcd9c30dacf369d5,8,506,139,367,1,0,1,2,18,1065,2,5,2.064073554,2961,488,0,462,393,69,17525,16152,1373,229,168,61,1,99.97298028,NoArch
6cc2c1190da15579a9a886bad03596e14a77a677,11,39,19,20,0,0,0,4,30,728,3,5,3.178791077,5715,489,1,913,907,6,28014,27951,63,443,438,5,1,100,NoArch
d427952b19f1763d5128d8a6c145d61dcefd79d9,6,285,17,268,2,0,2,1,80,772,1,4,1.415233471,5500,490,2,936,913,23,32489,31161,1328,365,351,14,1,99.97298757,NoArch
ad657cc202f30bc279316ed34c1e48c7291070cf,1,1,0,1,0,0,0,1,2,12,1,1,0,151,491,3,11,11,0,836,826,10,4,4,0,1,100,NoArch
a65f5e7c2077e048a2664339f6425d73948d71ce,2,8,30,22,0,0,0,5,31,163,1,1,0.297472249,3460,492,4,479,486,7,12262,12394,132,225,226,1,1,100,NoArch
3953b9aaefaee914bdd0702f27aef47c021ceb27,74,10324,42,10282,66,0,66,1,50,195,3,6,5.964666004,4847,197,11,1492,808,684,64686,23717,40969,869,339,530,1,94.72230592,Arch
d54e21b2ff563431919e8783f701c889497b2101,21,3023,357,2666,6,1,7,1,12,688,1,4,3.544873132,2355,681,10,570,325,245,27418,13019,14399,256,107,149,1,99.79421944,NoArch
01cfa7727dfb6e680e3a94789fd0798c36dbc87c,2,5,4,1,0,0,0,2,19,2379,2,2,0.503258335,1034,493,5,150,149,1,5391,5390,1,55,55,0,1,100,NoArch
29856516098ba3edc0d1cd5d68bc70beeae1e73d,1,2,2,0,0,0,0,1,3,3,1,1,0,152,494,6,11,11,0,836,836,0,4,4,0,1,100,NoArch
cf3d419528e5596c1226b5ca11ed37e8039bc006,16,701,72,629,2,0,2,1,81,465,4,7,3.115654941,9072,198,9,1346,1280,66,51932,48700,3232,681,643,38,1,99.74786385,NoArch
37da75e0e48800317d1a36d7d0b8adab0d2b06b7,0,0,0,0,0,0,0,0,0,0,0,0,0,0,682,9,0,0,0,0,0,0,0,0,0,1,100,NoArch
6b8e743b083b9baf201f26b6f7d9a574638ba537,3,101,16,85,0,0,0,1,37,89,1,2,1.224394445,2144,495,7,295,285,10,12991,12494,497,147,143,4,1,100,NoArch
51b413309caffb776a67158432e85b3ace41f013,1,7,4,3,0,0,0,9,21,1130,1,1,0,937,496,8,52,51,1,4900,4879,21,17,17,0,0,100,NoArch
822e2be90e393a95cbdb998d2407b65e03bdd146,5,73,38,35,0,0,0,1,82,133,1,3,1.702398577,4992,497,9,772,767,5,28611,28381,230,302,296,6,1,100,NoArch
dd0ed17e59da3ac19f9e528c8b071322d3035404,4,256,6,250,1,0,1,1,83,67,1,3,1.506550911,5392,199,9,924,896,28,31570,30286,1284,339,324,15,1,91.4493885,Arch
7ac89adf40f833a3644082244ef42c0ab5758e51,0,0,0,0,0,0,0,0,0,0,0,0,0,0,683,10,0,0,0,0,0,0,0,0,0,1,100,NoArch
498e2184be8ade23e3b1c65c5f13076ae582b493,1,30,1,29,0,0,0,8,13,3,1,1,0,762,200,10,104,100,4,2413,2353,60,97,93,4,1,100,NoArch
1bdcb4f96ffa7b08532f0ef76425416d9363c118,0,0,0,0,0,0,0,0,0,0,0,0,0,0,684,11,0,0,0,0,0,0,0,0,0,1,100,NoArch
1a598277cf76e9bace980dfa87982584b5879710,6,164,69,95,1,0,1,1,84,266,1,4,2.158717905,5837,201,6,964,950,14,33124,32487,637,349,346,3,1,91.21938904,Arch
8d5e84bb67664811a6ead9c65bb0eace919d3e95,4,222,0,222,1,0,1,1,4,1524,2,4,1.696998435,732,0,0,148,122,26,3684,2516,1168,113,96,17,1,99.98670566,NoArch
8d7d4e6df9d3c17ae068a7e8e50e0c0e0c8b22c2,0,0,0,0,0,0,0,0,0,0,0,0,0,0,202,7,0,0,0,0,0,0,0,0,0,1,100,NoArch
7118247b658335839bc792dde8f70eee2acc1f18,2,5,4,1,0,0,0,2,5,0,2,2,0.764204507,305,203,8,24,24,0,1287,1268,19,16,16,0,1,99.99556895,NoArch
dd971a00f2a3922e264aaa9860313b9978ec53a4,1,0,2,2,0,0,0,2,3,2,1,1,0,124,204,9,9,9,0,720,735,15,4,4,0,1,100,NoArch
82295fd2c6dea96433d15e00e00d53c6d41f5c0b,2,9,0,9,0,0,0,5,23,471,2,2,0.918295834,735,205,10,107,106,1,4504,4432,72,44,44,0,1,100,NoArch
b1c4b1871f612f8a0501f2d7c8b273ed26199151,3,88,126,38,0,0,0,1,7,400,1,1,1.258420863,2174,206,11,106,111,5,10884,11066,182,76,77,1,1,100,NoArch
71bb54f94c9554f24e502bccd40231b80da56740,1,10,5,5,0,0,0,2,2,15,1,1,0,61,207,12,2,2,0,268,235,33,2,2,0,1,100,NoArch
e73ab348375db71116624326d29398e0088d7334,10,614,91,523,1,0,1,1,51,978,3,4,2.344529539,6180,208,13,920,853,67,35868,32816,3052,340,309,31,2,96.21315813,Arch
eb9c584fbd86e52b2cc7bb7d209068a8865fa7b4,3,137,7,130,1,0,1,1,4,7,2,3,1.117252114,587,209,14,52,42,10,3529,2817,712,38,36,2,1,99.97179126,NoArch
5a6d1550fb854dc7251dd0e545c2498aea92d012,1,80,0,80,1,0,1,1,1,0,1,1,0,0,4,0,5,0,5,469,0,469,3,0,3,1,99.96709753,NoArch
29e6f63d58136770ac414aff6cb717ad3b03404f,0,0,0,0,0,0,0,0,0,0,0,0,0,0,210,15,0,0,0,0,0,0,0,0,0,1,100,NoArch
d654e045354bdb129cbe0f3f8c2964570e08c862,0,0,0,0,0,0,0,0,0,0,0,0,0,0,211,16,0,0,0,0,0,0,0,0,0,0,100,NoArch
9d39ffd875a62a80aa33e167efa370aa9304a5e8,0,0,0,0,0,0,0,0,0,0,0,0,0,0,212,17,0,0,0,0,0,0,0,0,0,1,100,NoArch
71cbc652835e8b6b9d17b7a28fc998fce4840a9b,0,0,0,0,0,0,0,0,0,0,0,0,0,0,213,17,0,0,0,0,0,0,0,0,0,0,100,NoArch
c8d4ebfe7a7641c63e6d202a1d35331155bfa994,5,19,186,167,0,0,0,1,2,1549,2,2,1.805109887,542,814,0,34,51,17,1604,2374,770,16,19,3,1,99.97008339,NoArch
ccfed53c8dc2d5c552a698d82a46aca59e39ad8a,210,1007,11468,10461,0,29,29,3,115,973,19,72,6.14599803,90525,811,0,10708,11627,919,407021,466539,59518,4782,5178,396,1,91.68308076,Arch
cc0bcdd5dc6856c655d5e40e179db5b455a7efb1,210,11543,1073,10470,34,0,34,3,127,1746,19,72,6.167326546,80069,393,0,11632,10708,924,466664,407021,59643,5182,4782,400,1,91.44881596,Arch
1be7873a35aab1ee1d6f14b8c47def83cc56cd45,210,1006,11467,10461,0,34,34,3,115,967,19,72,6.145470257,90539,410,0,10713,11632,919,407146,466664,59518,4786,5182,396,1,91.44881596,Arch
d539ff77b96f3a8ae646c448c2eeba50c6684429,210,11530,1034,10496,34,0,34,3,127,1736,19,72,6.160003483,80078,394,1,11632,10713,919,467171,407146,60025,5182,4786,396,1,91.44881596,Arch
23af2edcc54e69721a4d2d2ef46c3fe9b37d5bb1,209,1002,11463,10461,0,34,34,3,115,965,19,71,6.141681548,90213,411,1,10690,11609,919,405306,464824,59518,4773,5169,396,1,91.44881596,Arch
ed4110175534f63e0fac834a63a05440d509752c,209,11671,1003,10668,34,0,34,3,127,1737,19,71,6.158014492,79752,785,0,11633,10690,943,465862,405306,60556,5184,4773,411,1,91.44881596,Arch
a7b06c043c34978125b57016a8bd82d9bb2fa6a5,1,4,0,4,0,0,0,5,12,0,1,1,0,223,786,1,7,7,0,1258,1240,18,6,6,0,1,100,NoArch
8cc5386fbbe7a836ac9aef3cffcb56c0b9f65adc,1,84,0,84,0,0,0,5,13,10,1,1,0,227,787,2,11,7,4,1687,1258,429,8,6,2,1,100,NoArch
071edf522e0fb82779c01e97479f48bf48493f66,2,98,0,98,2,0,2,1,1,0,1,1,1,0,0,0,8,0,8,318,0,318,6,0,6,1,99.98693579,NoArch
1a1cabdfcea80fc19ba3c8f7f6acedaeecda1d95,31,0,6783,6783,0,29,29,2,4,6127,2,16,4.72682931,6781,395,2,0,770,770,0,28380,28380,0,195,195,1,92.3425081,Arch
07cf49ed48e97ac2e1c566b0c9325f14c7539f74,2,98,0,98,2,0,2,1,1,0,1,1,1,0,218,0,8,0,8,318,0,318,6,0,6,1,99.98314654,NoArch
18e8ce18da0323809b3d5d68cb31c92ea2d14208,238,7687,11758,4071,29,34,63,1,115,920,20,86,6.575966512,90508,0,0,11452,11639,187,433368,466348,32980,4962,5188,226,1,90.15012189,Arch
4e1df1979b963de468d873d19ec046361d18a039,238,11762,7691,4071,34,29,63,2,127,2308,20,86,6.577282284,86437,60,0,11638,11454,184,466314,433453,32861,5186,4964,222,1,90.15012189,Arch
721169a21db22cacafb7c42950103b2dd787e910,1,3,3,0,0,0,0,21,93,111,1,1,0,3309,396,3,594,595,1,14269,14274,5,292,292,0,1,100,NoArch
937c31e03660660dfc8cf9e42ee80feec5b0634d,1,3,3,0,0,0,0,22,94,261,1,1,0,3309,219,1,595,594,1,14274,14269,5,292,292,0,1,100,NoArch
59059e4ee76b8084c728205fbff2f85d7fc4afeb,238,7687,11758,4071,29,34,63,1,115,921,20,86,6.575966512,90508,59,0,11453,11640,187,433373,466353,32980,4962,5188,226,1,90.15012189,Arch
88525ce650e0843b555b1ef45834435ef719d2f6,240,11765,7688,4077,34,29,63,2,127,2320,20,86,6.578612465,86932,61,1,11751,11568,183,469155,436285,32870,5208,4986,222,1,90.15012189,Arch
f4dbb74048b8769e237c05f6f1b8b67c72b9e953,0,0,0,0,0,0,0,0,0,0,0,0,0,0,220,2,0,0,0,0,0,0,0,0,0,1,100,NoArch
49916685494f3befac6b83546d06b9e18aa27379,5,186,19,167,1,0,1,2,3,5013,2,2,1.805109887,376,221,3,51,34,17,2374,1604,770,19,16,3,1,99.96630302,NoArch
a51184e415480b48d66a6dc48183aeb6d01a7e30,240,7687,11764,4077,29,34,63,1,115,930,20,86,6.578288995,91009,57,0,11566,11753,187,436200,469194,32994,4984,5210,226,1,90.13452915,Arch
7db424758f9a3b04bde3dfe6319345049651e617,240,11765,7688,4077,34,29,63,2,127,2320,20,86,6.578612465,86932,62,2,11751,11568,183,469155,436285,32870,5208,4986,222,1,90.13452915,Arch
0f92f2cabb379559b504c034ab096a89c3b61b77,0,0,0,0,0,0,0,0,0,0,0,0,0,0,222,4,0,0,0,0,0,0,0,0,0,1,100,NoArch
23f285a627d32be3dca92bfa34b3ab95deacd250,0,0,0,0,0,0,0,0,0,0,0,0,0,0,223,5,0,0,0,0,0,0,0,0,0,1,100,NoArch
2e890c6224fb1735e758ee2e9321b9b6ea828c4d,0,0,0,0,0,0,0,0,0,0,0,0,0,0,224,6,0,0,0,0,0,0,0,0,0,0,100,NoArch
cd1e9f8697a5b54ec6790edb655009a4b1d3adab,0,0,0,0,0,0,0,0,0,0,0,0,0,0,225,7,0,0,0,0,0,0,0,0,0,0,100,NoArch
4ed2ba22a901cfd71241cd8900ad15bc3e11d74f,0,0,0,0,0,0,0,0,0,0,0,0,0,0,63,3,0,0,0,0,0,0,0,0,0,0,100,NoArch
763b3c337f08f23a0b4ee03d9ec58a70d6c56d2a,0,0,0,0,0,0,0,0,0,0,0,0,0,0,397,3,0,0,0,0,0,0,0,0,0,1,100,NoArch
4358f38e8c3d3d177d1360a7489db51e069ae1ad,240,7687,11764,4077,29,34,63,1,115,930,20,86,6.578288995,91009,412,1,11566,11753,187,436200,469194,32994,4984,5210,226,1,90.13452915,Arch
7c5a4bd9401f54635d4723a11ffe944e1783f10f,240,11765,7688,4077,34,29,63,2,127,2320,20,86,6.578612465,86932,398,4,11751,11568,183,469155,436285,32870,5208,4986,222,1,90.13452915,Arch
03454466fa38a3872a1d54d8eeef32b9ae17f910,240,7687,11764,4077,29,34,63,1,115,930,20,86,6.578288995,91009,413,2,11566,11753,187,436200,469194,32994,4984,5210,226,1,90.13452915,Arch
5901d9a6f0b66f68de75944638f23f4b9676a319,239,11775,7666,4109,33,28,61,2,127,2314,20,86,6.575252997,86932,399,5,11751,11566,185,469155,436200,32955,5208,4984,224,1,90.13452915,Arch
ff2dae82f357643b2bb4311e86f4c780b0da76c4,0,0,0,0,0,0,0,0,0,0,0,0,0,0,226,8,0,0,0,0,0,0,0,0,0,0,100,NoArch
6908749c2f054b8f4da8d392aa508b72fbe24dbd,0,0,0,0,0,0,0,0,0,0,0,0,0,0,227,9,0,0,0,0,0,0,0,0,0,0,100,NoArch
86dd78b1aa64cbf0af15669c0e4af62dfae0d158,0,0,0,0,0,0,0,0,0,0,0,0,0,0,228,10,0,0,0,0,0,0,0,0,0,0,100,NoArch
