CommitID,NMF,TotalAddLines,TotalDeleteLines,LC,FileAdd,FileDelete,NAD,NDVE,NUC,AGE,NMS,NMD,Entropy ,MLMF,EXP,REXP,CommitComplexity,LastCommitComplexity,CFC,CommitTokenCount,LastCommitTokenCount,NCC,CommitMethodNum,LastCommitMethodNum,NMC,NIR,a2a,Tag
fe4aeb898190ee7e4177d2619d11975404139156,3,0,423,423,0,3,-3,2,2,12,1,2,1.366910942,423,320,7,0,35,35,0,2305,2305,0,13,13,1,99.2211164,NoArch
0a09375b2403decf9ae49c193734d08aaa244e9f,0,0,0,0,0,0,0,0,0,0,0,0,0,0,321,8,0,0,0,0,0,0,0,0,0,1,100,NoArch
5e6d5049fffb407ec9169151a08861391f9a26cc,3,423,0,423,3,0,3,1,1,0,1,2,1.366910942,0,321,8,35,0,35,2305,0,2305,13,0,13,0,99.2211164,NoArch
fc6810cb4198672a0473e3ae5830dd3d132a6b80,3,0,423,423,0,3,-3,2,2,12,1,2,1.366910942,423,322,9,0,35,35,0,2305,2305,0,13,13,0,99.2211164,NoArch
541daa38c12083d3983692edfd25380bba6bdfdc,0,0,0,0,0,0,0,0,0,0,0,0,0,0,323,10,0,0,0,0,0,0,0,0,0,0,100,NoArch
a28d395416e0a914be90af3b812e00809037db72,1,1,1,0,0,0,0,3,13,53,1,1,0,649,324,11,115,116,1,2663,2665,2,59,59,0,0,100,NoArch
afc4f04f74e83971252b02f613249e06588b38d9,1,5,0,5,0,0,0,3,8,457,1,1,0,179,325,12,6,6,0,992,990,2,6,6,0,1,100,NoArch
cec2d314bb70f5fbdf3afd2e08c1375ebd395094,1,0,1,1,0,0,0,3,9,0,1,1,0,184,326,13,6,6,0,990,992,2,6,6,0,1,100,NoArch
903fef441200a44cadae294dd062742963560711,0,0,0,0,0,0,0,0,0,0,0,0,0,0,327,14,0,0,0,0,0,0,0,0,0,0,100,NoArch
2c48a81600ac4e5f88714bb8606cc4dafaa9cbc4,0,0,0,0,0,0,0,0,0,0,0,0,0,0,328,15,0,0,0,0,0,0,0,0,0,0,100,NoArch
fbe1a70510748b35d8e7f987f6337a000ea8445d,0,0,0,0,0,0,0,0,0,0,0,0,0,0,329,16,0,0,0,0,0,0,0,0,0,0,100,NoArch
35fbaea2d43bf905cb62be6f885c1d982b6f1b82,0,0,0,0,0,0,0,0,0,0,0,0,0,0,330,17,0,0,0,0,0,0,0,0,0,0,100,NoArch
0401887ad7c81803346421ba21d39e420173e5bc,0,0,0,0,0,0,0,0,0,0,0,0,0,0,331,18,0,0,0,0,0,0,0,0,0,0,100,NoArch
6e751a96027d629ee8f8bafed11e03d1d590d96f,2,113,0,113,2,0,2,1,1,0,1,1,0.958416169,0,332,0,13,0,13,408,0,408,12,0,12,0,99.47939262,NoArch
b39c291369779d071a87de217fa6dd70ef944a2b,2,49,2,47,1,0,1,1,1,0,1,1,0.522559375,43,333,0,5,3,2,268,156,112,5,3,2,0,99.30795848,NoArch
eb99295cbf8ec3c04ada44b22ba42ea79dbf69cf,1,0,8,8,0,0,0,1,2,0,1,1,0,45,334,1,2,2,0,112,112,0,2,2,0,0,100,NoArch
6fe9fc548bc69c93b2ef80f93cbbf2a73ed7bba8,2,12,2,10,0,0,0,1,3,28,1,1,0.863120569,107,335,2,13,12,1,410,364,46,11,11,0,0,99.95682211,NoArch
1c1ab8d865cb1db01bec69ba697e1f8c4c8e77b6,0,0,0,0,0,0,0,0,0,0,0,0,0,0,336,3,0,0,0,0,0,0,0,0,0,0,100,NoArch
3c975223ef19498b60f9c4352a76b2cfc4774f1d,7,114,26,88,1,0,1,3,4,365,2,4,1.366727612,396,337,4,30,24,6,1710,1376,334,20,18,2,0,98.80239521,NoArch
0f3fbb9ffbe278c98a5d834c915c927c37aa7bf2,4,353,25,328,2,0,2,1,7,290,1,4,1.992689107,335,338,5,35,20,15,1849,744,1105,22,9,13,1,99.78849408,NoArch
8130668c8fc2faaad6b29daee4ef44140f577f7a,1,3,7,4,0,0,0,1,2,625,1,1,0,235,339,6,27,27,0,1290,1312,22,22,22,0,0,100,NoArch
44c569914946311428f305c55243b991ebe768b5,0,0,0,0,0,0,0,0,0,0,0,0,0,0,340,7,0,0,0,0,0,0,0,0,0,1,100,NoArch
0845c25dfd2fc59e7679c17b7031805d57770896,4,12,7,5,0,0,0,3,14,525,1,3,1.722971279,1488,89,0,232,229,3,5631,5561,70,92,92,0,1,99.49217097,NoArch
54e427584952562cd6d250016a217e2a05170c17,1,0,2,2,0,0,0,2,4,0,1,1,0,107,90,1,0,0,0,68,79,11,0,0,0,1,99.44868533,NoArch
259e7a82525d0fbec197a378647f2de492e0640f,1,6,7,1,0,0,0,3,8,0,1,1,0,444,91,2,79,79,0,1361,1372,11,27,27,0,1,100,NoArch
ec3a2af79ae3f780337598c43259bfc4cbc46ca4,1,2,1,1,0,0,0,3,11,697,1,1,0,257,341,0,45,45,0,1207,1207,0,20,20,0,1,100,NoArch
1e50f68f5a6b6e8d76949cfe4ce841fd7139d5dd,1,38,0,38,0,0,0,3,4,780,1,1,0,128,92,0,9,7,2,945,685,260,9,7,2,0,100,NoArch
63206b37f26a28302d9d6f42bd54a2febae2b82e,0,0,0,0,0,0,0,0,0,0,0,0,0,0,93,1,0,0,0,0,0,0,0,0,0,1,100,NoArch
e235accd7139bf530e8d357aca26b3fe56ce6cea,1,6,1,5,0,0,0,3,4,622,1,1,0,86,94,2,5,4,1,181,156,25,4,4,0,1,100,NoArch
3d98efa157cc8d3fc7cb8b8940b61ea34ed9ccb5,1,1,6,5,0,0,0,3,5,0,1,1,0,91,95,3,4,5,1,156,181,25,4,4,0,1,100,NoArch
36fab3bf476c4783e8e7c7778065996016350f14,1,10,1,9,0,0,0,3,6,0,1,1,0,86,96,4,6,4,2,196,156,40,4,4,0,1,100,NoArch
313fb5903dde88275dc8da92df40f329208a5368,1,0,1,1,0,0,0,3,7,0,1,1,0,95,97,5,6,6,0,185,196,11,4,4,0,1,100,NoArch
ae97fd0728139e1102e2eecdfd4d60d202d56d41,1,17,12,5,0,0,0,3,15,102,1,1,0,688,98,6,135,132,3,2761,2718,43,54,54,0,1,100,NoArch
eb0435eeacdb0687cac84b6143d2edb0fc19204b,1,17,11,6,0,0,0,2,3,775,1,1,0,354,99,7,26,26,0,1095,1071,24,11,11,0,1,100,NoArch
cb68e5db9e9058abd3142eee8d6a272ca11074f2,0,0,0,0,0,0,0,0,0,0,0,0,0,0,100,8,0,0,0,0,0,0,0,0,0,1,100,NoArch
1383c372bbd00f8d01aaf2468aaf04828af05fd2,2,28,2,26,0,0,0,3,8,796,1,2,0.783776947,399,342,0,39,37,2,974,910,64,18,16,2,1,100,NoArch
93175c43d6fc40cacb588c2737a3379458899e24,0,0,0,0,0,0,0,0,0,0,0,0,0,0,343,1,0,0,0,0,0,0,0,0,0,1,100,NoArch
6145d073149d8f361e7bfb5651a140e87e71ab0c,0,0,0,0,0,0,0,0,0,0,0,0,0,0,344,2,0,0,0,0,0,0,0,0,0,1,100,NoArch
59f86be8d226119f4cd468d20a810f27bdc81ac3,13,832,0,832,13,0,13,1,1,0,1,3,3.364745449,0,345,3,71,0,71,2617,0,2617,43,0,43,1,97.88851351,Arch
103e591bce8a3b5420188c83e0047bbc6cc47aa9,0,0,0,0,0,0,0,0,0,0,0,0,0,0,346,4,0,0,0,0,0,0,0,0,0,1,100,NoArch
493c60767b8c8a4bd216b809592985c3dfa19fd0,0,0,0,0,0,0,0,0,0,0,0,0,0,0,347,3,0,0,0,0,0,0,0,0,0,1,100,NoArch
051543d7f3123460bb1248ca714382599bbe5e89,1,20,19,1,0,0,0,3,9,164,1,1,0,443,348,4,79,79,0,1365,1361,4,27,27,0,1,100,NoArch
6d2b36d3a6605625f29a7eca045af5a64a8edea8,1,13,10,3,0,0,0,3,5,838,1,1,0,73,349,5,3,3,0,332,319,13,3,3,0,1,100,NoArch
e0cb603d9674f37482e829a514e4e1629fe4d246,1,1,0,1,0,0,0,3,6,0,1,1,0,76,350,6,3,3,0,332,332,0,3,3,0,1,100,NoArch
e6d68335e9353db275dc0a3726cf86c61020d8c2,0,0,0,0,0,0,0,0,0,0,0,0,0,0,351,7,0,0,0,0,0,0,0,0,0,1,100,NoArch
18110f60c13a7544be9cfdc699becf486f0359b6,1,2,0,2,0,0,0,2,7,644,1,1,0,462,352,8,87,87,0,2174,2159,15,48,48,0,1,100,NoArch
11968e954fd763a2df5529320dfac2343ab89679,1,33,1,32,0,0,0,3,3,838,1,1,0,105,353,9,12,9,3,322,272,50,6,3,3,1,100,NoArch
6bf959ff0e147a3d25fdd3ca2a700bfd2a18c208,2,13,8,5,0,0,0,2,13,898,2,2,0.863120569,204,354,0,14,14,0,503,524,21,9,9,0,1,100,NoArch
179fa6715333740af3a531896cdf78fbb95ea3ba,5,359,15,344,2,0,2,1,7,367,2,4,1.333134791,880,355,1,136,89,47,4063,2509,1554,59,46,13,1,99.74811083,NoArch
93713be28ffb303343cef241d8a35addf5ccfae4,0,0,0,0,0,0,0,0,0,0,0,0,0,0,356,2,0,0,0,0,0,0,0,0,0,1,100,NoArch
f34973da603c441670739e0b4e40d29401ef22eb,0,0,0,0,0,0,0,0,0,0,0,0,0,0,357,3,0,0,0,0,0,0,0,0,0,1,100,NoArch
38532a0924a8fb7567ecbbc5f9ce1e7cec40402f,1,318,109,209,0,0,0,1,2,6,1,1,0,272,358,4,79,43,36,2747,1437,1310,14,9,5,1,99.87431923,NoArch
2517806f88a24950bebcfd18e3dad0a75370eca9,8,265,0,265,7,0,7,1,3,70,1,4,2.823118286,425,359,5,35,28,7,1148,914,234,20,14,6,1,99.37578027,NoArch
4ac4517252ceb5afa14b2bdcdec7b41c9a05d5f8,1,1,0,1,0,0,0,1,4,0,1,1,0,429,360,6,29,29,0,953,942,11,14,14,0,1,100,NoArch
29e21ebf8e1c8271ca70d2fced5a46394dd66d45,2,346,0,346,2,0,2,1,1,0,1,1,0.684608234,0,361,7,73,0,73,1675,0,1675,28,0,28,0,96.85009488,Arch
4aa767ddae7148cea2d070998c6a23039d622d8e,9,850,0,850,9,0,9,1,1,0,1,2,2.940112012,0,362,8,57,0,57,1639,0,1639,30,0,30,1,98.22113708,NoArch
28b81f3d591efadabde5260db7b02e4443b9c27f,0,0,0,0,0,0,0,0,0,0,0,0,0,0,0,0,0,0,0,0,0,0,0,0,0,0,100,NoArch
478aeb7af7ee70de745aec499197909e11548efe,7,85,18,67,0,0,0,1,7,337,3,6,1.372104827,1755,363,9,229,223,6,6917,6821,96,85,79,6,1,99.00582791,NoArch
e9183261b7eeba572e0ddd970de08530b8664ae7,7,681,142,539,0,0,0,3,16,743,1,4,1.146187326,2031,364,9,279,238,41,6702,5818,884,132,111,21,1,97.46284886,Arch
ee70b030cb54c5ef1d51292329e9d9c548e6c2a8,1,2,2,0,0,0,0,3,4,0,1,1,0,706,365,10,56,56,0,1253,1253,0,30,30,0,1,100,NoArch
aee89709ad241a8abebff4ae2a46bb076f20347b,1,1,1,0,0,0,0,3,5,0,1,1,0,706,366,11,56,56,0,1253,1253,0,30,30,0,1,100,NoArch
46ee0a212c7cf3f3de21a844cd05bba6ce00669a,2,90,99,9,0,1,-1,2,10,982,1,2,0.998363673,460,367,4,41,42,1,1077,1356,279,22,26,4,1,97.74052478,Arch
1cdf63b2a5ee246c24122857eb2fa6a300673d3a,2,131,175,44,0,0,0,2,9,724,1,2,0.120364434,955,368,1,107,99,8,2765,2507,258,43,42,1,1,97.90780142,Arch
8f18e05e566148201d438d99b9e196e2ffa9d1b8,1,1,5,4,0,0,0,4,10,24,1,1,0,352,369,1,36,37,1,999,1021,22,15,15,0,1,100,NoArch
9847b1042007ca9f11526d9e279319f5edaa5fb5,3,104,18,86,1,0,1,2,9,549,2,3,1.023784979,167,370,2,16,11,5,946,837,109,12,7,5,1,97.71192798,Arch
7ade362ee3b1725f4913968d923edf016fe0738f,21,1360,48,1312,13,0,13,1,18,306,2,8,3.604223401,1840,371,2,297,196,101,8827,5700,3127,136,91,45,1,97.96456841,Arch
8ee71e197257d9c0af278d077b3fc8e7876b185f,1,3,0,3,0,0,0,2,2,138,1,1,0,23,1,0,0,0,0,9,0,9,0,0,0,1,100,NoArch
883f8b8d39669efd46acd415693eade0eac44afe,2,155,1,154,1,0,1,1,3,83,1,2,0.098959095,231,101,0,39,23,16,1326,547,779,25,11,14,1,99.88864143,NoArch
30bf035fa35113a3f90c6721b0fa4e109f983782,1,8,3,5,0,0,0,1,2,704,1,1,0,67,372,0,0,0,0,37,37,0,0,0,0,0,100,NoArch
5f0dc061a1cdc5e68c49e1e7344f331165cec43e,1,18,4,14,0,0,0,1,2,140,1,1,0,93,373,1,6,5,1,232,207,25,6,5,1,0,100,NoArch
c2292442f9bc234b97b9dc4f3867fc4c695f6968,1,22,11,11,0,0,0,1,3,0,1,1,0,107,374,2,6,6,0,242,232,10,6,6,0,0,100,NoArch
0b8ea9c582dee532c2cd2883da5280c98ec2de74,2,160,37,123,0,0,0,3,5,969,1,2,0.892762865,499,375,3,93,70,23,2164,1631,533,31,26,5,1,100,NoArch
84dfd4794382ffd2a368cd4a601e57df19bebdb1,1,9,9,0,0,0,0,1,4,237,1,1,0,480,376,3,79,79,0,2746,2742,4,14,14,0,1,100,NoArch
b6a51db727ecb3df7a7562fd5966326ba45a82c8,5,576,104,472,4,0,4,1,26,235,1,1,2.043130307,576,377,4,99,80,19,2501,2034,467,47,31,16,1,99.63045085,NoArch
508aa5b82b7cd7668d129fe0b1638ae36ab127ec,2,7,3,4,0,0,0,3,12,706,1,2,0.468995594,751,378,5,56,56,0,1303,1303,0,30,30,0,0,100,NoArch
5d0d241e8796550eba2e76f40d65372e5dda2811,1,4,8,4,0,0,0,3,4,1178,1,1,0,193,379,6,28,30,2,962,980,18,13,13,0,0,100,NoArch
0eeff86d3f9ea596420d3fed2905a2e9e790b7a4,1,30,0,30,0,0,0,3,27,0,1,1,0,585,380,7,73,73,0,1802,1802,0,34,34,0,0,100,NoArch
e68e6c6da45a7c1c8c581dd8e487b7b8b0a61d13,0,0,0,0,0,0,0,0,0,0,0,0,0,0,102,0,0,0,0,0,0,0,0,0,0,0,100,NoArch
5289ef29c9f3815baec1081dfa29de30147a8de2,0,0,0,0,0,0,0,0,0,0,0,0,0,0,103,1,0,0,0,0,0,0,0,0,0,0,100,NoArch
601a88db7e1a7188805ffbfd9efb9a016cb3bfd3,1,0,2,2,0,0,0,2,8,339,1,1,0,464,381,8,87,87,0,2156,2174,18,48,48,0,0,100,NoArch
97d8cd1cfa7d21744f83b465b6d4a18a1710c342,1,2,2,0,0,0,0,2,12,735,1,1,0,394,382,9,54,54,0,1785,1785,0,36,36,0,0,100,NoArch
43ff01d196830539cce39165a07302813db2e5b7,14,370,25,345,3,0,3,2,23,508,2,8,3.277799677,3031,383,10,283,260,23,8455,7713,742,154,144,10,1,99.18669131,NoArch
569eee47c1390869baf92e53121c0582369cbe68,5,80,37,43,0,0,0,2,8,266,1,5,1.987242659,1148,384,11,149,145,4,3997,3900,97,65,62,3,1,100,NoArch
dfb22a43389fbff442fdea2e7a134dccd5a34376,40,3326,0,3326,40,0,40,1,1,0,1,6,5.073691155,0,104,0,221,0,221,15608,0,15608,147,0,147,1,95.39354371,Arch
228129174585f1ce647c452d306dc4867e1697d5,1,8,7,1,0,0,0,2,4,356,1,1,0,122,385,0,11,11,0,396,396,0,6,6,0,0,100,NoArch
6b9a4a107cb3cd01a7892521f485d45f8e8b7ef2,0,0,0,0,0,0,0,0,0,0,0,0,0,0,386,1,0,0,0,0,0,0,0,0,0,0,100,NoArch
871e3a789d150aad332d9e9aba424cd7c8eb89ac,6,123,11,112,1,0,1,2,6,637,1,3,2.22224659,792,387,2,90,85,5,3881,3716,165,51,46,5,1,93.20425209,Arch
dff631c459581050ce4da8e07171da8f54b920fe,1,24,20,4,0,0,0,3,7,0,1,1,0,222,388,3,33,30,3,1085,1019,66,15,15,0,1,100,NoArch
36a848ba30990dacdc13efcd5ed75b393dfa0fd5,2,452,13,439,1,0,1,1,4,239,1,2,0.717606113,360,389,4,65,26,39,3493,1095,2398,30,11,19,1,97.33704293,Arch
30d3b66d1d0816a232a9cb8398f35730725bf19a,0,0,0,0,0,0,0,0,0,0,0,0,0,0,0,0,0,0,0,0,0,0,0,0,0,0,100,NoArch
bdc5721b066ab21b366382a74e82654dbbff53dd,0,0,0,0,0,0,0,0,0,0,0,0,0,0,1,1,0,0,0,0,0,0,0,0,0,0,100,NoArch
2a9fad894556cddfae8bdc1c511408ce08d89b23,4,64,4,60,0,0,0,2,2,52,1,3,0.851749135,630,2,2,69,59,10,4018,3575,443,46,38,8,1,100,NoArch
79b1a1310c87036fe5c7ca666ecfb6e0994a0778,1,25,1,24,0,0,0,3,5,1297,1,1,0,52,390,0,5,3,2,131,80,51,3,2,1,1,100,NoArch
b7b224778906406e42adc693ffb3a5edeff0841f,2,5,4,1,0,0,0,2,3,35,1,2,0.99107606,417,3,3,36,36,0,2442,2427,15,27,27,0,1,93.44569288,Arch
d035211d405d0510567b0d922aaa66ffb4d86bcd,2,59,0,59,0,0,0,5,6,1320,1,1,0.572580466,466,4,4,48,37,11,1275,1043,232,25,21,4,1,100,NoArch
c020adf94d957e197d2a2f5e3a7c8e5847b64dfa,4,104,1,103,2,0,2,1,11,714,1,3,1.812880007,620,5,0,105,90,15,4395,3887,508,46,35,11,1,99.67379485,NoArch
02073403b009b5ce46c9a2794641a71d0df45168,2,36,0,36,0,0,0,2,2,0,1,2,1,76,391,0,13,13,0,311,311,0,10,10,0,1,100,NoArch
5ea16691b9ad624b6df9df5bd703ee7022eecef0,1,25,9,16,0,0,0,3,9,1343,1,1,0,525,392,1,97,97,0,2200,2192,8,38,38,0,1,100,NoArch
cd0efd9ca9a141256c0a3f47d57a6f3ff90b5321,38,2379,990,1389,16,5,11,2,12,389,3,12,4.62635677,3986,393,0,569,445,124,16749,13954,2795,241,189,52,4,97.81909188,Arch
08f3b0af52db34082f020f3b3242d1aa162441c6,3,19,20,1,0,0,0,2,4,1653,1,1,1.386891322,714,394,1,43,43,0,954,956,2,27,27,0,1,100,NoArch
5ad74735b4ecd61fdd44d1b77040b5e0e6721ec7,2,171,62,109,1,0,1,1,2,7,1,1,0.835804379,307,395,2,45,41,4,978,972,6,14,11,3,1,99.61199295,NoArch
15ac57e41ed364da3b20176e719f9ec2871a79c8,0,0,0,0,0,0,0,0,0,0,0,0,0,0,396,3,0,0,0,0,0,0,0,0,0,1,100,NoArch
0f58e83c1cfe943127a8d2c0f4b3ec547fa180c4,7,349,350,1,1,1,0,1,4,24,1,4,2.455654049,911,397,4,80,86,6,2034,2539,505,39,48,9,1,98.52060585,NoArch
3fa3f6544690b737a7b7bb038401dc8afd398194,1,1,1,0,0,0,0,1,2,30,1,1,0,22,398,5,0,0,0,34,34,0,0,0,0,0,100,NoArch
d5da608be1bd234883fa6de3e11e11acd1227a5f,2,15,9,6,0,0,0,1,6,15,2,2,0.650022422,546,399,6,83,82,1,2791,2755,36,20,19,1,0,100,NoArch
4b8eb6e35195ae9d407618ced0d03ede3acacbcf,1,2,0,2,0,0,0,1,2,15,1,1,0,62,400,7,5,5,0,116,116,0,3,3,0,0,100,NoArch
b709e636de99d4b4d85401c6b6696381f6fb7528,1,1,1,0,0,0,0,3,4,1685,1,1,0,221,401,8,31,31,0,781,781,0,12,12,0,0,100,NoArch
5df45d1d38ebcba8b7c09b067595cab716542448,2,59,1,58,1,0,1,3,5,845,1,1,0.2108423,85,402,9,9,6,3,396,264,132,4,2,2,1,99.89444053,NoArch
7340f9dfdda305571644fc68882efe745f19fba4,2,106,6,100,0,0,0,4,13,168,1,2,0.874643448,646,403,7,103,93,10,4762,4077,685,41,36,5,2,99.89455185,NoArch
87c494b838943e2593911145aa18e09ab33cf6ed,3,15,122,107,0,1,-1,3,7,1376,1,3,0.787562559,611,404,2,74,80,6,2109,2503,394,24,32,8,1,99.54353933,NoArch
ed6ad2dd34019b3cf2a2c922c239d18cd9c0f5d5,6,668,0,668,6,0,6,1,1,0,1,1,2.159443716,0,405,2,70,0,70,2049,0,2049,43,0,43,1,92.19033781,Arch
cd2c50f269f848371222223f1e1ff1584f5f8a8c,1,0,69,69,0,1,-1,1,2,0,1,1,0,69,406,3,0,6,6,0,190,190,0,2,2,1,99.92464205,NoArch
e494036529704fb0ebf625d0a4e81e250eaef44f,1,7,1,6,0,0,0,1,2,0,1,1,0,304,407,4,40,39,1,1139,1120,19,25,24,1,1,100,NoArch
126c5843ff2bbbea8674ceba774903c945d44635,1,12,0,12,0,0,0,3,5,65,1,1,0,221,408,5,32,31,1,800,781,19,13,12,1,1,100,NoArch
2203acf0555f9c53d95c98ffb9eca260f065094d,2,19,2,17,0,0,0,1,10,574,2,2,0.985228136,612,409,6,98,96,2,2588,2497,91,56,56,0,1,100,NoArch
a8752ecf65fe5086ee6eecf55732b9df27a0067f,1,98,0,98,1,0,1,1,1,0,1,1,0,0,6,0,4,0,4,389,0,389,4,0,4,1,99.73624717,NoArch
271d3c0e3ca9b93f0db649cb52af41383c857a8f,0,0,0,0,0,0,0,0,0,0,0,0,0,0,7,1,0,0,0,0,0,0,0,0,0,1,100,NoArch
53e27b973718ee8d3f57882361e7da90db2d344c,0,0,0,0,0,0,0,0,0,0,0,0,0,0,410,6,0,0,0,0,0,0,0,0,0,1,100,NoArch
462404c8c6ae9a64bda80adedfd3adff0d2bc5c0,0,0,0,0,0,0,0,0,0,0,0,0,0,0,411,7,0,0,0,0,0,0,0,0,0,1,100,NoArch
b13e326cad3788b95e9fcada86122caa663ece3e,4,278,75,203,0,0,0,3,14,892,1,3,1.533355524,922,412,8,164,129,35,6319,5253,1066,88,67,21,1,99.92464205,NoArch
9c19b0395f46ede3a59bf8d09cb3e15c88e18075,0,0,0,0,0,0,0,0,0,0,0,0,0,0,413,9,0,0,0,0,0,0,0,0,0,1,100,NoArch
8ae85b3e412ffe2c21b0f83432584007843a078d,1,1,4,3,0,0,0,2,11,9,1,1,0,501,414,10,91,91,0,2269,2287,18,50,50,0,1,100,NoArch
dbd57702fb5b1217f8176e4414d7d7e4ec2b184c,1,83,13,70,0,0,0,3,11,714,1,1,0,270,415,10,49,43,6,1338,1184,154,25,23,2,1,100,NoArch
ae5ff0fd1741bd9922ab59b157b2957ab866e4bd,2,31,15,16,0,0,0,4,10,1286,1,1,0.666578358,151,8,2,18,14,4,782,705,77,9,7,2,1,100,NoArch
ff8059fc44444f341812e564cd8a1d865baec9be,1,2,1,1,0,0,0,2,12,31,1,1,0,498,416,11,91,91,0,2269,2269,0,50,50,0,1,100,NoArch
00733f81ba30e040d50da89025870e554554a6b7,3,143,57,86,0,0,0,1,12,647,1,3,1.118789037,589,417,9,74,67,7,2867,2741,126,38,35,3,1,93.18791946,Arch
6746a98429e16a5f3b2aa99b8cca69eac2ee4e55,9,166,4,162,0,0,0,1,5,716,2,5,3.16414893,542,418,8,35,35,0,1850,1850,0,32,32,0,1,98.32529095,NoArch
0aa34db117c11da9999a5fe1fdc3c6f43eee99df,1,18,0,18,0,0,0,1,2,45,1,1,0,46,419,9,6,6,0,127,127,0,6,6,0,1,100,NoArch
454e5969e4682daadfa9bfec1c7bd6241da312d9,1,18,0,18,0,0,0,2,3,855,1,1,0,103,105,0,8,8,0,432,432,0,2,2,0,0,100,NoArch
0febcedc0bed30f20bd0221e19b5efdb306b5559,0,0,0,0,0,0,0,0,0,0,0,0,0,0,420,10,0,0,0,0,0,0,0,0,0,1,100,NoArch
ee99d23cbfe801c6a4fc6ad204ae02595efc80a1,0,0,0,0,0,0,0,0,0,0,0,0,0,0,421,11,0,0,0,0,0,0,0,0,0,1,100,NoArch
c8af11bd917f2d4ed362798ca88075fda241bec7,0,0,0,0,0,0,0,0,0,0,0,0,0,0,421,11,0,0,0,0,0,0,0,0,0,1,100,NoArch
cf4ff457280800ff88002e4e34eb80f715f340f9,0,0,0,0,0,0,0,0,0,0,0,0,0,0,422,12,0,0,0,0,0,0,0,0,0,1,100,NoArch
298a04360af52597fac16bf845854300ed401b16,0,0,0,0,0,0,0,0,0,0,0,0,0,0,422,12,0,0,0,0,0,0,0,0,0,1,100,NoArch
b07c4ac2d0e8816698efb3b7ffc41266219bb0a2,0,0,0,0,0,0,0,0,0,0,0,0,0,0,423,13,0,0,0,0,0,0,0,0,0,0,100,NoArch
fbb854935c37e9d52ed73db46c113d44dcf42a52,0,0,0,0,0,0,0,0,0,0,0,0,0,0,423,13,0,0,0,0,0,0,0,0,0,1,100,NoArch
e83520ef081cd050a5140c5cea118c0a35cfbcf1,0,0,0,0,0,0,0,0,0,0,0,0,0,0,423,13,0,0,0,0,0,0,0,0,0,1,100,NoArch
19102c4816c3a631c1aaabd2d0549403417b184e,0,0,0,0,0,0,0,0,0,0,0,0,0,0,427,17,0,0,0,0,0,0,0,0,0,1,100,NoArch
3195472c8157d96109ec634850a1a4017b35c027,0,0,0,0,0,0,0,0,0,0,0,0,0,0,428,18,0,0,0,0,0,0,0,0,0,0,100,NoArch
222cdfdbf1ca671989ed6d475597453d50b6454a,0,0,0,0,0,0,0,0,0,0,0,0,0,0,430,20,0,0,0,0,0,0,0,0,0,0,100,NoArch
c5735db6c1fe735d1dcb0ca0ce91b2ac7f1f3069,0,0,0,0,0,0,0,0,0,0,0,0,0,0,429,19,0,0,0,0,0,0,0,0,0,0,100,NoArch
c73e24245c4bf77e16aa3e9cdf5f966c59c2e386,0,0,0,0,0,0,0,0,0,0,0,0,0,0,430,20,0,0,0,0,0,0,0,0,0,1,100,NoArch
17aa41502ce7fac5f0f34fe31c34ebc3a0c56283,0,0,0,0,0,0,0,0,0,0,0,0,0,0,431,21,0,0,0,0,0,0,0,0,0,0,100,NoArch
93bead3431b44d354e63e432d9a9fca622ae34e7,629,71008,0,71008,629,0,629,1,1,0,1,119,8.757289568,0,431,21,5909,0,5909,199631,0,199631,3309,0,3309,0,62.88638262,Arch
78d60f6c98635cbd207aadff8dc8e8a337dac3d9,629,0,71008,71008,0,629,-629,0,0,0,1,119,8.757289568,71008,432,22,0,5909,5909,0,199631,199631,0,3309,3309,0,62.88638262,Arch
6feac79c381c2c17d8ab62ef25b4976fb50e15de,0,0,0,0,0,0,0,0,0,0,0,0,0,0,433,23,0,0,0,0,0,0,0,0,0,1,100,NoArch
46f34d1ce99983f2f1c765f885aee5cb712c4e81,0,0,0,0,0,0,0,0,0,0,0,0,0,0,434,24,0,0,0,0,0,0,0,0,0,0,100,NoArch
665d06e45579ba82d6a8f7c45fecbd0cdfa33014,0,0,0,0,0,0,0,0,0,0,0,0,0,0,435,25,0,0,0,0,0,0,0,0,0,0,100,NoArch
3d76a58a6eb42a0793abb2b54a8f6e2608259c57,0,0,0,0,0,0,0,0,0,0,0,0,0,0,436,26,0,0,0,0,0,0,0,0,0,0,100,NoArch
ac8e1147d0dbf85c12112ba25247fa45ecd3aab7,0,0,0,0,0,0,0,0,0,0,0,0,0,0,440,30,0,0,0,0,0,0,0,0,0,0,100,NoArch
c65f99368cad6df73e85fb29f11b32db5daa8e19,0,0,0,0,0,0,0,0,0,0,0,0,0,0,437,27,0,0,0,0,0,0,0,0,0,0,100,NoArch
c855f6ac68b381f41d7d64af2142f31467840a2e,0,0,0,0,0,0,0,0,0,0,0,0,0,0,438,28,0,0,0,0,0,0,0,0,0,1,100,NoArch
f83696ace48eaa127cea6531c8e5ebad2608372f,0,0,0,0,0,0,0,0,0,0,0,0,0,0,439,29,0,0,0,0,0,0,0,0,0,0,100,NoArch
a3da1fb73f9aea430e00061140378f9d15666b28,0,0,0,0,0,0,0,0,0,0,0,0,0,0,440,30,0,0,0,0,0,0,0,0,0,0,100,NoArch
83a7258a1ab379a6a32d32bc2bd10fc6203cb47f,0,0,0,0,0,0,0,0,0,0,0,0,0,0,440,30,0,0,0,0,0,0,0,0,0,0,100,NoArch
a7a1e3db82eb59a9ba996a5c552d6be02d60d191,0,0,0,0,0,0,0,0,0,0,0,0,0,0,106,1,0,0,0,0,0,0,0,0,0,0,100,NoArch
cf53088c6f36e628ea01cb2e242056330cb855d2,13,0,832,832,0,13,-13,2,2,988,1,3,3.364745449,832,107,2,0,71,71,0,2617,2617,0,43,43,0,99.16374427,NoArch
bb7fb7d41af46bfd0bfc206b5af0e185db1a4386,0,0,0,0,0,0,0,0,0,0,0,0,0,0,441,31,0,0,0,0,0,0,0,0,0,1,100,NoArch
67cd3297756d79c55f2da594c81dcc836a10d33c,0,0,0,0,0,0,0,0,0,0,0,0,0,0,442,32,0,0,0,0,0,0,0,0,0,1,100,NoArch
b15bdc8e4cef7b7927c39ca5d52d9c2055b510a3,0,0,0,0,0,0,0,0,0,0,0,0,0,0,443,33,0,0,0,0,0,0,0,0,0,0,100,NoArch
e68c0fcaaa356937e8694931a1173b8c6ec3bd5b,0,0,0,0,0,0,0,0,0,0,0,0,0,0,449,39,0,0,0,0,0,0,0,0,0,0,100,NoArch
c0db11024542a692c424b1ba7e3d523b66e56b49,0,0,0,0,0,0,0,0,0,0,0,0,0,0,424,14,0,0,0,0,0,0,0,0,0,1,100,NoArch
f297eb8536b44aba9684524cad77a8e7211fb657,0,0,0,0,0,0,0,0,0,0,0,0,0,0,425,15,0,0,0,0,0,0,0,0,0,1,100,NoArch
433f78eed9fb7d211813c4a1bf4e8653af7329c0,0,0,0,0,0,0,0,0,0,0,0,0,0,0,426,16,0,0,0,0,0,0,0,0,0,1,100,NoArch
78d60f6c98635cbd207aadff8dc8e8a337dac3d9,0,0,0,0,0,0,0,0,0,0,0,0,0,0,432,22,0,0,0,0,0,0,0,0,0,0,100,NoArch
c60091837e30cfd1527e0ac41295371ab161d3a4,0,0,0,0,0,0,0,0,0,0,0,0,0,0,427,17,0,0,0,0,0,0,0,0,0,1,100,NoArch
bb7fb7d41af46bfd0bfc206b5af0e185db1a4386,13,0,832,832,0,13,-13,1,2,988,1,3,3.364745449,832,441,31,0,71,71,0,2617,2617,0,43,43,1,99.16374427,NoArch
c5cb54f4ac05a1fc1febf0abb5b973b36206f8d0,0,0,0,0,0,0,0,0,0,0,0,0,0,0,444,34,0,0,0,0,0,0,0,0,0,0,100,NoArch
d19cb1ebc9593ef09ea6a0eee80ef01b4c2e5678,14,833,1,832,13,0,13,1,15,3,2,4,3.381004734,511,2,0,175,104,71,5556,2939,2617,73,30,43,1,99.16374427,NoArch
c59f5c56a91ab9d2b4c0490f59cb331916465bfd,0,0,0,0,0,0,0,0,0,0,0,0,0,0,106,0,0,0,0,0,0,0,0,0,0,0,100,NoArch
3a9207fd82eefd867924fcbcdd449bdbe050bb41,1,2,15,13,0,0,0,2,2,1042,1,1,0,70,107,1,4,5,1,124,160,36,4,5,1,1,100,NoArch
8dd6a13b0a7cd143c4eee5d7a8f905f72fadfc95,1,1,1,0,0,0,0,3,28,722,1,1,0,615,428,0,73,73,0,1802,1802,0,34,34,0,0,100,NoArch
e61258915e58e6e42212d0aa34ec50e83824a88e,0,0,0,0,0,0,0,0,0,0,0,0,0,0,3,0,0,0,0,0,0,0,0,0,0,0,100,NoArch
405e3be3af0094af56354569879a6edd8a03bb80,14,1,820,819,0,13,-13,1,27,923,2,4,3.375851625,1434,2,0,73,143,70,1802,4383,2581,34,76,42,1,99.16374427,NoArch
9ef55a84e6184fd39fb64d391c7c05c9083202d1,14,820,1,819,13,0,13,2,28,125,2,4,3.375851625,615,429,0,143,73,70,4383,1802,2581,76,34,42,1,99.16374427,NoArch
0b8fcd22dc3e2b1ec350a4e91fac56ed328afdcf,14,1,820,819,0,13,-13,1,27,923,2,4,3.375851625,1434,445,0,73,143,70,1802,4383,2581,34,76,42,1,99.16374427,NoArch
8bdf23f5de4d502eae7354319887c05cb38c179b,31,1764,4,1760,29,0,29,2,28,85,2,5,4.605518218,876,430,1,249,96,153,7305,2358,4947,135,44,91,1,98.02824407,NoArch
bb8c6529be6e4cf6c3718bfa14947367e064e170,0,0,0,0,0,0,0,0,0,0,0,0,0,0,431,2,0,0,0,0,0,0,0,0,0,0,100,NoArch
ad312900bb03e18443aae982c59c9bdc73bf879a,1,1,1,0,0,0,0,1,3,425,1,1,0,344,432,3,33,33,0,725,725,0,16,16,0,0,100,NoArch
f48371defb6180a5fefca2c0d8a1358de7379f1c,33,11,1766,1755,0,29,-29,1,27,404,2,7,4.631971354,3085,446,0,146,298,152,3475,8394,4919,69,160,91,1,98.02824407,NoArch
8903b71066c9eb9e5f8ed48bca0f63740573ab77,32,1765,5,1760,29,0,29,2,28,95,2,6,4.613005105,1220,433,0,282,129,153,8030,3083,4947,151,60,91,1,98.02824407,NoArch
a67dea3b3a225e5fd84585b0810ffed66750eb5d,4,237,0,237,4,0,4,1,1,0,1,2,1.85224388,0,9,0,24,0,24,1198,0,1198,14,0,14,1,99.68774395,NoArch
5705ef245ad676a1f290a4fe9532304710ec48e4,2,140,0,140,2,0,2,1,1,0,1,1,0.572903914,0,10,1,13,0,13,567,0,567,3,0,3,1,99.87049987,NoArch
ed0471f13fb822b34055f3fb03687b3f7e9a4dd1,4,63,3,60,1,0,1,2,3,468,2,3,0.703215555,276,11,2,14,9,5,2127,1690,437,13,9,4,1,99.71561531,NoArch
7bf1f98e235ca3622e382a3b270d0694eced0ca4,10,266,3,263,8,0,8,1,16,90,1,3,2.88129647,771,12,0,197,149,48,5539,4152,1387,78,50,28,1,99.51106536,NoArch
b1c0f04cf85f29eb0fd12aa927637fe3655f93af,53,36,2472,2436,0,44,-44,3,27,321,4,16,5.252518811,5189,9,0,320,562,242,10280,18662,8382,138,277,139,1,96.80654526,Arch
4fa9a677b7c07011c473908c56104ca7f7e888b2,51,2471,11,2460,44,0,44,2,28,111,3,14,5.219355741,2242,13,0,528,285,243,17327,8791,8536,257,117,140,1,96.80654526,Arch
7745bfc391c3408dc9d1f65ae9e23ab134519cb8,51,11,2471,2460,0,44,-44,1,27,272,3,14,5.219355741,4702,10,1,285,528,243,8791,17327,8536,117,257,140,1,96.80654526,Arch
cb23be1115b5171b2db0b6fc5d5b3f98fa2b1d80,51,2471,11,2460,44,0,44,2,28,111,3,14,5.219355741,2242,14,1,528,285,243,17327,8791,8536,257,117,140,1,96.80654526,Arch
a7781bd019b9bcab1bb92d29921e3aa1630143a4,53,260,2472,2212,1,44,-43,1,27,280,3,16,5.189377543,4843,11,2,314,552,238,10870,17987,7117,135,270,135,1,96.75632911,Arch
604933f08ef6d92dddee422c13eaa175214e858f,53,2493,11,2482,45,0,45,2,28,127,3,16,5.248475299,2411,15,2,541,297,244,18156,9524,8632,268,127,141,1,96.76060047,Arch
b6b4267cb18735b5c8f9f364efa7465db76728a2,55,118,2544,2426,0,45,-45,1,27,300,3,17,5.320746707,5575,447,0,396,638,242,13042,21415,8373,184,324,140,1,96.76060047,Arch
e2a6aa9aa7c1750dd3972a01a23c2951d651d803,1,0,4,4,0,0,0,3,11,0,1,1,0,224,448,1,6,6,0,1212,1212,0,6,6,0,1,100,NoArch
de5cefdc53149ca57de52c580bf5412f555bd2bb,53,2482,11,2471,45,0,45,2,28,114,3,16,5.237117649,2411,434,0,541,297,244,18156,9524,8632,268,127,141,1,96.76060047,Arch
7abcba5d18d31a8eec08f76e6f221d64d74aaf66,0,0,0,0,0,0,0,0,0,0,0,0,0,0,108,0,0,0,0,0,0,0,0,0,0,0,100,NoArch
83035b1238cd40eea32045fad64728f6b27c7138,56,86,2482,2396,0,45,-45,2,27,301,4,18,5.320686169,5399,449,2,356,590,234,12201,20459,8258,158,294,136,1,94.68410799,Arch
fa34a92fa77943b67e29b9f1c5f30b17abc8915f,54,2482,13,2469,45,0,45,2,28,131,4,17,5.242319912,2651,435,1,555,311,244,19410,10800,8610,279,138,141,1,96.3727514,Arch
57764965c0ec979270822ea4bd07336aed0d2acb,54,13,2482,2469,0,45,-45,2,27,279,4,17,5.242319912,5120,450,3,311,555,244,10800,19410,8610,138,279,141,0,96.3727514,Arch
f91ddd70b9fcd969a17b159ddb1c68ca6c744fea,55,2484,17,2467,45,0,45,2,28,169,4,18,5.254079936,2762,436,2,558,314,244,19830,11240,8590,282,141,141,0,96.3727514,Arch
817c9256c45ad9f39f7f8afb46fd72494ba31782,0,0,0,0,0,0,0,0,0,0,0,0,0,0,437,3,0,0,0,0,0,0,0,0,0,0,100,NoArch
e53e5b46f863afd23bae5513d8a2d6b310f84d4b,0,0,0,0,0,0,0,0,0,0,0,0,0,0,438,4,0,0,0,0,0,0,0,0,0,0,100,NoArch
e5ede6dd2bbac9bf3da9fc92daed4f7ab7506a15,54,16,2483,2467,0,45,-45,2,15,279,4,18,5.248896801,4614,451,4,241,485,244,9438,18028,8590,107,248,141,1,96.3727514,Arch
cf37646ea47b86d63b9ea297f6f9d47c72522432,0,0,0,0,0,0,0,0,0,0,0,0,0,0,452,5,0,0,0,0,0,0,0,0,0,0,100,NoArch
c5683a42b7910843f86856abc303405728f58500,0,0,0,0,0,0,0,0,0,0,0,0,0,0,453,6,0,0,0,0,0,0,0,0,0,0,100,NoArch
0657cb7fee42389af71cfe86b079de2c1a4eb6f4,54,2483,16,2467,45,0,45,2,16,158,4,18,5.248896801,2147,439,5,485,241,244,18028,9438,8590,248,107,141,0,96.3727514,Arch
aa355ce798535d822762172b5378147dfd92d0a0,54,16,2483,2467,0,45,-45,2,15,279,4,18,5.248896801,4614,454,7,241,485,244,9438,18028,8590,107,248,141,1,96.3727514,Arch
7456a6a20c070a298fa9314c614e5ca0de6da1e7,54,2483,16,2467,45,0,45,2,16,158,4,18,5.248896801,2147,440,6,485,241,244,18028,9438,8590,248,107,141,1,96.3727514,Arch
f5a8bc90fe9d261aa5a941ad20d9229b4db4c878,0,0,0,0,0,0,0,0,0,0,0,0,0,0,441,7,0,0,0,0,0,0,0,0,0,1,100,NoArch
c4ded8485d4907c98c9aa3a18e414ccb40a94ef7,0,0,0,0,0,0,0,0,0,0,0,0,0,0,442,8,0,0,0,0,0,0,0,0,0,0,100,NoArch
07d98237f085a93c4679636694385b21006a91cd,56,31,2485,2454,0,45,-45,2,15,323,4,20,5.275389544,5066,455,8,285,526,241,11841,20342,8501,133,273,140,1,96.3727514,Arch
0c48445a23303d1d8f830c40867debbe7fe0856a,55,2483,17,2466,45,0,45,2,16,176,4,19,5.251889289,2409,443,9,523,279,244,19360,10781,8579,268,127,141,1,96.3727514,Arch
eb9e1572d46d410d2b3f9704653aac118796ba1a,56,18,2484,2466,0,45,-45,2,15,306,4,20,5.257068422,5221,456,9,329,573,244,11972,20551,8579,148,289,141,1,96.3727514,Arch
48a0d2571632e317e012374b403b4e6425409842,55,2483,17,2466,45,0,45,2,16,176,4,19,5.251889289,2409,444,10,523,279,244,19360,10781,8579,268,127,141,1,96.3727514,Arch
22329102ab57f0abc459531fd4100d849762cadb,55,17,2483,2466,0,45,-45,2,15,296,4,19,5.251889289,4875,457,10,279,523,244,10781,19360,8579,127,268,141,0,96.3727514,Arch
ab52b02a98ca1606212bf1d95972430aa51261c1,0,0,0,0,0,0,0,0,0,0,0,0,0,0,458,11,0,0,0,0,0,0,0,0,0,0,100,NoArch
a55344289b993cc30d6632dbd2ebe16b65822910,0,0,0,0,0,0,0,0,0,0,0,0,0,0,459,12,0,0,0,0,0,0,0,0,0,0,100,NoArch
8e8a3838930289d1daf2caa5656bebb97f7daf74,0,0,0,0,0,0,0,0,0,0,0,0,0,0,460,13,0,0,0,0,0,0,0,0,0,0,100,NoArch
2b8c3262fce98b1fbae85e9b166dbd4aed6ec08b,0,0,0,0,0,0,0,0,0,0,0,0,0,0,461,14,0,0,0,0,0,0,0,0,0,0,100,NoArch
d6aacc5b4cdf457f926d29ead32091bd1e050be2,0,0,0,0,0,0,0,0,0,0,0,0,0,0,462,15,0,0,0,0,0,0,0,0,0,0,100,NoArch
9c509e98dd2ffd3a4ea8537a6adaed10ebf0e706,0,0,0,0,0,0,0,0,0,0,0,0,0,0,463,16,0,0,0,0,0,0,0,0,0,0,100,NoArch
0baaeb202acd3ca73baf9ecf01209f862fe6fcb3,0,0,0,0,0,0,0,0,0,0,0,0,0,0,464,17,0,0,0,0,0,0,0,0,0,0,100,NoArch
2ce171a9fd275b232fbe75d3069e9e1428a1cc91,0,0,0,0,0,0,0,0,0,0,0,0,0,0,465,18,0,0,0,0,0,0,0,0,0,0,100,NoArch
b6f5aa5c1a43ad3aec4adb584b1b16870fe763c7,0,0,0,0,0,0,0,0,0,0,0,0,0,0,466,19,0,0,0,0,0,0,0,0,0,0,100,NoArch
309c5cc0c921cb5638d1725be79c25077b18a74b,0,0,0,0,0,0,0,0,0,0,0,0,0,0,467,20,0,0,0,0,0,0,0,0,0,0,100,NoArch
4af6516afa04d0bd2feb9109316d6a95e9ab88ba,0,0,0,0,0,0,0,0,0,0,0,0,0,0,468,21,0,0,0,0,0,0,0,0,0,0,100,NoArch
529a39563ba4f0ac77da64476c15ebe636501383,0,0,0,0,0,0,0,0,0,0,0,0,0,0,469,22,0,0,0,0,0,0,0,0,0,0,100,NoArch
76696da6b45386ec3cc5eaa9b0d6b14d4f167a86,0,0,0,0,0,0,0,0,0,0,0,0,0,0,470,23,0,0,0,0,0,0,0,0,0,0,100,NoArch
d17da36ddcd0654c94ac7a933fd911806c2a8dcc,0,0,0,0,0,0,0,0,0,0,0,0,0,0,471,24,0,0,0,0,0,0,0,0,0,0,100,NoArch
abb1f1da98764fe1849f05ba799d1cf25d069497,0,0,0,0,0,0,0,0,0,0,0,0,0,0,472,25,0,0,0,0,0,0,0,0,0,0,100,NoArch
132ad01845baaefdb132edebcb5c35e059d5ec49,1,2,0,2,0,0,0,4,11,568,1,1,0,79,473,26,4,4,0,415,406,9,3,3,0,0,100,NoArch
15d10bb8355aaa1f3b2b5ff8db72a5f75dab62e3,0,0,0,0,0,0,0,0,0,0,0,0,0,0,474,27,0,0,0,0,0,0,0,0,0,0,100,NoArch
d64caf6b2b27bb9aa9cc4b24cf9ab2ffcd841656,0,0,0,0,0,0,0,0,0,0,0,0,0,0,475,28,0,0,0,0,0,0,0,0,0,0,100,NoArch
da521db73e945f25badb0f31cdbc771a3644db83,0,0,0,0,0,0,0,0,0,0,0,0,0,0,476,29,0,0,0,0,0,0,0,0,0,0,100,NoArch
0853e9c9da666f546838e9d987dbb6836457a6dd,0,0,0,0,0,0,0,0,0,0,0,0,0,0,477,30,0,0,0,0,0,0,0,0,0,0,100,NoArch
e31995c5567c419db6d9f8fcee6e1710da2a5c02,0,0,0,0,0,0,0,0,0,0,0,0,0,0,478,31,0,0,0,0,0,0,0,0,0,0,100,NoArch
7fdea0cdf76fe29585df00dd4e565be6666c80b1,0,0,0,0,0,0,0,0,0,0,0,0,0,0,479,32,0,0,0,0,0,0,0,0,0,0,100,NoArch
9dbd5ef510d84b75a7a15bc0708b22e16a439c67,0,0,0,0,0,0,0,0,0,0,0,0,0,0,480,33,0,0,0,0,0,0,0,0,0,0,100,NoArch
938e46ae490c4b39530a1ba7622cd4255aae0e04,0,0,0,0,0,0,0,0,0,0,0,0,0,0,481,34,0,0,0,0,0,0,0,0,0,0,100,NoArch
48c1306dd847da8e259f22bf80a27bcf97d83676,0,0,0,0,0,0,0,0,0,0,0,0,0,0,482,35,0,0,0,0,0,0,0,0,0,0,100,NoArch
551a592529d84070fcc604951ee3059f91f0ba85,0,0,0,0,0,0,0,0,0,0,0,0,0,0,483,36,0,0,0,0,0,0,0,0,0,0,100,NoArch
61b32a96a33caa69f98f6db62aae6359a1bfac49,0,0,0,0,0,0,0,0,0,0,0,0,0,0,484,37,0,0,0,0,0,0,0,0,0,0,100,NoArch
008430e3569f64f247b1311fd3fa8dcb2ff87443,0,0,0,0,0,0,0,0,0,0,0,0,0,0,485,38,0,0,0,0,0,0,0,0,0,0,100,NoArch
9b5d537e524a398a8f58c7e98522d3de12e1be69,0,0,0,0,0,0,0,0,0,0,0,0,0,0,486,39,0,0,0,0,0,0,0,0,0,0,100,NoArch
68f3b84dd482b3b7bf569678ad41f6101b623384,0,0,0,0,0,0,0,0,0,0,0,0,0,0,487,40,0,0,0,0,0,0,0,0,0,0,100,NoArch
39bafe776377327fbe15e2f4f736fa1ba334fa9b,0,0,0,0,0,0,0,0,0,0,0,0,0,0,488,41,0,0,0,0,0,0,0,0,0,0,100,NoArch
36ab4883531fd53bf24019449956f5af35152f92,0,0,0,0,0,0,0,0,0,0,0,0,0,0,489,42,0,0,0,0,0,0,0,0,0,0,100,NoArch
6cc3105fb19a0e942934b3320c2e6be04334c58c,1,18,0,18,0,0,0,2,2,9,1,1,0,248,490,43,5,5,0,1419,1419,0,5,5,0,0,100,NoArch
9cecdbe30fe35019f5e19e697c4f2d3f6cfee018,0,0,0,0,0,0,0,0,0,0,0,0,0,0,491,44,0,0,0,0,0,0,0,0,0,0,100,NoArch
ba9b6dea272b8aabf99e028f3206164301bc8d05,0,0,0,0,0,0,0,0,0,0,0,0,0,0,492,45,0,0,0,0,0,0,0,0,0,0,100,NoArch
e84bf27b7e55353c43ba1494e9a1f770994b8720,0,0,0,0,0,0,0,0,0,0,0,0,0,0,493,46,0,0,0,0,0,0,0,0,0,0,100,NoArch
ed0b338d92415d496d16704d100af6e6e1aa9a93,0,0,0,0,0,0,0,0,0,0,0,0,0,0,494,47,0,0,0,0,0,0,0,0,0,0,100,NoArch
e1c65ed321aed1f1caab010c85db2ade048ec062,0,0,0,0,0,0,0,0,0,0,0,0,0,0,495,48,0,0,0,0,0,0,0,0,0,0,100,NoArch
3e318e764acf7e9b1989bf7eeb1065a7f96a89de,0,0,0,0,0,0,0,0,0,0,0,0,0,0,496,49,0,0,0,0,0,0,0,0,0,0,100,NoArch
539a2c6c4374e1de701fbdae03c9aa36e93d6612,0,0,0,0,0,0,0,0,0,0,0,0,0,0,497,50,0,0,0,0,0,0,0,0,0,0,100,NoArch
44c6283ed6a2ed275bfce11679c9e423f866fb90,0,0,0,0,0,0,0,0,0,0,0,0,0,0,498,51,0,0,0,0,0,0,0,0,0,0,100,NoArch
9a9736519ae528fedcd4135d84c12f66d28bda2f,0,0,0,0,0,0,0,0,0,0,0,0,0,0,499,52,0,0,0,0,0,0,0,0,0,0,100,NoArch
13286eaf6d20ed5eac50c4ad85c1e3d053f578b1,1,5,1,4,0,0,0,3,9,2,1,1,0,346,500,53,50,50,0,1198,1191,7,21,21,0,1,100,NoArch
767d3784d15f533010048cfbaeb83d4e4254c86f,58,2484,42,2442,45,0,45,2,16,203,4,22,5.29229603,3106,445,11,582,338,244,22376,13813,8563,297,156,141,0,96.3727514,Arch
50c040b705b42c3c22d8b51966538b3e2b292473,58,42,2484,2442,0,45,-45,2,15,289,4,22,5.29229603,5548,501,54,338,582,244,13813,22376,8563,156,297,141,0,96.3727514,Arch
1c6ceaa0885531c4adba93f78cc8b7ad3c8e2ebc,0,0,0,0,0,0,0,0,0,0,0,0,0,0,502,55,0,0,0,0,0,0,0,0,0,0,100,NoArch
6b3273ea62b3ce386e018835ed62a427a45c0728,0,0,0,0,0,0,0,0,0,0,0,0,0,0,503,56,0,0,0,0,0,0,0,0,0,0,100,NoArch
7f0b09c658bf192b102167144f805f9ced1697ef,0,0,0,0,0,0,0,0,0,0,0,0,0,0,504,57,0,0,0,0,0,0,0,0,0,0,100,NoArch
43ab65e30386e6afa3c215eb7d3ebaa13b28c3c0,57,2483,37,2446,45,0,45,2,16,181,4,21,5.280709457,2756,446,12,532,288,244,21185,12615,8570,276,135,141,0,96.3727514,Arch
db8d5b1b161c80c53a990cf8482f984b58d0eb91,57,37,2483,2446,0,45,-45,2,15,290,4,21,5.280709457,5202,505,58,288,532,244,12615,21185,8570,135,276,141,0,96.3727514,Arch
488a85bd9138a208aaad8c7a1211f524989df517,0,0,0,0,0,0,0,0,0,0,0,0,0,0,506,59,0,0,0,0,0,0,0,0,0,0,100,NoArch
7e7ff58458f5ad80f31e5e556794dc46126c54c6,0,0,0,0,0,0,0,0,0,0,0,0,0,0,507,60,0,0,0,0,0,0,0,0,0,0,100,NoArch
4156e379f63a634144f1b2771fa6024a642ca4c2,0,0,0,0,0,0,0,0,0,0,0,0,0,0,508,61,0,0,0,0,0,0,0,0,0,0,100,NoArch
334a03738d795b69efabc88e5665eb6c921ab0a1,0,0,0,0,0,0,0,0,0,0,0,0,0,0,509,62,0,0,0,0,0,0,0,0,0,0,100,NoArch
2ca0f295a733a697583c43a6316cf9fc8f389c5b,57,2483,37,2446,45,0,45,2,16,181,4,21,5.280709457,2756,447,13,532,288,244,21185,12615,8570,276,135,141,0,96.3727514,Arch
1c107a1685c3ebd4bf84280d47782c81bed789fc,0,0,0,0,0,0,0,0,0,0,0,0,0,0,448,3,0,0,0,0,0,0,0,0,0,0,100,NoArch
49499993ba1e40f0242efb69d505a6a8e058c588,57,60,2484,2424,0,45,-45,2,15,315,4,21,5.299395016,5202,510,0,293,532,239,12719,21185,8466,135,276,141,1,96.3727514,Arch
1419e6b11e713a276dc3430e0f08f35817ac120f,0,0,0,0,0,0,0,0,0,0,0,0,0,0,511,1,0,0,0,0,0,0,0,0,0,1,100,NoArch
27544e9dc5b58207009d44e2f051c4bf18dade1a,57,2483,37,2446,45,0,45,2,16,182,4,21,5.280709457,2778,449,0,537,293,244,21289,12719,8570,276,135,141,1,96.3727514,Arch
e95dea4242dbd460f32a197d0b8b6ce702dae9c4,13,1163,0,1163,12,0,12,3,4,208,1,3,3.135154258,260,450,0,143,38,105,3322,922,2400,63,15,48,1,99.12379876,NoArch
0e1b5e5e15275db367cea4f2a403bb638d3a4e89,0,0,0,0,0,0,0,0,0,0,0,0,0,0,451,1,0,0,0,0,0,0,0,0,0,1,100,NoArch
3d6e074865f0eb33912e8a5de2f95fbc4bc415c2,0,0,0,0,0,0,0,0,0,0,0,0,0,0,452,2,0,0,0,0,0,0,0,0,0,1,100,NoArch
acbf5f60e99a05190bdd96c3f03ed07db2d21319,15,277,6,271,0,0,0,2,3,466,2,6,3.847889498,721,453,3,57,57,0,3711,3763,52,42,42,0,0,99.91594284,NoArch
88bf0cc19b7e3f87d669053a544da7146fd34a00,70,20,3900,3880,0,57,-57,2,15,262,4,24,5.579976162,6918,512,0,331,680,349,13641,24559,10918,150,339,189,1,95.4704851,Arch
3356bc8885074d6610e4cf5fae7dbdec3309b178,70,3900,20,3880,57,0,57,2,16,279,4,24,5.579976162,3038,454,0,680,331,349,24559,13641,10918,339,150,189,1,95.4704851,Arch
5d4a43960b8bd2cf0df906b9da9380b3bd8df38b,1,4,2,2,0,0,0,3,17,1889,1,1,0,663,455,1,129,129,0,2644,2644,0,52,52,0,1,100,NoArch
dc6378e5b29fc58d9a636968fb40772103cb4d3e,11,111,70,41,1,1,0,1,2,11,1,3,2.313115994,684,456,2,54,54,0,1423,1417,6,21,21,0,1,98.87955182,NoArch
c00a827e32e03da195791fed3a7ca146bc80e111,0,0,0,0,0,0,0,0,0,0,0,0,0,0,457,3,0,0,0,0,0,0,0,0,0,1,100,NoArch
91f17c2371fb15891823bf4a70bbeaca9c898905,0,0,0,0,0,0,0,0,0,0,0,0,0,0,458,4,0,0,0,0,0,0,0,0,0,1,100,NoArch
872214781797d0b7d26a5bc42e75f073de93e680,71,22,3945,3923,0,57,-57,2,16,263,4,25,5.59188664,7624,513,1,460,809,349,16285,27209,10924,202,391,189,1,95.4704851,Arch
3f884603e0d4f77031b562cc31962532c5eb6e27,70,4236,47,4189,55,0,55,2,17,305,4,25,5.467594206,3792,459,5,846,465,381,28377,16418,11959,423,207,216,1,95.34952607,Arch
ccdf4c3ec53c210fce4705b816282b5eb7dec1eb,2,13,2,11,0,0,0,2,14,2261,2,2,0.970950594,415,16,0,31,31,0,1253,1195,58,18,18,0,1,100,NoArch
cefe57bd9c9c8699465857c3bcff10d524b45289,3,252,5,247,1,0,1,1,6,1941,2,3,0.315055308,297,460,2,40,26,14,1169,726,443,21,11,10,1,99.77004886,NoArch
f9f21357f861daca2ead9f85ef9f09f57cc7d7b0,76,58,4503,4445,0,56,-56,2,16,253,4,29,5.514009719,9318,514,0,551,946,395,19083,31530,12447,251,477,226,1,95.35090317,Arch
a302519bf775dacd035390cafdff0f0ec7a57d7f,75,4501,54,4447,56,0,56,2,17,417,4,28,5.506767689,4504,461,0,917,522,395,30799,18339,12460,462,236,226,1,95.35090317,Arch
94a320d1f65669546cd68c7047c40d3e6a7fa00f,0,0,0,0,0,0,0,0,0,0,0,0,0,0,462,1,0,0,0,0,0,0,0,0,0,1,100,NoArch
56cb554c2d306671920b96d022dd1b1eb5fd0946,19,451,118,333,3,1,2,2,18,704,1,7,3.738259062,2839,463,0,445,422,23,11999,11055,944,225,218,7,1,99.54102123,NoArch
94b9367ef242ab449f053e6b5f649a4778de40a5,82,90,4856,4766,1,58,-57,2,16,253,4,29,5.629538635,10468,515,0,706,1129,423,22743,36284,13541,344,581,237,1,95.12555391,Arch
958a8dee1cb0bbb45397c02b3f944e81ceaa573c,81,4841,61,4780,58,0,58,2,19,500,4,29,5.60398055,5682,464,1,1126,704,422,36257,22677,13580,579,342,237,1,95.18748155,Arch
8d93348ebcf225d206fd1a9c67039ccfbaa3b93d,82,252,4865,4613,0,58,-58,2,16,249,4,30,5.655435255,10665,516,0,725,1132,407,24281,37317,13036,356,585,229,1,91.93376068,Arch
79e596d61e54658696e1cf8773e7ffcb03a91b2c,80,4841,60,4781,58,0,58,2,19,496,4,28,5.60232829,5420,465,0,1088,666,422,34925,21334,13591,559,322,237,1,93.6548878,Arch
9de76e7d05d0c587dd05e6ab922c4a70b528fd5b,81,78,4841,4763,0,58,-58,2,16,243,4,28,5.616716391,10221,517,1,668,1090,422,21400,34991,13591,324,561,237,0,93.6548878,Arch
2862357a89eaedc38795b6b77e20d973e8bfbfe5,80,4859,60,4799,58,0,58,2,19,497,4,28,5.60783394,5420,466,1,1088,666,422,34925,21334,13591,559,322,237,0,93.6548878,Arch
6ac21ebc1c37a5850dd97f71b530995de0f98a8a,80,60,4859,4799,0,58,-58,2,16,242,4,28,5.60783394,10219,518,2,666,1088,422,21334,34925,13591,322,559,237,1,93.6548878,Arch
b7aa036b9a766787a1b91d28c3a87166b925a30a,80,4859,60,4799,58,0,58,2,19,497,4,28,5.60783394,5420,467,2,1088,666,422,34925,21334,13591,559,322,237,1,93.6548878,Arch
bbf8768e680f0c9573fbde8dd28cf23aab419ef6,1,52,0,52,1,0,1,1,1,0,1,1,0,0,468,3,3,0,3,133,0,133,2,0,2,1,100,NoArch
b5e6b2f1797bc53b8271f5c4d3cca69d89881b7c,82,61,4912,4851,0,59,-59,2,16,263,4,30,5.635855207,10698,519,3,704,1129,425,22663,36387,13724,334,573,239,1,93.6548878,Arch
ab8f37af4128dfdc2762440bd539a18924a56d6f,82,4918,61,4857,59,0,59,2,19,508,4,30,5.641182715,5847,469,4,1129,704,425,36453,22663,13790,573,334,239,1,93.6548878,Arch
8b155259bdd7f961d4bc4ad84f658abc7863a2c8,82,61,4918,4857,0,59,-59,2,16,263,4,30,5.641182715,10704,520,4,704,1129,425,22663,36453,13790,334,573,239,1,93.6548878,Arch
d602e8bfd9994c94cdb7c9e0a8bd8b9f2608e714,82,4918,61,4857,59,0,59,2,19,508,4,30,5.641182715,5847,470,5,1129,704,425,36453,22663,13790,573,334,239,1,93.6548878,Arch
42f169013c09f35823f21700b088a93c39c3187e,84,150,4943,4793,0,59,-59,2,16,348,4,31,5.685836594,11098,521,5,756,1179,423,24448,37950,13502,360,598,238,1,93.6548878,Arch
7fe46e2ac6ccfc55e977b64877e720e05246a918,83,4919,62,4857,59,0,59,2,19,497,4,31,5.6440269,5996,471,6,1132,707,425,37094,23304,13790,575,336,239,1,93.58372457,Arch
dffd00d29d0a7b233413f78a7af83e8d180735a4,1,5,10,5,0,0,0,1,3,53,1,1,0,143,472,0,3,3,0,577,635,58,2,2,0,1,99.35466523,NoArch
10dc2036988cd84d78e1739604168cb13ae189cb,1,12,1,11,0,0,0,1,3,2629,1,1,0,231,473,1,28,27,1,1366,1290,76,23,22,1,1,99.97341839,NoArch
8143b7403ca07a10edd68d178806aa95ed9f0843,0,0,0,0,0,0,0,0,0,0,0,0,0,0,474,2,0,0,0,0,0,0,0,0,0,1,100,NoArch
e10fe3ee3d1631e2c6831cff3c5de6497a2650ea,84,64,4932,4868,0,59,-59,2,16,291,4,32,5.657465682,11090,522,0,734,1160,426,24536,38402,13866,358,598,240,1,93.62909466,Arch
fcf47f94e61fc9ab6fe1579c8bd586da57dc5678,1,7,0,7,0,0,0,1,3,2629,1,1,0,231,523,1,28,27,1,1338,1290,48,23,22,1,1,99.9749499,NoArch
733ea9394464643042b83a6b1e2f6273dc36d2fc,3,304,11,293,1,0,1,1,6,1556,1,3,0.732266675,381,524,2,76,55,21,2780,1445,1335,43,29,14,1,99.94994995,NoArch
5ef5d6add75329c2c302579f82f97aa80b1818f3,86,4938,67,4871,59,0,59,2,19,535,4,33,5.668868859,6639,475,3,1215,790,425,40131,26223,13908,627,388,239,1,93.63893896,Arch
189251e821f495c0af76f0648f62e7b46da2a4c5,87,90,4938,4848,0,59,-59,2,16,395,4,33,5.685074657,11703,525,3,807,1231,424,27310,41081,13771,401,639,238,1,93.63893896,Arch
400d8dc7375f2870eeaa8d96833c107a1b632832,87,4943,68,4875,59,0,59,2,19,559,4,33,5.675429086,6855,476,4,1232,807,425,41262,27310,13952,640,401,239,1,93.63893896,Arch
e907670dd51166e37f3fc500769595c1dbd678da,88,71,4944,4873,0,59,-59,2,16,401,4,33,5.680261568,12080,526,4,857,1282,425,28527,42460,13933,422,661,239,1,93.63893896,Arch
d5d73f15420c647b6ceae3da2797d45583f3177d,87,4943,68,4875,59,0,59,2,19,559,4,33,5.675429086,6855,477,5,1232,807,425,41262,27310,13952,640,401,239,1,93.63893896,Arch
da5666a257881e0e564625108f5ca0ff0d59d7e6,88,73,4952,4879,0,59,-59,2,16,416,4,34,5.687277703,11977,527,5,823,1248,425,27951,41904,13953,406,645,239,1,93.63893896,Arch
d5f7e77a8b8da95bc4127c118a0c76c71ef4389c,88,4945,69,4876,59,0,59,2,19,575,4,34,5.679302411,7098,478,6,1248,823,425,41903,27951,13952,645,406,239,1,93.63893896,Arch
66bcef03d651f5b66ab6c9820cf5654bbb25ae78,88,122,4947,4825,0,59,-59,2,17,405,4,34,5.654290386,11974,528,6,839,1248,409,28218,41903,13685,407,645,238,1,93.63893896,Arch
d221874c5adfca5e70580945c09e026a9e4726c7,88,4946,71,4875,59,0,59,2,20,576,4,34,5.677966446,7149,479,7,1264,839,425,42170,28218,13952,646,407,239,1,93.63893896,Arch
8f05c7e00ec3a85aea21827e561ede6407c9291a,89,89,4946,4857,0,59,-59,2,17,405,4,35,5.691873091,12288,529,7,860,1285,425,29359,43311,13952,421,660,239,0,93.63893896,Arch
efcaa81c99b9164b8cb247d7ddc7e75cce6ed90c,88,4946,71,4875,59,0,59,2,20,576,4,34,5.677966446,7149,480,8,1264,839,425,42170,28218,13952,646,407,239,0,93.63893896,Arch
3bc01831e17a694d6d814c91b4a36d539f310b7a,1,15,5,10,0,0,0,3,12,1460,1,1,0,340,481,9,52,49,3,1374,1338,36,25,25,0,1,100,NoArch
cc50da78dca1097415610dd2e704f5c6d9a2e509,88,71,4946,4875,0,59,-59,2,17,405,4,34,5.677966446,12024,530,8,839,1264,425,28218,42170,13952,407,646,239,1,93.63893896,Arch
ac49d1b5a18ef5839f6f945a4c98d63e9a2f161b,0,0,0,0,0,0,0,0,0,0,0,0,0,0,531,9,0,0,0,0,0,0,0,0,0,0,100,NoArch
5abeef06a076a0880a133cc4c4f35b96db01a0b5,0,0,0,0,0,0,0,0,0,0,0,0,0,0,532,10,0,0,0,0,0,0,0,0,0,0,100,NoArch
8032f004f9030aa46513fe1eaaabefb04b563b25,88,4946,71,4875,59,0,59,2,20,576,4,34,5.677966446,7149,482,10,1264,839,425,42170,28218,13952,646,407,239,0,93.63893896,Arch
0089825463bb6159e36ea29d241a9250a246f01a,40,80,197,117,0,2,-2,3,29,900,3,13,3.608824835,8425,486,14,869,856,13,22951,22878,73,416,414,2,0,96.76898223,Arch
5a62affead175646dec62b0643f00f2086a15cb9,0,0,0,0,0,0,0,0,0,0,0,0,0,0,487,15,0,0,0,0,0,0,0,0,0,0,100,NoArch
b134b3497a9f9c80b5cb745c4a6ca1fd187c0a28,0,0,0,0,0,0,0,0,0,0,0,0,0,0,488,16,0,0,0,0,0,0,0,0,0,0,100,NoArch
c8a80800225df371b49dbe32b1151d87cdf0ca21,42,158,162,4,0,0,0,1,7,37,2,7,1.653207614,5792,489,12,448,448,0,13649,13621,28,225,225,0,0,95.34246575,Arch
b26291f99600892b63974333177e7b8838ec0dc2,0,0,0,0,0,0,0,0,0,0,0,0,0,0,490,12,0,0,0,0,0,0,0,0,0,0,100,NoArch
db452d61aaa93c74e93aebc158742a271fc5cea1,12,0,0,0,0,0,0,1,1,0,1,2,0,896,491,12,58,58,0,1776,1776,0,24,24,0,0,98.68059373,NoArch
fd04b5e074a5aeaf04c507714c59670e7e1760f8,0,0,0,0,0,0,0,0,0,0,0,0,0,0,492,13,0,0,0,0,0,0,0,0,0,0,100,NoArch
321b54a36c2cc9a9957147102295db38b641c737,0,0,0,0,0,0,0,0,0,0,0,0,0,0,493,14,0,0,0,0,0,0,0,0,0,0,100,NoArch
8180fb852bd040de0850ced31532754ddd5713bc,16,0,0,0,0,0,0,1,1,0,2,4,0,1648,494,14,215,215,0,6114,6114,0,86,86,0,0,95.59366755,Arch
6def106deaed92dac59977d6be5c4aa932e963b0,0,0,0,0,0,0,0,0,0,0,0,0,0,0,495,15,0,0,0,0,0,0,0,0,0,0,100,NoArch
de6f107557981a7af72b1fb5fa24b2d9f064a321,10,42,329,287,0,3,-3,2,7,480,2,4,2.530391342,1335,496,16,138,178,40,4157,4922,765,82,122,40,0,96.76816239,Arch
19b36feeeb833b607c9ca584dc6b3c23f48c4296,0,0,0,0,0,0,0,0,0,0,0,0,0,0,497,17,0,0,0,0,0,0,0,0,0,0,100,NoArch
ea917935331bc55cfa6772abc45791b62be404ed,0,0,0,0,0,0,0,0,0,0,0,0,0,0,498,18,0,0,0,0,0,0,0,0,0,0,100,NoArch
0140fab53d2b2d620e7c9dda2e7688c5d5e7e94e,9,2,3,1,0,0,0,3,7,85,2,2,0.970950594,779,499,0,54,54,0,1707,1718,11,28,28,0,0,98.95657078,NoArch
f988846207f98c98ff24213ee9063798ea5d9b6c,190,1423,5646,4223,7,59,-52,2,28,429,8,49,5.770228685,26589,3,0,2157,2704,547,66880,84197,17317,1101,1354,253,0,84.53799312,Arch
e71ebf9ae19af44a5630b3311017e30d08a81c6e,0,0,0,0,0,0,0,0,0,0,0,0,0,0,4,1,0,0,0,0,0,0,0,0,0,0,100,NoArch
afcfe31b961b4836f85f6e579077df4ba4f2512d,0,0,0,0,0,0,0,0,0,0,0,0,0,0,5,2,0,0,0,0,0,0,0,0,0,0,100,NoArch
bcc305c532ff7530184e1cb539f7a38baeeb2225,0,0,0,0,0,0,0,0,0,0,0,0,0,0,6,3,0,0,0,0,0,0,0,0,0,0,100,NoArch
1e500fe727a54ca209d3d4c67dbff330c79f12f7,0,0,0,0,0,0,0,0,0,0,0,0,0,0,7,4,0,0,0,0,0,0,0,0,0,0,100,NoArch
2beb526cdda6640fb7ddc4576fcb4d1cb1dc626e,0,0,0,0,0,0,0,0,0,0,0,0,0,0,8,5,0,0,0,0,0,0,0,0,0,0,100,NoArch
995a133ca2f0accb82ebccf9ad7c5d5a86757b13,0,0,0,0,0,0,0,0,0,0,0,0,0,0,9,6,0,0,0,0,0,0,0,0,0,0,100,NoArch
651c46b7956a9992d09447009d62c15f114b214e,0,0,0,0,0,0,0,0,0,0,0,0,0,0,10,7,0,0,0,0,0,0,0,0,0,0,100,NoArch
caf27e67ef5ea2c3161738e960f6790163304334,0,0,0,0,0,0,0,0,0,0,0,0,0,0,11,8,0,0,0,0,0,0,0,0,0,0,100,NoArch
8fd6f72680cae53075681bbf44ecc3441f1253f6,0,0,0,0,0,0,0,0,0,0,0,0,0,0,12,9,0,0,0,0,0,0,0,0,0,0,100,NoArch
080e9cf405534d02b360976fbe7bddefdc16884b,0,0,0,0,0,0,0,0,0,0,0,0,0,0,13,10,0,0,0,0,0,0,0,0,0,0,100,NoArch
6c374fe27ab9d663ef4ed3e33f341158dff78884,0,0,0,0,0,0,0,0,0,0,0,0,0,0,14,11,0,0,0,0,0,0,0,0,0,0,100,NoArch
65ddecfea5c70f93c7bd2dfb09ebed7dd901a350,0,0,0,0,0,0,0,0,0,0,0,0,0,0,15,12,0,0,0,0,0,0,0,0,0,0,100,NoArch
8370617aeda288aee7436a273cc815cf498870e4,0,0,0,0,0,0,0,0,0,0,0,0,0,0,16,13,0,0,0,0,0,0,0,0,0,0,100,NoArch
3d38a1a0f5a6788883860e7027abd148f0465d02,0,0,0,0,0,0,0,0,0,0,0,0,0,0,17,14,0,0,0,0,0,0,0,0,0,0,100,NoArch
9137e6cc45922b529fb776c6857647a3935471bb,202,5594,1495,4099,43,7,36,2,29,384,10,54,5.80960163,22021,4,0,2461,2188,273,77234,67148,10086,1251,1086,165,0,84.62556232,Arch
96caaa13d71c4d6d7f39bc9c3f8bfe73bac11a48,0,0,0,0,0,0,0,0,0,0,0,0,0,0,5,1,0,0,0,0,0,0,0,0,0,0,100,NoArch
6b0188f83a88f85f7d6b7592f8fb6555c2875e4c,186,1189,5644,4455,6,59,-53,2,28,380,8,47,5.68831059,25636,18,0,2051,2632,581,63570,81842,18272,1038,1305,267,1,84.62556232,Arch
c0b817c0445d833431d0d7d61d143c80ae0f561f,2,43,24,19,0,0,0,1,3,3984,1,2,0.995978957,251,106,0,7,7,0,1717,1556,161,7,7,0,0,100,NoArch
f2485adb3268c3a0091fc1579c7fe59a71e3da98,7,129,78,51,0,0,0,1,4,3986,1,3,2.650786208,843,107,1,84,82,2,5070,4685,385,52,52,0,1,100,NoArch
ff51583ce16c132d5576875f11e5e2080c9e8cfe,1,18,6,12,0,0,0,3,14,5333,1,1,0,331,533,0,32,29,3,879,804,75,16,16,0,1,100,NoArch
aaf49d23e88bbae17d25b38307e1957620f150b7,208,5696,1667,4029,43,7,36,2,29,367,10,55,5.92947864,22777,500,0,2534,2263,271,81261,71721,9540,1293,1128,165,1,84.62556232,Arch
fe4b9192e23c375fac1d8616912b6a1d35fe04e6,192,1358,5741,4383,6,59,-53,2,28,598,8,48,5.813467403,26322,534,1,2126,2705,579,68143,85869,17726,1080,1347,267,1,84.62556232,Arch
41b7830c81b1bd1986ba160cb40d923e44581f51,0,0,0,0,0,0,0,0,0,0,0,0,0,0,108,0,0,0,0,0,0,0,0,0,0,0,100,NoArch
f943ba0cdb1c91155f115a98ce3b6c724a6f172f,0,0,0,0,0,0,0,0,0,0,0,0,0,0,109,1,0,0,0,0,0,0,0,0,0,0,100,NoArch
f37ad0d87b8613fa3caaad76eb134b7314fef075,0,0,0,0,0,0,0,0,0,0,0,0,0,0,110,2,0,0,0,0,0,0,0,0,0,0,100,NoArch
972903b20363e1c9d7061b05893f04f8328e38e1,0,0,0,0,0,0,0,0,0,0,0,0,0,0,111,3,0,0,0,0,0,0,0,0,0,0,100,NoArch
732dd1876b7354284ad57611d065bda662d589ef,0,0,0,0,0,0,0,0,0,0,0,0,0,0,19,0,0,0,0,0,0,0,0,0,0,0,100,NoArch
b74c1a7aa8df8323533d2fc9ab80273f860b6b14,208,5694,1667,4027,43,7,36,2,29,367,10,55,5.928227666,22779,6,0,2534,2263,271,81261,71721,9540,1293,1128,165,0,84.62556232,Arch
116d2f03ad0603bf3f5788b90850a74e05e11063,0,0,0,0,0,0,0,0,0,0,0,0,0,0,0,0,0,0,0,0,0,0,0,0,0,0,100,NoArch
5a06be7f03b527783fbc2b8b03e70e984b96b8a6,0,0,0,0,0,0,0,0,0,0,0,0,0,0,1,1,0,0,0,0,0,0,0,0,0,0,100,NoArch
12b599d41eae969dd285bedc8e0b37fd5da086a2,0,0,0,0,0,0,0,0,0,0,0,0,0,0,2,2,0,0,0,0,0,0,0,0,0,0,100,NoArch
145bbe736fb06787794df49a5b026be3a04de94e,192,1358,5741,4383,6,59,-53,2,28,598,8,48,5.813467403,26322,0,0,2126,2705,579,68143,85869,17726,1080,1347,267,0,84.62556232,Arch
2a9e56439e7aa6fc8514feb27d0e5c22756fe2f4,0,0,0,0,0,0,0,0,0,0,0,0,0,0,1,1,0,0,0,0,0,0,0,0,0,0,100,NoArch
ab90259510fd98a29f73b44b368e80dd0ec97898,209,5698,1670,4028,43,7,36,2,29,394,10,56,5.933503778,23032,0,0,2562,2291,271,81971,72425,9546,1304,1139,165,1,85.79164518,Arch
7e4c1f0140a040ef85ded0e3476320517c5d0dd0,192,1358,5741,4383,6,59,-53,2,28,598,8,48,5.813467403,26322,0,0,2126,2705,579,68143,85869,17726,1080,1347,267,1,85.81743167,Arch
5b03bf39dfb8aca1bdde8fed764292f060a67ab0,208,5694,1667,4027,43,7,36,2,29,367,10,55,5.928227666,22779,1,1,2534,2263,271,81261,71721,9540,1293,1128,165,0,85.81743167,Arch
2537d0802f8d20d12223fcf319cf2a20769b7a99,1,6,6,0,0,0,0,4,14,3220,1,1,0,309,0,0,49,49,0,1145,1144,1,24,24,0,1,100,NoArch
2eaf2e5e03bf02153b3c2eb47a54d013d380c323,192,1358,5741,4383,6,59,-53,2,28,598,8,48,5.813467403,26322,0,0,2126,2705,579,68143,85869,17726,1080,1347,267,1,85.81743167,Arch
88dd180506f3fb416fe5966c73571df0c9328e44,1,2,2,0,0,0,0,4,8,5582,1,1,0,295,0,0,22,22,0,653,653,0,10,10,0,1,100,NoArch
78e92455a30a711cb06c079985d28dae65583623,208,5694,1667,4027,43,7,36,2,29,367,10,55,5.928227666,22779,0,0,2534,2263,271,81261,71721,9540,1293,1128,165,1,85.81743167,Arch
e21e986358b9bb62a0875c918ff1426e0ede7807,2,6,0,6,0,0,0,4,6,5503,2,2,1,374,3,1,39,37,2,1156,1118,38,25,25,0,1,100,NoArch
549ec9dd585430996a6351d07c649ac23f0fef83,2,42,1,41,0,0,0,3,4,6378,1,2,0.446481347,414,4,2,35,32,3,1227,1003,224,20,19,1,1,100,NoArch
5df7af58ff00c599669007b73a36e678f04679ac,0,0,0,0,0,0,0,0,0,0,0,0,0,0,2,0,0,0,0,0,0,0,0,0,0,1,100,NoArch
5b603d13e5a3535d08bdc832fa75713f24e234a2,0,0,0,0,0,0,0,0,0,0,0,0,0,0,3,1,0,0,0,0,0,0,0,0,0,0,100,NoArch
1460419cc7e4eacbcef7ccc17c75e74d058b73c1,0,0,0,0,0,0,0,0,0,0,0,0,0,0,4,2,0,0,0,0,0,0,0,0,0,0,100,NoArch
0655e849afc7b2414fd888c9044f6681baa3c65b,194,1359,5783,4424,6,59,-53,2,28,598,8,50,5.834222067,26777,2,0,2158,2740,582,69146,87096,17950,1099,1367,268,1,85.81743167,Arch
56a5a0f8350ced59319937a9ad9cc9ad3e2c566d,2,42,1,41,0,0,0,3,4,6434,1,2,0.446481347,414,3,1,35,32,3,1227,1003,224,20,19,1,1,100,NoArch
fddbf986c2c5d6f124f95d9964dab7463f20b87d,0,0,0,0,0,0,0,0,0,0,0,0,0,0,1,0,0,0,0,0,0,0,0,0,0,1,100,NoArch
969665058276d3d359cb07759cefde876acec21c,0,0,0,0,0,0,0,0,0,0,0,0,0,0,2,1,0,0,0,0,0,0,0,0,0,0,100,NoArch
c4c3c27f83ab0df24816e731910355238460a8f5,0,0,0,0,0,0,0,0,0,0,0,0,0,0,3,2,0,0,0,0,0,0,0,0,0,0,100,NoArch
4d5bb000a7f3c02d8960b32e694a565c95976848,2,43,13,30,0,0,0,3,9,5677,2,2,0.863120569,747,4,0,45,44,1,2415,2200,215,32,31,1,0,99.9500998,NoArch
64d9f8341e1aa7ef1a29744e16ea7c578ca5deee,208,5723,1667,4056,43,7,36,2,29,383,10,55,5.930863338,22779,5,0,2536,2263,273,81422,71721,9701,1294,1128,166,0,85.84321815,Arch
f961b77fdbffb0a1fd21f562ed518bb3f9ce3d98,192,1358,5770,4412,6,59,-53,2,28,598,8,48,5.816454553,26351,5,1,2126,2707,581,68143,86030,17887,1080,1348,268,0,85.84321815,Arch
20f234834232309f8e67066bc2d768a73bd5b12f,0,0,0,0,0,0,0,0,0,0,0,0,0,0,6,2,0,0,0,0,0,0,0,0,0,0,100,NoArch
59e79be7da179a119b0e7cd93485633146de4bb1,0,0,0,0,0,0,0,0,0,0,0,0,0,0,7,3,0,0,0,0,0,0,0,0,0,0,100,NoArch
91531d6ba9c11cb01bded2a958b175c0c7585b38,0,0,0,0,0,0,0,0,0,0,0,0,0,0,8,4,0,0,0,0,0,0,0,0,0,0,100,NoArch
ebd95c96ae9a5d9e4f343f91ac0e6227cd8936c1,0,0,0,0,0,0,0,0,0,0,0,0,0,0,9,5,0,0,0,0,0,0,0,0,0,0,100,NoArch
b70bcef984534aaa1b10460c7b2039a1405c1e91,0,0,0,0,0,0,0,0,0,0,0,0,0,0,10,6,0,0,0,0,0,0,0,0,0,0,100,NoArch
61aa3930e647050e3b867f0f4f14391e0601d0fa,0,0,0,0,0,0,0,0,0,0,0,0,0,0,11,7,0,0,0,0,0,0,0,0,0,0,100,NoArch
f6f7954808c095842af9f5d1de3cac889a9d2c7e,0,0,0,0,0,0,0,0,0,0,0,0,0,0,12,8,0,0,0,0,0,0,0,0,0,0,100,NoArch
d628a1ae96bb0e7e1af791217aaab7e4bf774ae8,0,0,0,0,0,0,0,0,0,0,0,0,0,0,13,9,0,0,0,0,0,0,0,0,0,0,100,NoArch
a144c5b33814c8f88de963110fb6f14d5be4bae1,0,0,0,0,0,0,0,0,0,0,0,0,0,0,14,10,0,0,0,0,0,0,0,0,0,0,100,NoArch
e109f816fca73176efbfafdac3b73dfd160e9603,208,5723,1667,4056,43,7,36,2,29,383,10,55,5.930863338,22779,6,1,2536,2263,273,81422,71721,9701,1294,1128,166,0,85.84321815,Arch
bf1e04fca099ca6fd1a9a16da1aea04a5bb8f404,192,1358,5770,4412,6,59,-53,2,28,598,8,48,5.816454553,26351,15,11,2126,2707,581,68143,86030,17887,1080,1348,268,0,85.84321815,Arch
9f36ed43fa13b4e7282d0b1ec288c3197060e151,0,0,0,0,0,0,0,0,0,0,0,0,0,0,16,12,0,0,0,0,0,0,0,0,0,0,100,NoArch
46b89bf8fd17b359c4891b9d08dad7c344c5d5f9,1,19,4,15,0,0,0,4,4,5737,1,1,0,163,20,0,10,9,1,240,228,12,10,9,1,1,100,NoArch
f47ced33952b1a8e3b45fb843efe1522ec4c519b,209,5727,1686,4041,43,7,36,2,29,384,10,55,5.942783348,22957,7,0,2545,2273,272,81650,71961,9689,1303,1138,165,1,85.84321815,Arch
227c357274488cacc9ed16f47b1c78785a50893a,193,1377,5774,4397,6,59,-53,2,28,627,8,48,5.829012036,26514,21,1,2136,2716,580,68383,86258,17875,1090,1357,267,1,85.84321815,Arch
84de2145136589d267def756872365c7462eee45,0,0,0,0,0,0,0,0,0,0,0,0,0,0,22,2,0,0,0,0,0,0,0,0,0,0,100,NoArch
1f4fdb3fa6d7db4ceb9bd6f7467234d8ce38a288,0,0,0,0,0,0,0,0,0,0,0,0,0,0,23,3,0,0,0,0,0,0,0,0,0,0,100,NoArch
6e513f5c57f5da2d8c9f12adef396d5f92fbeb54,0,0,0,0,0,0,0,0,0,0,0,0,0,0,24,4,0,0,0,0,0,0,0,0,0,0,100,NoArch
b633c97d79a7f3ff3ace22d2a1d0f80490c91cbc,0,0,0,0,0,0,0,0,0,0,0,0,0,0,25,5,0,0,0,0,0,0,0,0,0,0,100,NoArch
e2a2161d63f581858beb404e610329d77ad4cb5b,0,0,0,0,0,0,0,0,0,0,0,0,0,0,26,6,0,0,0,0,0,0,0,0,0,0,100,NoArch
b7f846b3a3942ae93ada0c293707393502adf1db,0,0,0,0,0,0,0,0,0,0,0,0,0,0,27,7,0,0,0,0,0,0,0,0,0,0,100,NoArch
73fb97373ff0f32604e70fc4037df8cb22eb3462,209,5729,1688,4041,43,7,36,2,29,393,10,55,5.945132623,22957,8,1,2545,2273,272,81650,71961,9689,1303,1138,165,1,85.84321815,Arch
fba5bd4d2d95d370045750f533f60e8370419500,7,129,78,51,0,0,0,1,4,5243,1,3,2.650786208,844,109,0,84,82,2,5080,4695,385,52,52,0,1,100,NoArch
23afbb69048ca1128d57765d2f58dcfda72657be,1,19,4,15,0,0,0,4,4,5759,1,1,0,163,9,2,10,9,1,240,228,12,10,9,1,1,100,NoArch
eae601b90aff7f06cc177d6c3aa4f68fb6f03952,0,0,0,0,0,0,0,0,0,0,0,0,0,0,10,3,0,0,0,0,0,0,0,0,0,0,100,NoArch
235209e42545a95e93a999e6272c69d72260ecc7,0,0,0,0,0,0,0,0,0,0,0,0,0,0,11,4,0,0,0,0,0,0,0,0,0,0,100,NoArch
ddbafc42792b436371b0775dc25d3155c37384b0,1,4,2,2,0,0,0,3,5,6667,1,1,0,113,5,0,14,13,1,382,372,10,10,10,0,1,100,NoArch
cc77f33d130f0fce5a13203d47bf376396fec5b3,1,1,1,0,0,0,0,5,15,288,1,1,0,309,6,1,49,49,0,1146,1145,1,24,24,0,1,100,NoArch
21f7fe4b73251dedcc768c89f1427120f1708e94,187,1232,5695,4463,6,59,-53,2,28,510,8,47,5.721573927,25987,4,0,2103,2686,583,64947,83220,18273,1062,1330,268,1,85.84321815,Arch
cfc9b57f17e56fac3283f936815939215a4f7b77,1,1,1,0,0,0,0,5,15,288,1,1,0,309,5,1,49,49,0,1146,1145,1,24,24,0,1,100,NoArch
da4c167b924af4440e033b42a3b8e691f0e5d8cd,202,5649,1539,4110,43,7,36,2,29,440,10,54,5.841077354,22055,0,0,2467,2191,276,77458,67380,10078,1252,1086,166,1,85.84321815,Arch
dbd1d621ed33d992a36837e502396ed1e668beb8,1,5,11,6,0,0,0,4,4,300,1,1,0,254,1,1,26,28,2,654,710,56,10,11,1,1,100,NoArch
a862620bec0618d763ebe42b22bef8660b34dfdf,1,9,0,9,0,0,0,4,5,0,1,1,0,248,2,2,27,26,1,675,654,21,11,10,1,1,100,NoArch
50393a2d1154ad73dccab6aa6078232e7803e169,2,8,5,3,0,0,0,3,5,2682,1,2,0.89049164,429,0,0,38,38,0,2664,2634,30,27,27,0,1,100,NoArch
01b35626ac7cf9bb3c4f584c2c649ef5c190ac4b,1,1,1,0,0,0,0,2,2,3414,1,1,0,431,7,2,39,39,0,977,977,0,25,25,0,1,100,NoArch
cb0c225a53f75badb70d58dff13589cd29baebe0,189,1253,5725,4472,6,59,-53,2,28,537,8,49,5.749949541,26370,28,8,2120,2703,583,67146,85405,18259,1076,1344,268,0,85.84321815,Arch
fd161e0be34246e20b423a67803da5c94a372030,1,8,5,3,0,0,0,4,9,5870,1,1,0,130,6,2,18,17,1,313,321,8,8,8,0,1,100,NoArch
6809366c83869d493e4109d822d0aa44a03d303b,1,5,11,6,0,0,0,4,4,300,1,1,0,254,0,0,26,28,2,654,710,56,10,11,1,1,100,NoArch
3015cd08ab466bbe8a423da17a9fc95b05d27720,1,9,0,9,0,0,0,4,5,0,1,1,0,248,1,1,27,26,1,675,654,21,11,10,1,1,100,NoArch
dff6cc689440a954a64335df52d390f4bbe98ef2,2,8,5,3,0,0,0,3,5,3387,1,2,0.89049164,429,0,0,38,38,0,2664,2634,30,27,27,0,1,100,NoArch
ca29664d8e4552a70a06bd958062d589b5468450,1,1,1,0,0,0,0,2,4,5013,1,1,0,431,7,3,39,39,0,977,977,0,25,25,0,1,100,NoArch
49c14ff738d002c34e107b78aed6b3f7aa3b2d79,202,5641,1534,4107,43,7,36,2,29,456,10,54,5.837275743,22058,12,5,2467,2192,275,77458,67372,10086,1252,1086,166,0,85.84321815,Arch
fbae5e9b946532c89551f2ee4d53a75f29487ee9,0,0,0,0,0,0,0,0,0,0,0,0,0,0,13,6,0,0,0,0,0,0,0,0,0,0,100,NoArch
5babc335f436e98de02224079da84ab2c344f9c0,186,1231,5694,4463,6,59,-53,2,28,543,8,47,5.719413948,25681,29,9,2055,2638,583,63794,82066,18272,1038,1306,268,1,85.84321815,Arch
08a860f5ac0fcf9c64309981bdac6325a3360876,202,5641,1534,4107,43,7,36,2,29,456,10,54,5.837275743,22058,14,7,2467,2192,275,77458,67372,10086,1252,1086,166,1,85.84321815,Arch
3ca513f1f2f0472251b73c16c1507034a7028b24,2,16,1,15,0,0,0,2,3,6474,1,2,0.977417818,128,15,8,10,8,2,525,426,99,6,5,1,1,100,NoArch
8aec95ea6fd9a905587e2c5954cae59cfb2ccaa7,186,1231,5694,4463,6,59,-53,2,28,543,8,47,5.719413948,25681,30,10,2055,2638,583,63794,82066,18272,1038,1306,268,1,85.84321815,Arch
7d6f53c5d73582660eac2e6f3194b5d1e910d5ce,203,5645,1537,4108,43,7,36,2,29,475,10,55,5.844258382,22189,16,9,2475,2200,275,77749,67656,10093,1256,1090,166,1,85.84321815,Arch
204e8e71f2c956fdfb4e77476ab9c69b040ae50e,186,1231,5694,4463,6,59,-53,2,28,539,8,47,5.719413948,25681,31,11,2055,2638,583,63794,82066,18272,1038,1306,268,1,85.84321815,Arch
19006237f133d3036ee041c8f9369a610dc51220,204,5679,1536,4143,43,7,36,2,29,477,10,55,5.859145828,22513,17,10,2505,2226,279,79601,69214,10387,1272,1104,168,1,85.84321815,Arch
012787434c4b50843bca2a8bda59a7b76a553ce2,186,1231,5694,4463,6,59,-53,2,28,539,8,47,5.719413948,25681,32,12,2055,2638,583,63794,82066,18272,1038,1306,268,1,85.84321815,Arch
5be8e710fc2b27042514a92c96e8d3599afc148a,202,5641,1534,4107,43,7,36,2,29,456,10,54,5.837275743,22058,18,10,2467,2192,275,77458,67372,10086,1252,1086,166,0,85.84321815,Arch
39ceafa2b1f0deecff2a4b718b98551f27b81c27,187,1231,5695,4464,6,59,-53,2,28,561,8,48,5.720638462,25822,8,4,2079,2662,583,64448,82726,18278,1051,1319,268,1,85.84321815,Arch
9a4de3bba6fa353c3b99f4f1eb127346cfd57e7c,202,5641,1534,4107,43,7,36,2,29,456,10,54,5.837275743,22058,8,3,2467,2192,275,77458,67372,10086,1252,1086,166,1,85.84321815,Arch
96aa7f13532e563ac7e130f93709195cb6e85468,2,46,1,45,1,0,1,1,3,3345,1,2,0.25387844,170,19,11,31,29,2,945,730,215,17,15,2,1,97.88211278,Arch
dc97eceb8c694e695ec024da9020bc1406d13fda,186,1231,5694,4463,6,59,-53,2,28,539,8,47,5.719413948,25681,33,12,2055,2638,583,63794,82066,18272,1038,1306,268,1,86.77184466,Arch
206dae99ff8e2ec9270bf8deb0ea683b1cb74b3f,203,5659,1534,4125,43,7,36,1,29,445,10,55,5.847901238,22103,20,12,2469,2194,275,77673,67587,10086,1254,1088,166,0,86.77184466,Arch
6684e86948c550c5aa947922b163f65a62f984bb,186,1231,5694,4463,6,59,-53,2,28,539,8,47,5.719413948,25681,34,13,2055,2638,583,63794,82066,18272,1038,1306,268,0,86.77184466,Arch
48980e1e27e9d4356fa6ebdcbf791856f80d43a7,204,5700,1536,4164,43,7,36,3,29,502,10,56,5.866652087,22593,9,4,2541,2257,284,80364,69840,10524,1298,1128,170,1,86.77184466,Arch
e3b899939d2db414a24f25c609891556ffb9e238,186,1231,5694,4463,6,59,-53,2,28,539,8,47,5.719413948,25681,9,5,2055,2638,583,63794,82066,18272,1038,1306,268,1,86.77184466,Arch
00beeef0fa928403c6ad2f3b57f0eb1322827829,203,5659,1539,4120,43,7,36,2,29,445,10,54,5.849714948,22173,21,13,2483,2206,277,77908,67754,10154,1264,1096,168,1,86.77184466,Arch
e95e9cf558c663c4be64e20b391de41b8acc8f14,186,1231,5694,4463,6,59,-53,2,28,539,8,47,5.719413948,25681,35,14,2055,2638,583,63794,82066,18272,1038,1306,268,1,86.77184466,Arch
791867fb39f1b3ba9673cef2dc85ed4bf9615e44,202,5641,1534,4107,43,7,36,2,29,456,10,54,5.837275743,22058,22,14,2467,2192,275,77458,67372,10086,1252,1086,166,0,86.77184466,Arch
2d0db71ad65f443bd72dfeea3b646c72eaa5f837,0,0,0,0,0,0,0,0,0,0,0,0,0,0,23,15,0,0,0,0,0,0,0,0,0,0,100,NoArch
5b59da340aad44c098b138db55efd043e18123d7,1,5,1,4,0,0,0,2,2,3438,1,1,0,64,24,16,5,5,0,126,116,10,3,3,0,1,100,NoArch
25baa4a095267c8804bdf85a1a2a357c2ce63db0,186,1231,5694,4463,6,59,-53,2,28,565,8,47,5.719413948,25685,36,15,2055,2638,583,63804,82076,18272,1038,1306,268,1,86.77184466,Arch
4c1a4cf443ca451d95f4f008a1a05539418ee113,202,5659,1535,4124,43,7,36,2,29,480,10,54,5.846526941,22062,25,17,2469,2192,277,77493,67382,10111,1253,1086,167,1,86.77184466,Arch
84884e1f83982ee1f65950e04a62bfcb3c43e2fb,186,1231,5694,4463,6,59,-53,2,28,572,8,47,5.719413948,25702,37,16,2057,2640,583,63829,82101,18272,1039,1307,268,1,86.77184466,Arch
d3883817368f3b179bc5835cfb24e9c3d378f570,202,5641,1534,4107,43,7,36,2,29,480,10,54,5.837275743,22079,26,18,2469,2194,275,77493,67407,10086,1253,1087,166,0,86.77184466,Arch
d577ca2930d7f9728e4b76b5c20b58a17cde5899,186,1231,5694,4463,6,59,-53,2,28,572,8,47,5.719413948,25702,38,16,2057,2640,583,63829,82101,18272,1039,1307,268,0,86.77184466,Arch
f4df3818d432be86a8d3efbe11c3da16fd5faf29,208,6291,2095,4196,45,7,38,2,29,562,10,56,5.860497499,23309,27,19,2560,2282,278,80429,70191,10238,1307,1138,169,1,86.52121212,Arch
dbfacf1f5a1f480cd1e3c68a5350f10870719652,186,1231,5694,4463,6,59,-53,2,28,572,8,47,5.719413948,25702,39,17,2057,2640,583,63829,82101,18272,1039,1307,268,1,86.80387409,Arch
0a886db69ae665c0f29c3513e032f72c1b65095e,10,266,3,263,8,0,8,1,18,710,1,3,2.88129647,816,12,0,210,162,48,5779,4392,1387,77,49,28,1,97.07692308,Arch
bbc8efaccef60939c8786e317966c878a34203ce,13,1163,0,1163,12,0,12,3,4,514,1,3,3.135154258,260,535,0,143,38,105,3322,922,2400,63,15,48,1,99.15531335,NoArch
0c7a8b503324fd0a759789ecf256ed738036947b,0,0,0,0,0,0,0,0,0,0,0,0,0,0,536,1,0,0,0,0,0,0,0,0,0,1,100,NoArch
bdecc0ba3265bfab031f0d10d9b9d3961670c0e3,11,111,70,41,1,1,0,1,2,0,1,3,2.313115994,684,537,2,54,54,0,1423,1417,6,21,21,0,1,98.91891892,NoArch
41c3183b1fbecd2d91eeb827478143206cc3b79a,9,494,101,393,0,0,0,2,19,743,1,5,1.267528579,903,538,3,203,163,40,5770,4577,1193,90,58,32,1,99.45370117,NoArch
4929b4a415c48da576568efd41659cbb9d547d96,19,514,118,396,3,1,2,2,20,1196,1,7,3.897250944,2818,539,4,461,438,23,12283,11339,944,226,219,7,1,96.50475456,Arch
1e6a89cb56aa11865a2af2d2137cb49c8b60da72,7,533,0,533,7,0,7,1,1,0,1,3,2.718730345,0,40,18,44,0,44,2312,0,2312,22,0,22,0,97.11562578,Arch
67e7a36d406201860836f07916470f6dc0815d13,1,1,1,0,0,0,0,2,2,8,1,1,0,42,41,19,2,1,1,149,143,6,1,1,0,0,100,NoArch
bf8febeeff6f3f2a90872f61e7251e9e23a97425,0,0,0,0,0,0,0,0,0,0,0,0,0,0,42,20,0,0,0,0,0,0,0,0,0,0,100,NoArch
bd8c314151e3b9ec5f9810a886325c9367d77e74,4,72,0,72,0,0,0,2,4,8,1,2,2,92,43,19,11,11,0,278,278,0,8,8,0,0,100,NoArch
3432f6ade45618781c944496615cd811af69ad83,180,2269,916,1353,20,8,12,2,29,496,10,49,5.560075401,23142,28,20,2322,2193,129,72587,67844,4743,1159,1105,54,0,84.53373768,Arch
a20a24ccac6fee6a7ac4ee8259e4256db75f62c7,177,751,2437,1686,7,32,-25,2,28,644,5,42,5.575055281,24454,44,20,2181,2331,150,67607,72773,5166,1093,1168,75,1,84.53373768,Arch
dbc0bb12203ddaa080892113a69b0676ffd04872,2,134,1,133,0,0,0,4,9,4063,1,2,0.847250121,513,45,21,45,35,10,2363,1502,861,27,21,6,1,100,NoArch
ff84432dabf5698fd4ce83f41c41f70b665bfc07,180,2267,914,1353,20,8,12,2,29,496,10,49,5.55565064,23142,29,21,2322,2193,129,72587,67844,4743,1159,1105,54,1,84.53373768,Arch
bdc0b7cab5ed3c1544f891405a71cc1c461aa3be,176,752,2395,1643,7,31,-24,2,28,651,5,41,5.547185096,24283,13,1,2170,2321,151,66964,72061,5097,1084,1159,75,1,86.8852459,Arch
0b505c272d61372bd2674ee88fd103e62d71714e,3,252,5,247,1,0,1,1,6,4491,2,3,0.315055308,297,540,5,40,26,14,1169,726,443,21,11,10,1,99.80938766,NoArch
c8bbb09122e1332337804ab4dd698bf7acb4f55e,0,0,0,0,0,0,0,0,0,0,0,0,0,0,541,6,0,0,0,0,0,0,0,0,0,1,100,NoArch
ba1cffda506e10e6a0bd4d4bb2849b405bf9c04d,178,1973,874,1099,19,8,11,2,29,880,10,47,5.549362898,22980,30,18,2296,2182,114,71418,67214,4204,1139,1096,43,0,86.91250904,Arch
58a57fdf643039cde796f223808f8d387a617a73,176,747,2144,1397,7,30,-23,2,28,727,5,41,5.573927549,24209,46,17,2182,2319,137,67706,72370,4664,1094,1159,65,1,86.91250904,Arch
4ddc3d0456aa0d518e6c4019fe98377e13bf027b,178,1973,874,1099,19,8,11,2,29,880,10,47,5.549362898,22980,31,17,2296,2182,114,71418,67214,4204,1139,1096,43,1,86.91250904,Arch
7bdcc6694659c4cafa2f19e52b726f5c50ae1054,175,747,2143,1396,7,30,-23,2,28,729,5,40,5.571378805,24038,542,7,2170,2307,137,66977,71631,4654,1084,1149,65,1,86.91250904,Arch
eb71da4742aa2dc93af11eaab61ba587c5f257db,178,1973,874,1099,19,8,11,2,29,880,10,47,5.549362898,22980,32,15,2296,2182,114,71418,67214,4204,1139,1096,43,0,86.91250904,Arch
9f702f627c6abd7e82f1618038679d73fc20474e,180,762,2143,1381,7,30,-23,2,28,819,5,40,5.60125976,24664,47,14,2236,2373,137,68884,73528,4644,1126,1191,65,1,86.91250904,Arch
fcc6613c719f75e22c3332ec19e5bc8f38089b50,182,1921,1515,406,18,13,5,2,29,976,10,47,5.543546332,23621,33,15,2293,2252,41,71285,69204,2081,1137,1142,5,1,82.64310208,Arch
5c3fea0c8b32179115ee84127e9894824cfb2602,3,20,0,20,0,0,0,3,6,5141,1,2,0.991760148,895,34,15,148,145,3,3959,3865,94,59,57,2,2,100,NoArch
a8d1a0213d1aa3fb6b10a90df771da40e1faa8fc,179,1388,2091,703,12,29,-17,2,28,822,5,40,5.565237011,23986,48,15,2236,2304,68,68884,71560,2676,1126,1147,21,2,82.64310208,Arch
da9031750690852dded9eaef393cf8b112f14ffe,0,0,0,0,0,0,0,0,0,0,0,0,0,0,49,10,0,0,0,0,0,0,0,0,0,0,100,NoArch
a4b5f418cdad1414fe412f172ddf3e75e529a3ae,0,0,0,0,0,0,0,0,0,0,0,0,0,0,50,11,0,0,0,0,0,0,0,0,0,0,100,NoArch
64955340c7f361c529cde7c06d7831bb22d8580f,182,1921,1515,406,18,13,5,2,29,976,10,47,5.543546332,23621,35,7,2293,2252,41,71285,69204,2081,1137,1142,5,0,82.64310208,Arch
c7e0f854caa6e0ab7d9f0508fb580a59dce49436,180,1417,2091,674,12,29,-17,2,28,821,5,41,5.586821708,24295,51,4,2287,2353,66,70106,72706,2600,1151,1171,20,1,82.64310208,Arch
63f2891d48a37c7261c4f7eba7ab0ae5e17cb23a,182,1921,1515,406,18,13,5,2,29,978,10,47,5.543546332,23646,36,0,2294,2253,41,71350,69269,2081,1138,1143,5,1,82.64310208,Arch
4ec62bfe3998aa3619966fd8360a58baa78283a9,180,1396,2096,700,12,29,-17,2,28,822,5,40,5.579920337,24540,52,0,2275,2343,68,69953,72624,2671,1153,1174,21,0,82.64310208,Arch
6e152b1053b8ab1c97442ae41b298d998ed7b791,182,1921,1515,406,18,13,5,2,29,978,10,47,5.543546332,23646,37,1,2294,2253,41,71350,69269,2081,1138,1143,5,0,82.64310208,Arch
9055c0bc8a049a30f8afe2f65c1abf0ba9815134,179,1388,2091,703,12,29,-17,2,28,823,5,40,5.565237011,24011,53,1,2237,2305,68,68949,71625,2676,1127,1148,21,0,82.64310208,Arch
d41afcc6e722ec112918c2cc56a386dd6267a1d5,0,0,0,0,0,0,0,0,0,0,0,0,0,0,54,2,0,0,0,0,0,0,0,0,0,0,100,NoArch
ef5450b9f4be74ee930401115394823b9e1fc3e6,182,1921,1515,406,18,13,5,2,29,978,10,47,5.543546332,23646,38,1,2294,2253,41,71350,69269,2081,1138,1143,5,0,82.64310208,Arch
b15ab927709ca18ea4a02538be01919a19ab65af,180,1391,2093,702,12,29,-17,2,28,852,5,41,5.572873381,24685,55,0,2323,2391,68,71015,73684,2669,1160,1181,21,0,82.64310208,Arch
a874867c27cfbeba561ecef729a034b747b4f5de,0,0,0,0,0,0,0,0,0,0,0,0,0,0,56,1,0,0,0,0,0,0,0,0,0,0,100,NoArch
61ecb4973b29bd5f293d56eb4530a7a689a37782,0,0,0,0,0,0,0,0,0,0,0,0,0,0,57,2,0,0,0,0,0,0,0,0,0,0,100,NoArch
baaf4f5bca7ba532c7268f0bf86a6d64eb5c7a0e,183,1923,1518,405,18,13,5,2,29,972,10,48,5.551283594,24321,39,0,2380,2339,41,73409,71335,2074,1171,1176,5,0,82.64310208,Arch
9caeeab0a60ae1f05f2b045e5bbfa8eff7106e20,1,3,2,1,0,0,0,3,7,5738,1,1,0,674,40,1,86,86,0,2066,2059,7,33,33,0,0,100,NoArch
3e9f058157b2c0fe58a44bb852a6545b0cbec09e,0,0,0,0,0,0,0,0,0,0,0,0,0,0,41,2,0,0,0,0,0,0,0,0,0,0,100,NoArch
f4855e5b8982dd3f8225ede9a3f3195c5414c7c2,1,1,1,0,0,0,0,4,4,6933,1,1,0,236,0,0,19,19,0,857,857,0,7,7,0,1,100,NoArch
03927e2f85edd4c53c1a55ef659410fad59adeda,0,0,0,0,0,0,0,0,0,0,0,0,0,0,0,0,0,0,0,0,0,0,0,0,0,1,100,NoArch
28c95ee33531fb9b573836d92e4ebee0a30cb554,2,8,2,6,0,0,0,4,6,3002,1,2,0.721928095,478,0,0,35,34,1,1400,1384,16,18,17,1,1,100,NoArch
d9715bca9ad82623a8a9157cc5f51b0fbd3ca504,1,2,2,0,0,0,0,5,9,603,1,1,0,295,42,0,22,22,0,653,653,0,10,10,0,2,100,NoArch
aa2cd4fca10416623ecc29008cd851a4f1ed3d98,33,2212,0,2212,32,0,32,1,4,186,2,10,4.852763322,137,43,1,156,12,144,7858,322,7536,140,6,134,1,92.77746793,Arch
c39a3678bfc02e1c0d7563ce0c4c049902cf95f7,0,0,0,0,0,0,0,0,0,0,0,0,0,0,44,2,0,0,0,0,0,0,0,0,0,1,100,NoArch
4140e5627934eb75f15f2f9f301c7d888539a08f,0,0,0,0,0,0,0,0,0,0,0,0,0,0,45,3,0,0,0,0,0,0,0,0,0,0,100,NoArch
2fbf623442e14174feb6438d2195b41a3dc2ffb4,2,202,0,202,2,0,2,1,1,0,1,1,0.858401835,0,46,4,9,0,9,903,0,903,6,0,6,1,99.86817822,NoArch
57b2ae2888d9fd799b32f83621d621084ade8192,3,23,123,100,0,1,-1,1,6,1735,1,2,1.363513496,312,47,5,11,24,13,955,1451,496,8,13,5,0,99.81554677,NoArch
68d1d93edab61c34226b7165d97b75067d0c192b,1,1,1,0,0,0,0,4,19,335,1,1,0,665,48,6,129,129,0,2642,2644,2,52,52,0,1,100,NoArch
f9fb8b981779704df9ee78e3714954974f4026d8,42,85,85,0,0,0,0,4,25,5754,4,17,4.820925642,7462,0,0,516,516,0,16258,16258,0,232,232,0,1,100,NoArch
af75fb584ef6981c3c5263d00a396ec5f900716c,4,162,1,161,3,0,3,2,2,936,1,1,1.831077476,965,49,7,185,180,5,5272,5028,244,67,63,4,1,99.57794777,NoArch
4af5e182474ea0017c292a342fa70a525f4cb085,3,35,5,30,0,0,0,4,16,4266,2,2,1.318540476,593,50,8,93,88,5,2687,2598,89,40,38,2,1,100,NoArch
6e9a20abc65acf9db25c2667d114230d74513416,2,131,4,127,0,0,0,2,3,4508,2,2,0.956457405,967,51,9,167,158,9,4015,3845,170,75,71,4,1,100,NoArch
86d951ef8dd9db10f43ebd8c31b4201bf637a061,1,25,10,15,0,0,0,2,4,0,1,1,0,385,52,10,51,48,3,1298,1205,93,16,15,1,1,100,NoArch
b2f5db9d19c736b6cc88a0a57520689820587724,4,82,14,68,0,0,0,2,17,0,3,3,1.696842803,1717,53,11,288,281,7,7853,7750,103,109,101,8,1,100,NoArch
e0cfce915658176cb864c935320840174a321264,5,291,98,193,2,1,1,1,2,958,1,2,1.745393842,233,54,12,21,22,1,2006,1064,942,15,12,3,0,99.70991561,NoArch
39423071dcec797b723a2b270c3414f364fae3d4,2,85,5,80,0,0,0,4,10,296,1,2,0.836640742,646,55,13,51,45,6,2842,2363,479,31,27,4,1,100,NoArch
62dd1ef2f89beddacab64a146c65dbe853bf1011,10,734,0,734,10,0,10,1,1,0,2,4,3.179377867,0,56,14,50,0,50,2767,0,2767,31,0,31,1,99.21445405,NoArch
f5acaa0ea47444189e30d26c9b23230bb9789929,0,0,0,0,0,0,0,0,0,0,0,0,0,0,57,15,0,0,0,0,0,0,0,0,0,0,100,NoArch
f2dfa7ff39c9870e7b9856ceca8690c5398080fa,15,1286,35,1251,8,0,8,4,6,1244,3,9,3.475380066,1064,58,16,146,73,73,11695,5535,6160,110,55,55,1,99.48186528,NoArch
6c5701a8d757b56cc8be8991fbdf9cebeeb62d95,0,0,0,0,0,0,0,0,0,0,0,0,0,0,59,17,0,0,0,0,0,0,0,0,0,0,100,NoArch
311041d1ad1e81bb8c3ab250a45303071bced7b7,2,2,2,0,0,0,0,1,2,0,1,1,1,114,60,18,7,5,2,432,426,6,2,2,0,0,100,NoArch
31492eae9a0e13c150d6912b3358abb8f3e4d02a,0,0,0,0,0,0,0,0,0,0,0,0,0,0,0,0,0,0,0,0,0,0,0,0,0,1,100,NoArch
e6db45c7c59b9ea7f45224ff29103678aa4631d4,11,25,731,706,0,5,-5,1,3,0,2,6,2.547942145,1220,61,19,26,60,34,2522,5787,3265,19,43,24,0,99.48240166,NoArch
4e8feabdf428743139db1fc9d4773b00b7f3bafb,0,0,0,0,0,0,0,0,0,0,0,0,0,0,62,20,0,0,0,0,0,0,0,0,0,0,100,NoArch
67d340ef13c689cb0581c2e0bf90b21fbeae6eb0,3,64,3,61,1,0,1,1,2,5362,1,3,0.455416672,140,63,21,15,12,3,640,385,255,14,12,2,0,99.94810586,NoArch
d00055013310a28de4de4546caf44326b0e1f1a9,0,0,0,0,0,0,0,0,0,0,0,0,0,0,64,22,0,0,0,0,0,0,0,0,0,1,100,NoArch
2f4d6358503bff4470a37b162984339176d55786,1,65,0,65,0,0,0,2,6,5212,1,1,0,146,65,23,12,7,5,469,301,168,9,6,3,1,97.81042129,Arch
0aabcfa54b7eb64e2b232abe40dc97900e57dbc4,0,0,0,0,0,0,0,0,0,0,0,0,0,0,66,24,0,0,0,0,0,0,0,0,0,0,100,NoArch
888163fd6ee07bffb951eb51a4d9d846b9c3ae64,0,0,0,0,0,0,0,0,0,0,0,0,0,0,67,25,0,0,0,0,0,0,0,0,0,0,100,NoArch
579f7d9ee96abe71a0ffc51c006aeb402ac6b42c,0,0,0,0,0,0,0,0,0,0,0,0,0,0,68,26,0,0,0,0,0,0,0,0,0,0,100,NoArch
e3516697b9669db65d8953d9090c4fa959e49574,0,0,0,0,0,0,0,0,0,0,0,0,0,0,69,0,0,0,0,0,0,0,0,0,0,1,100,NoArch
6eb070f4ac6a882eb01ce188701b40d0017ae2d0,1,8,0,8,0,0,0,3,4,3827,1,1,0,32,70,1,2,1,1,47,27,20,2,1,1,0,100,NoArch
53f1f6da024d283d778f1c253bbd8fc85306dd5d,0,0,0,0,0,0,0,0,0,0,0,0,0,0,71,2,0,0,0,0,0,0,0,0,0,0,100,NoArch
3fccc75a644adb4ac7b390c3635573e5fe243bc4,16,0,930,930,0,16,-16,2,3,336,1,1,3.748994331,930,72,3,0,83,83,0,2366,2366,0,49,49,1,98.82565492,NoArch
056d7cc27b462d94f8dc91490154dbca784d857c,5,641,0,641,5,0,5,2,4,335,1,1,1.931222027,0,73,4,66,0,66,1907,0,1907,42,0,42,0,95.22873983,Arch
3a23929a8d3d2f13ebe3365ca66f94d51b5bdbe6,13,0,819,819,0,13,-13,3,3,6173,1,3,3.359377088,819,74,5,0,70,70,0,2581,2581,0,42,42,0,99.18699187,NoArch
d44204a4378f73e17be2e58097ba09d33c1cff3e,7,83,15,68,0,0,0,4,10,3148,5,5,2.58257278,3075,75,6,501,484,17,11988,11811,177,205,198,7,0,97.71428571,Arch
42e3b51ad698cfe9519853f3617a9484db210ee4,0,0,0,0,0,0,0,0,0,0,0,0,0,0,76,7,0,0,0,0,0,0,0,0,0,0,100,NoArch
e8ba5cbef95a65f144edc336858c9db8efc1e557,0,0,0,0,0,0,0,0,0,0,0,0,0,0,77,8,0,0,0,0,0,0,0,0,0,0,100,NoArch
5e35941d8b35bd0e48505a54c47877340303adcf,8,10,13,3,0,0,0,1,1,0,1,3,2.859880978,470,78,9,22,22,0,1644,1677,33,17,17,0,0,99.18325676,NoArch
03c676edaf97824af1985e196d8d64afe9219480,0,0,0,0,0,0,0,0,0,0,0,0,0,0,79,10,0,0,0,0,0,0,0,0,0,0,100,NoArch
77c59622b0b25651f2afbb7f45d86cee0e810d6c,0,0,0,0,0,0,0,0,0,0,0,0,0,0,80,11,0,0,0,0,0,0,0,0,0,0,100,NoArch
2606a3876de8b325be76f8735c743d593ef5eed7,2,0,126,126,0,2,-2,4,7,7068,1,1,0.958711883,126,81,12,0,5,5,0,251,251,0,5,5,0,94.73384572,Arch
3c6afaf0560fb7c91f94f2bbc9679b12c951fb52,2,2,13,11,0,0,0,3,17,2126,2,2,0.970950594,438,82,13,34,34,0,1270,1328,58,18,18,0,1,100,NoArch
d8ef0c093b139a2e75f3e6a63bc26fc4d1517dd4,0,0,0,0,0,0,0,0,0,0,0,0,0,0,83,14,0,0,0,0,0,0,0,0,0,0,100,NoArch
0c49ef747266e5ea55464dff148e2a690f59ae67,0,0,0,0,0,0,0,0,0,0,0,0,0,0,84,15,0,0,0,0,0,0,0,0,0,0,100,NoArch
64d61b13fb351a355a9ef039ca33ac44ef59cb02,0,0,0,0,0,0,0,0,0,0,0,0,0,0,85,16,0,0,0,0,0,0,0,0,0,0,100,NoArch
6d738af363bb8cf0ea8fbe345a7bcbcbe92b302a,1,3,1,2,0,0,0,1,2,102,1,1,0,121,86,8,17,17,0,406,395,11,12,12,0,1,100,NoArch
9cc88cb60aec982ee06b08a857997b0147c0a0e7,1,34,5,29,0,0,0,2,8,3854,1,1,0,456,0,0,69,67,2,2763,2542,221,11,11,0,0,100,NoArch
46bcb3b28ed45f9dfab9c123a267e3820f576784,18,1116,41,1075,12,0,12,1,5,1525,1,5,3.707525731,426,87,0,69,20,49,4992,1217,3775,46,14,32,0,93.29501916,Arch
4344076c64c07066517fd69335371c66e7318a20,1,0,2,2,0,0,0,1,2,2,1,1,0,67,88,1,3,3,0,290,300,10,3,3,0,0,100,NoArch
03cad012125b73af59f3d2653fa1fa25d50e0582,19,400,10,390,6,0,6,1,2,5,1,7,2.638674675,1177,89,2,68,54,14,5449,4240,1209,49,37,12,0,97.37458978,Arch
2fed5d1961b1f6dc4e6556dd441890b8bd82ddaf,1,1,1,0,0,0,0,5,7,171,1,1,0,442,0,0,45,45,0,2306,2306,0,32,32,0,1,100,NoArch
505b0d5640f9b548898a578438d71a4de7db3bb9,0,0,0,0,0,0,0,0,0,0,0,0,0,0,90,3,0,0,0,0,0,0,0,0,0,0,100,NoArch
59ffa691910c201c2e9c2edc9fe87a5621cb189a,1,0,1,1,0,0,0,2,3,165,1,1,0,97,91,4,10,10,0,286,295,9,10,10,0,0,100,NoArch
71282d677d0cf6967d6632f86b4512b9a09df729,0,0,0,0,0,0,0,0,0,0,0,0,0,0,92,5,0,0,0,0,0,0,0,0,0,0,100,NoArch
213d7ffedf57df9bfafb9782c813fcff6524aa65,0,0,0,0,0,0,0,0,0,0,0,0,0,0,93,6,0,0,0,0,0,0,0,0,0,0,100,NoArch
9475c99d73ca7c041591f953dbad9a8ad485a344,2,4,3,1,0,0,0,3,4,4448,1,1,0.985228136,119,94,7,7,7,0,564,542,22,6,6,0,0,97.18411552,Arch
dae40161b014d61b084f2fad409a74d54ea13442,1,26,0,26,0,0,0,3,4,0,1,1,0,76,95,8,7,5,2,580,430,150,5,4,1,0,97.23371251,Arch
85edb748ed161bc2811b306b27c6f16b26bb6405,0,0,0,0,0,0,0,0,0,0,0,0,0,0,96,9,0,0,0,0,0,0,0,0,0,0,100,NoArch
98810db1514d515cdf9409bb951140dd38bc4cf2,1,84,0,84,1,0,1,1,1,0,1,1,0,0,0,0,5,0,5,241,0,241,5,0,5,0,98.67864693,NoArch
0aec373400bd5306d75537c4a2edd31954bcd1d4,2,36,4,32,0,0,0,1,4,3557,1,2,0.970950594,199,1,1,20,16,4,702,575,127,12,10,2,1,100,NoArch
53001435a9908d1a59b506043f71fc237ab2cb04,1,2,3,1,0,0,0,1,2,278,1,1,0,44,97,0,3,3,0,113,113,0,3,3,0,0,100,NoArch
eb7f6f569ecd25fa85a53ea90c9d141c4eb9eb0b,0,0,0,0,0,0,0,0,0,0,0,0,0,0,98,1,0,0,0,0,0,0,0,0,0,0,100,NoArch
3436fe6da08ec255006c55da673d4983acfc1d6f,1,7,0,7,0,0,0,1,2,313,1,1,0,157,99,2,10,9,1,632,593,39,9,8,1,1,95.28143713,Arch
ea7eb0029660ad437c0c820e3d8f35a49ad81c1e,1,3,6,3,0,0,0,6,11,313,1,1,0,424,100,3,35,37,2,926,950,24,17,17,0,0,100,NoArch
09ebb5ca7f81525cb7da67f2fea29648dc9e3fbd,3,299,9,290,2,0,2,1,4,278,1,2,1.542013104,261,101,0,41,18,23,1868,666,1202,20,6,14,1,99.78012313,NoArch
8acc82ab4775b3af546e3bbde928f299be62dc23,2,32,10,22,0,0,0,3,5,664,2,2,0.973668065,1164,102,1,211,210,1,6310,6219,91,77,76,1,1,100,NoArch
3ebfd9595e1bc03a320e49b8a8d2c6941acaf6cf,3,56,5,51,2,0,2,1,2,194,1,2,1.320023576,138,0,0,17,13,4,805,514,291,17,13,4,1,99.89037492,NoArch
66e6b96ee3e5ce675654ff70a4a58b623e6ba87e,11,97,178,81,2,4,-2,1,3,289,1,6,2.921791489,849,103,0,70,71,1,3114,3463,349,65,66,1,1,98.86014906,NoArch
b12d70e60bcee29aa811f57525d21a787d42501c,1,12,4,8,0,0,0,3,7,583,1,1,0,231,104,1,19,18,1,1198,1160,38,13,13,0,1,100,NoArch
7a064fdf0ffd9e2e34b2c5b0cde337570c231d4a,2,37,1,36,0,0,0,2,2,8,1,2,0.998000884,23,0,0,1,1,0,109,109,0,1,1,0,0,100,NoArch
9b0bcd3f61a81e9f9bbf46432cb51dbe6caf9961,0,0,0,0,0,0,0,0,0,0,0,0,0,0,1,1,0,0,0,0,0,0,0,0,0,0,100,NoArch
47434364e53039d2b1a256644d978d32cb66f2b3,2,91,9,82,1,0,1,1,7,7,1,2,0.924818705,156,1,1,19,17,2,604,396,208,15,13,2,0,99.86873195,NoArch
de6200fc4683afdfb99316508b8cbf3676e32cdd,2,64,27,37,0,0,0,1,8,0,1,2,0.465502449,238,2,2,21,19,2,902,604,298,17,15,2,0,100,NoArch
b80b7677e193c79068f40b91d97b30b0ff5c9775,114,2534,1909,625,13,11,2,2,30,3096,9,69,5.778235406,19383,1,0,2067,1984,83,78535,74535,4000,1111,1056,55,0,91.81363517,Arch
ed6aff971609e93fa76042155b7473132419376e,1,1,1,0,0,0,0,3,7,51,1,1,0,127,4,0,6,6,0,185,186,1,3,3,0,0,100,NoArch
8123fd7121e52eb0c9fb54ca494f2bdfa849d3ff,0,0,0,0,0,0,0,0,0,0,0,0,0,0,59,3,0,0,0,0,0,0,0,0,0,0,100,NoArch
ac86d2d3d2ba674e3c04a498dabb51ffbc7ed136,0,0,0,0,0,0,0,0,0,0,0,0,0,0,60,4,0,0,0,0,0,0,0,0,0,0,100,NoArch
2b3e5830871a1dc2f832801a6bd6c05859b2ace0,1,1,1,0,0,0,0,4,8,10869,1,1,0,127,100,0,6,6,0,186,185,1,3,3,0,1,100,NoArch
7935aa8506cb68bb8ecde47e474e88e1d5c0cb0c,0,0,0,0,0,0,0,0,0,0,0,0,0,0,1,0,0,0,0,0,0,0,0,0,0,0,100,NoArch
12abf11a7ed3496227767291e0e03dd32b75f00a,0,0,0,0,0,0,0,0,0,0,0,0,0,0,61,5,0,0,0,0,0,0,0,0,0,1,100,NoArch
47dd4c1e140586889ca914c872f5282e68d22501,0,0,0,0,0,0,0,0,0,0,0,0,0,0,101,1,0,0,0,0,0,0,0,0,0,1,100,NoArch
83d8dacd273c8f6d70e6b1aa4f240d4f7a408c27,2,42,2,40,0,0,0,7,11,5514,1,2,0.945660305,538,100,0,34,33,1,2451,2253,198,17,16,1,1,100,NoArch
8bf147354fb70e12fcde2b69479cad9339d8508e,10,469,43,426,5,0,5,6,10,239,3,7,2.622269601,1235,0,0,134,92,42,6972,5353,1619,75,56,19,0,99.68437664,NoArch
29f6c0e2eb9052738d85f0f71f0583c5b97f5c99,10,4,869,865,0,5,-5,7,10,2497,4,7,2.259402167,1876,4,0,71,164,93,4506,8205,3699,51,84,33,0,99.68437664,NoArch
8b061f7999a4eb367e55ce857a3e5f65506f2c7c,3,444,5,439,0,0,0,7,11,4930,2,3,0.572208523,645,102,2,90,39,51,4525,2445,2080,36,22,14,1,100,NoArch
a92a79ca8f8f7bf4f6386d0b618f95041b1c092a,7,466,0,466,5,0,5,1,10,312,2,4,2.287379221,530,103,3,95,52,43,4534,2716,1818,56,36,20,1,99.68437664,NoArch
7c301e1aa5eb87d2e31b3e41367faf38c612fc29,5,0,641,641,0,5,-5,3,5,3825,1,1,1.931222027,641,39,0,0,66,66,0,1907,1907,0,42,42,1,90.56771141,Arch
99c55f65ddb70d7aa5b8f2d61051c0ccdb747ff7,0,0,0,0,0,0,0,0,0,0,0,0,0,0,104,4,0,0,0,0,0,0,0,0,0,1,100,NoArch
13806fc623aa64ab89b64821c1db55ee8e6468e9,2,3,402,399,0,0,0,8,12,1944,2,2,0.044942741,781,105,5,14,64,50,1771,3653,1882,13,26,13,1,100,NoArch
c77a857391a9c325ab2bac9da3fb06fe021af7dd,15,1045,511,534,5,5,0,6,10,1018,3,8,3.211143392,1681,4,0,207,135,72,8950,7220,1730,113,79,34,1,90.29673591,Arch
c3f3b317f2b6acb28ed06d149ca6d1ff7de32593,15,511,1045,534,5,5,0,8,12,2379,3,8,3.211143392,2215,106,6,135,211,76,7177,9033,1856,79,117,38,1,90.29673591,Arch
3887e5d2e6dc9c2cba7aefab20af1c6407454d16,15,1045,511,534,5,5,0,6,10,1018,3,8,3.211143392,1681,4,0,207,135,72,8950,7220,1730,113,79,34,1,90.29673591,Arch
6a4f7e23c09f4f95142c97ff5d7339412f2bc5a9,15,511,1045,534,5,5,0,8,12,2379,3,8,3.211143392,2215,107,7,135,211,76,7177,9033,1856,79,117,38,1,90.29673591,Arch
4c7eb2aee13e228ecf82c9177607438d5e1ead6a,1,2,6,4,0,0,0,8,13,3,1,1,0,275,8,4,7,8,1,1573,1579,6,7,7,0,1,100,NoArch
c46f235f47cdc0c04c31de625f4c0af502be5844,1,6,2,4,0,0,0,8,12,3,1,1,0,271,62,6,8,7,1,1579,1573,6,7,7,0,0,100,NoArch
fabae55bbe22a8c80c1ee820dbd0841de5349080,0,0,0,0,0,0,0,0,0,0,0,0,0,0,108,8,0,0,0,0,0,0,0,0,0,0,100,NoArch
e225c1084070043d2e1b3226349151e1b2461b9e,1,2,6,4,0,0,0,8,13,3,1,1,0,275,109,9,7,8,1,1573,1579,6,7,7,0,1,100,NoArch
3f339f34ed25e94ffcea401bdda9a0f38d284ebe,2,22,39,17,0,0,0,2,5,3368,1,2,0.60365225,481,9,5,35,34,1,1529,1689,160,14,13,1,1,99.76311337,NoArch
930380cf2f0200b7ab3842b4b4c9555b42634083,0,0,0,0,0,0,0,0,0,0,0,0,0,0,110,10,0,0,0,0,0,0,0,0,0,1,100,NoArch
98dbd5c9e5dbf192e8f54dd6d04a3e699e9fad32,1,1,0,1,0,0,0,3,4,347,1,1,0,110,10,6,6,6,0,161,154,7,2,2,0,1,100,NoArch
72c6b16c4edc0ebbbb41e64ba2fdec2595779eb6,0,0,0,0,0,0,0,0,0,0,0,0,0,0,111,11,0,0,0,0,0,0,0,0,0,1,100,NoArch
897f214c77ca88d7e623b5a51d51c8a207a71296,0,0,0,0,0,0,0,0,0,0,0,0,0,0,63,7,0,0,0,0,0,0,0,0,0,1,100,NoArch
7437d476a44641faf57975a22a9a02d06816fc45,0,0,0,0,0,0,0,0,0,0,0,0,0,0,63,4,0,0,0,0,0,0,0,0,0,1,100,NoArch
e36ffa8a2a7f4d15d896a90e4d7e5c0ea310376a,0,0,0,0,0,0,0,0,0,0,0,0,0,0,112,12,0,0,0,0,0,0,0,0,0,1,100,NoArch
1399c0d8acb191090cfe95899cdfeca0c23aff39,0,0,0,0,0,0,0,0,0,0,0,0,0,0,11,7,0,0,0,0,0,0,0,0,0,1,100,NoArch
227937f68612c07093f8700e8e940e2a641c41d7,0,0,0,0,0,0,0,0,0,0,0,0,0,0,113,13,0,0,0,0,0,0,0,0,0,1,100,NoArch
5d5e7865216787d71575e9e71ce2ea2ab5212cac,0,0,0,0,0,0,0,0,0,0,0,0,0,0,12,8,0,0,0,0,0,0,0,0,0,1,100,NoArch
fcd9dea8353adcae8fd0e9c408dd16a32b33ab2b,0,0,0,0,0,0,0,0,0,0,0,0,0,0,13,9,0,0,0,0,0,0,0,0,0,0,100,NoArch
ecb57e450231746cb2e202c23d747a653dde1233,0,0,0,0,0,0,0,0,0,0,0,0,0,0,15,11,0,0,0,0,0,0,0,0,0,1,100,NoArch
b178b232c9ec9c3d20f7445a59d87b12eb8b2ad5,2,2,1,1,0,0,0,2,3,4014,2,2,0.918295834,352,16,12,18,18,0,964,964,0,13,13,0,1,100,NoArch
5be3a505b686cc88a050515303a057755e920339,0,0,0,0,0,0,0,0,0,0,0,0,0,0,114,14,0,0,0,0,0,0,0,0,0,1,100,NoArch
ff0ffb72beaeb7ebca5ca44852dd7b96d2b4741f,0,0,0,0,0,0,0,0,0,0,0,0,0,0,64,5,0,0,0,0,0,0,0,0,0,0,100,NoArch
c4c05e73f696b52ddd19d9ce255c4a554e0f98aa,193,344,347,3,0,0,0,9,26,4621,11,73,7.222447541,35859,65,6,3578,3578,0,111293,110792,501,1822,1822,0,1,85.56457066,Arch
1f3846cca6e9d9dfedda8b23f2c99467c9e6bb59,193,347,344,3,0,0,0,8,25,1245,11,71,7.222447541,35856,115,15,3578,3578,0,110792,111293,501,1822,1822,0,1,85.56457066,Arch
323698ed6e22e417a5e86e367906cddb29932bbe,193,344,347,3,0,0,0,9,26,4621,11,73,7.222447541,35859,116,16,3578,3578,0,111293,110792,501,1822,1822,0,1,85.56457066,Arch
d9f7d57a38d745711cbcabdebc7980165a5f8247,0,0,0,0,0,0,0,0,0,0,0,0,0,0,17,13,0,0,0,0,0,0,0,0,0,1,100,NoArch
fef71881b8a67e1c5e5efd87f469b507532ca01a,0,0,0,0,0,0,0,0,0,0,0,0,0,0,18,14,0,0,0,0,0,0,0,0,0,1,100,NoArch
2548eb6a0f1e0bbb47801a01782ee08713e7e0b6,0,0,0,0,0,0,0,0,0,0,0,0,0,0,67,4,0,0,0,0,0,0,0,0,0,0,100,NoArch
8751ce1c31848efa96242099ba908bd110540246,0,0,0,0,0,0,0,0,0,0,0,0,0,0,68,4,0,0,0,0,0,0,0,0,0,0,100,NoArch
7b60edebd38b38f1644d251d1a068ded26d6d703,1,1,1,0,0,0,0,5,11,50,1,1,0,715,0,0,58,58,0,1320,1320,0,31,31,0,0,100,NoArch
2e297858be85ffe95b9d2066dd6287643b32b492,0,0,0,0,0,0,0,0,0,0,0,0,0,0,117,0,0,0,0,0,0,0,0,0,0,0,100,NoArch
ec3e6194afbc5313742086eb7816bd0894c6d920,0,0,0,0,0,0,0,0,0,0,0,0,0,0,69,0,0,0,0,0,0,0,0,0,0,1,100,NoArch
5efcca57e031e954fe9a9b9c8610b0f27f4d1900,1,8,3,5,0,0,0,1,2,102,1,1,0,1024,69,0,188,188,0,5308,5265,43,67,67,0,1,100,NoArch
bffaa33c9ec23188526d9078e3d5659ccd553a75,3,10,22,12,0,0,0,4,7,76,3,3,1.22611342,1629,0,0,260,262,2,7129,7208,79,97,97,0,1,100,NoArch
b8cd45c840f6657b06dc6fccfdf82cc8269e4d50,2,14,7,7,0,0,0,3,6,6577,2,2,0.453716339,593,69,0,74,72,2,1900,1864,36,30,30,0,1,100,NoArch
76d22f85871ccf67f6c266ab59018ce52b861f60,0,0,0,0,0,0,0,0,0,0,0,0,0,0,118,0,0,0,0,0,0,0,0,0,0,1,100,NoArch
062c8e383b8f657c0b6ff735018d85a2e74d4322,2,34,0,34,0,0,0,5,17,160,1,2,0.959686894,737,19,0,107,105,2,3722,3539,183,60,58,2,1,100,NoArch
8e3042fc9499a3fc1052de7b604a237c83a255b3,0,0,0,0,0,0,0,0,0,0,0,0,0,0,119,1,0,0,0,0,0,0,0,0,0,1,100,NoArch
2baa37d5221bc53e09f9eb3a267f098bf63aa47b,4,61,37,24,1,0,1,4,16,2214,2,4,1.696567863,1795,19,0,298,295,3,9017,8987,30,130,127,3,1,99.66078697,NoArch
c276617ac95335cc29a1ee6682ce74e64207ac6e,5,42,63,21,0,1,-1,1,17,193,3,5,1.936822674,1885,147,0,297,299,2,9196,9213,17,128,131,3,0,99.66078697,NoArch
d52b834c08306a7965e47f8fd6976a945956f5b1,0,0,0,0,0,0,0,0,0,0,0,0,0,0,120,2,0,0,0,0,0,0,0,0,0,1,100,NoArch
acef1457182968f4da47a96380ec22c59fa230ee,2,61,3,58,1,0,1,1,2,51,1,2,0.661976064,1024,121,3,193,188,5,5478,5265,213,72,67,5,1,99.66078697,NoArch
6c4e8f121c573737b0807892d1b02d59ac851c00,2,7,14,7,0,0,0,4,7,114,2,2,0.453716339,600,122,2,72,74,2,1864,1900,36,30,30,0,1,100,NoArch
270b9403b5ad2ea82c9c6a3cbe108d631be5efe3,3,13,12,1,0,0,0,2,18,531,1,2,1.163990458,554,0,0,74,74,0,2156,2156,0,43,43,0,0,100,NoArch
b294b3090c2a81c0158f42607db07a2812c247b7,0,0,0,0,0,0,0,0,0,0,0,0,0,0,123,3,0,0,0,0,0,0,0,0,0,1,100,NoArch
8f7ad79f0cdb53c29ed604bbbfd665edf673e1e8,0,0,0,0,0,0,0,0,0,0,0,0,0,0,71,0,0,0,0,0,0,0,0,0,0,1,100,NoArch
797881c9dd9e1b3a0c1ef2902c250fab0017bb5d,0,0,0,0,0,0,0,0,0,0,0,0,0,0,124,2,0,0,0,0,0,0,0,0,0,1,100,NoArch
864a2527b9e67a3e944588f1f52c41cab8f94266,0,0,0,0,0,0,0,0,0,0,0,0,0,0,72,1,0,0,0,0,0,0,0,0,0,1,100,NoArch
6253e6d2a9e035abf042f85c911be1e52eb54a2e,208,1552,1052,500,6,7,-1,7,25,1240,11,77,5.351714578,36679,0,0,3701,3636,65,115880,114703,1177,1893,1866,27,1,86.06240713,Arch
c0647f82782f5be8581c8b6467c10380a02e6cc8,208,1052,1552,500,7,6,1,9,26,4244,11,79,5.351714578,37179,125,2,3636,3705,69,114660,115963,1303,1866,1897,31,1,86.06240713,Arch
f394807576ef0ee4eb701af42dd924ef71274933,0,0,0,0,0,0,0,0,0,0,0,0,0,0,126,3,0,0,0,0,0,0,0,0,0,1,100,NoArch
f60cc630ed3e66337243800c9f9c60bcda93886e,208,1552,1052,500,6,7,-1,7,25,1240,11,77,5.351714578,36679,59,0,3701,3636,65,115880,114703,1177,1893,1866,27,1,86.06240713,Arch
5b13ddb22d135a2f256b442c6c56dea2486856a8,0,0,0,0,0,0,0,0,0,0,0,0,0,0,147,0,0,0,0,0,0,0,0,0,0,0,100,NoArch
1f2cdcdb29d879c9cd8e0bb8cab7a45ba0e9fbe0,0,0,0,0,0,0,0,0,0,0,0,0,0,0,148,1,0,0,0,0,0,0,0,0,0,0,100,NoArch
dc194fc977ab6cfbf3c1ecb085e2bac5db14af6d,16,477,13,464,2,0,2,1,13,3711,2,12,2.98014343,3148,149,2,307,265,42,14525,12065,2460,184,157,27,0,95.0229524,Arch
e2fcdf3753a9e1d37e8dbe89cd306d01f54fa712,0,0,0,0,0,0,0,0,0,0,0,0,0,0,150,3,0,0,0,0,0,0,0,0,0,0,100,NoArch
451acc6c192c1bc4f8c8d91e73f67e631af9a90d,0,0,0,0,0,0,0,0,0,0,0,0,0,0,151,4,0,0,0,0,0,0,0,0,0,0,100,NoArch
743474dbe65bdcb8e0011fe147efde2b38c2ac9a,217,1065,2029,964,7,8,-1,9,26,4152,11,83,5.568799051,38912,74,1,3716,3830,114,119935,123808,3873,1923,1984,61,0,85.78352181,Arch
6383cc66b1564efc7cedbcb3c9c238354f732fa4,0,0,0,0,0,0,0,0,0,0,0,0,0,0,127,2,0,0,0,0,0,0,0,0,0,0,100,NoArch
4d822e1ba6976b659eefee9cd248e908cda5b978,0,0,0,0,0,0,0,0,0,0,0,0,0,0,75,2,0,0,0,0,0,0,0,0,0,0,100,NoArch
638e639073d5a166b753a6623f9527170d7997d4,1,6,5,1,0,0,0,7,12,292,1,1,0,235,0,0,32,32,0,869,839,30,13,13,0,0,100,NoArch
a49382809b1ac58ae1579e04a9b186e16c7a71f2,3,120,7,113,1,0,1,1,11,950,2,3,1.15333297,523,0,0,79,75,4,2900,1934,966,32,29,3,1,99.86408427,NoArch
41d3f7a84d139b9fdcac810cbb0c8d93af5d4fab,0,0,0,0,0,0,0,0,0,0,0,0,0,0,128,3,0,0,0,0,0,0,0,0,0,1,100,NoArch
f6af26ccbbdabe14afe1db7f058f55db6a99459a,217,2029,1065,964,8,7,1,7,25,1393,11,81,5.568799051,37974,0,0,3824,3717,107,123769,120132,3637,1977,1923,54,1,85.74885722,Arch
44f23e53ecf1b313a89b2e4ea147764b8884ab45,0,0,0,0,0,0,0,0,0,0,0,0,0,0,60,0,0,0,0,0,0,0,0,0,0,0,100,NoArch
3411e9a746c17c8e34279dba7b7baeeca23a4bc9,208,1052,1552,500,7,6,1,9,26,4095,11,79,5.351714578,37331,148,0,3651,3720,69,115455,116758,1303,1873,1904,31,0,84.89740082,Arch
b0091dfef63288f957389bce42f5a8e85329a1aa,0,0,0,0,0,0,0,0,0,0,0,0,0,0,149,1,0,0,0,0,0,0,0,0,0,0,100,NoArch
52946ebf4eedbbe80891a69ad515c5991dd6698b,209,1560,1058,502,6,7,-1,7,25,1343,11,78,5.371147789,36919,5,0,3719,3654,65,117535,116340,1195,1903,1876,27,0,84.95623632,Arch
8590adce20ac0942a2bf27716af2058bc2cde574,214,1308,1579,271,11,6,5,9,26,3964,11,80,5.539511947,37421,0,0,3673,3723,50,116983,117618,635,1887,1907,20,1,84.6782988,Arch
d7d36a6daf0b1c3c848ec82adb41a7cc56c35e60,214,1567,1329,238,6,11,-5,7,25,1311,11,79,5.543356724,37150,6,1,3719,3673,46,117535,117008,527,1903,1887,16,0,84.6782988,Arch
4aa4e3eca17aa6524171c273c08157a0430ce688,211,1259,1562,303,8,6,2,9,26,4049,11,80,5.429794313,37497,129,2,3675,3728,53,117199,117749,550,1893,1910,17,1,84.85925116,Arch
dfda698e744226c446b1a09ba7c4c26afc5540d4,8,273,9,264,5,0,5,1,12,111,3,3,2.618065577,1315,21,0,134,115,19,3974,3288,686,70,59,11,1,99.47108604,NoArch
886569d38ba40ec8555b88084b4f2c4778ca7ab1,217,1577,1534,43,6,13,-7,7,25,1298,11,80,5.609566116,37522,0,0,3727,3697,30,117972,118180,208,1909,1907,2,1,84.5818578,Arch
ea680b427a9e4eabd9d795497372a6434e5a34c9,0,0,0,0,0,0,0,0,0,0,0,0,0,0,101,0,0,0,0,0,0,0,0,0,0,1,100,NoArch
df227aca34f851403bdbe8f810d3f7efc42cfb6b,216,1509,1581,72,12,6,6,9,26,3942,11,80,5.590935857,37497,0,0,3694,3728,34,117885,117749,136,1904,1910,6,1,84.5818578,Arch
c5e80757f67d4b5c3849f3e25b4bac470384e9c2,1,1,1,0,0,0,0,7,17,425,1,1,0,449,0,0,65,65,0,2134,2132,2,41,41,0,0,100,NoArch
f39530ea5476a31a1d5c3344419692d677bfc712,1,1,1,0,0,0,0,6,16,524,1,1,0,449,76,0,65,65,0,2132,2134,2,41,41,0,0,100,NoArch
3008045470f302530d3db61eb075e5539132fae6,0,0,0,0,0,0,0,0,0,0,0,0,0,0,130,0,0,0,0,0,0,0,0,0,0,0,100,NoArch
aa2acedcae790bf9f36b4eabff2fe91576336b3b,0,0,0,0,0,0,0,0,0,0,0,0,0,0,77,1,0,0,0,0,0,0,0,0,0,0,100,NoArch
be4f526cdb578363a280f2412d303e1f7ebf87b7,0,0,0,0,0,0,0,0,0,0,0,0,0,0,131,1,0,0,0,0,0,0,0,0,0,0,100,NoArch
e384ebaaa0a283cb3009435c37a25f0b452776eb,217,1641,1533,108,6,12,-6,7,25,1318,11,80,5.62918749,37486,152,0,3732,3697,35,118366,118176,190,1911,1906,5,0,84.47289567,Arch
b68739bf0ceeaa0282e665b59c0bf861cf1fab4a,216,1509,1581,72,12,6,6,9,26,3926,11,80,5.590935857,37566,150,0,3699,3733,34,118319,118183,136,1907,1913,6,0,84.5818578,Arch
c632a62f345ca56a1ea0284dc83b2c63ddaaa328,3,4,73,69,0,0,0,7,17,1442,3,3,0.5655143,732,150,0,76,81,5,3148,3580,432,49,52,3,1,99.85955056,NoArch
b9973cbf8346f6b04bf1f5197ad91215c9d4e2a5,216,1569,1530,39,6,12,-6,7,25,1308,11,79,5.594663722,37425,0,0,3724,3694,30,117668,117912,244,1906,1904,2,0,84.5818578,Arch
1ad362ad7193b41d097c11eff8b07683a161ba94,217,1581,1584,3,12,6,6,9,26,3907,11,81,5.625547892,37558,152,2,3702,3731,29,118587,118017,570,1909,1912,3,0,84.47289567,Arch
676240b7eebd11c7592c069f6426c65a7cb8138d,216,1569,1530,39,6,12,-6,7,25,1328,11,79,5.594663722,37494,153,1,3729,3699,30,118102,118346,244,1909,1907,2,0,84.5818578,Arch
9154b0ea43535a1952f156de4929da207335cced,219,1627,1584,43,13,6,7,9,26,3858,11,81,5.678647675,37836,22,0,3713,3744,31,119601,119069,532,1919,1923,4,1,87.70739065,Arch
48f8e01c53f8c75c16efb19c012e272b3ff83f48,217,1574,1535,39,6,12,-6,7,25,1318,11,80,5.60793492,37575,7,0,3731,3701,30,118401,118659,258,1910,1908,2,1,87.88163457,Arch
f819f3282e53cefa29c6da5ee91506fdffb72151,219,1518,1704,186,12,7,5,9,26,3904,11,81,5.68965414,37951,153,3,3710,3747,37,119235,119451,216,1917,1925,8,0,85.01645153,Arch
b5e753d362e20fef073589a55a66092de9eebf22,0,0,0,0,0,0,0,0,0,0,0,0,0,0,78,1,0,0,0,0,0,0,0,0,0,0,100,NoArch
441e736eaf25344f8f1612961bb5da3bf72b57c9,219,1692,1539,153,7,12,-5,7,25,1312,11,80,5.693122591,37765,154,2,3743,3710,33,119368,119260,108,1921,1917,4,1,85.01645153,Arch
82ebf5ccf6a4ef1d9fdc98a21e6f7ed4b55679bd,217,1520,1591,71,12,6,6,9,26,3896,11,81,5.615727203,37647,154,4,3701,3735,34,118664,118484,180,1908,1914,6,1,87.88163457,Arch
a61a1c460de8baf56fd94a630c73d3005ea342e1,0,0,0,0,0,0,0,0,0,0,0,0,0,0,132,1,0,0,0,0,0,0,0,0,0,0,100,NoArch
cacdb37baa6d38a4b5e56609aae6a3b13bf0cd08,217,1579,1541,38,6,12,-6,7,25,1318,11,80,5.61938661,37576,61,0,3731,3701,30,118401,118689,288,1910,1908,2,0,87.88163457,Arch
386c1033260720604a1ee6a5874fb37ef9c1826d,0,0,0,0,0,0,0,0,0,0,0,0,0,0,155,3,0,0,0,0,0,0,0,0,0,0,100,NoArch
0b370f5b327936a0c7922275c37341ed82f03642,0,0,0,0,0,0,0,0,0,0,0,0,0,0,156,4,0,0,0,0,0,0,0,0,0,0,100,NoArch
6acaaee9bb3a27927b599c37fabaeb7dd6109403,9,132,4,128,3,0,3,1,6,1802,2,4,2.560108991,778,157,5,58,52,6,3382,2955,427,57,51,6,0,94.4832245,Arch
a28300448ae6c4bb78a8ba626b0cacb00f82d5f8,3,88,7,81,1,0,1,1,11,263,1,3,1.016216839,814,158,6,121,111,10,2909,2611,298,56,49,7,1,99.94778068,NoArch
74d4cb6aee9aa1af4b098edc526a1e5630743f9b,2,2,2,0,0,0,0,3,7,2330,2,2,1,520,159,7,61,61,0,2363,2363,0,35,35,0,1,100,NoArch
243e8924420518348141644175fb3dbfe0335f47,1,82,2,80,0,0,0,4,6,10091,1,1,0,76,0,0,17,5,12,396,131,265,13,3,10,0,100,NoArch
434c86bd5d486710feddf79601fff35fec8e9378,2,91,9,82,1,0,1,1,7,0,1,2,0.924818705,156,1,1,19,17,2,604,396,208,15,13,2,0,99.86948577,NoArch
42f303f2eca6f75dcb00ef7170c9ea25e979dddd,2,64,27,37,0,0,0,1,8,0,1,2,0.465502449,238,2,2,21,19,2,902,604,298,17,15,2,0,100,NoArch
be1144dede3bf1b8b221285a23222faa523bf318,0,0,0,0,0,0,0,0,0,0,0,0,0,0,62,1,0,0,0,0,0,0,0,0,0,0,100,NoArch
3bd10d35fa0b11db50edceb2b2566d478879a0e8,0,0,0,0,0,0,0,0,0,0,0,0,0,0,63,2,0,0,0,0,0,0,0,0,0,0,100,NoArch
fc4ceec1ab52cd4f0f0d2d8cf7d7945606969a50,226,1330,1809,479,11,10,1,9,26,3745,11,85,5.747127668,38940,40,0,3798,3867,69,122506,123990,1484,1975,2011,36,0,88.12397148,Arch
16fc47ae44e330297ed24f080a20d211c2666667,8,131,3,128,3,0,3,1,6,2032,2,4,2.486088267,705,155,0,56,50,6,3119,2697,422,55,49,6,0,99.79821274,NoArch
042c59356cc6442345a9f935aed3e7603cb4dfad,3,88,7,81,1,0,1,1,12,252,1,3,1.016216839,814,156,1,121,111,10,2913,2613,300,56,49,7,1,99.94249569,NoArch
5b1add9a4c4ed046b52cf2132ed0f264a22caf1d,2,2,2,0,0,0,0,3,7,2353,2,2,1,520,157,2,61,61,0,2363,2363,0,35,35,0,1,100,NoArch
1b9d8d99cd6d50d7114916508a13677a0fe6f345,0,0,0,0,0,0,0,0,0,0,0,0,0,0,0,0,0,0,0,0,0,0,0,0,0,0,100,NoArch
dbe2a25118c90a5e8b535a55fea6b0d881aa7ca3,0,0,0,0,0,0,0,0,0,0,0,0,0,0,133,0,0,0,0,0,0,0,0,0,0,0,100,NoArch
0948f6f2911cd6279b04c67ea9c5d6c90e26499d,0,0,0,0,0,0,0,0,0,0,0,0,0,0,41,1,0,0,0,0,0,0,0,0,0,0,100,NoArch
04a5eeed333ab19aa9765580373970d145a5a7df,0,0,0,0,0,0,0,0,0,0,0,0,0,0,134,1,0,0,0,0,0,0,0,0,0,0,100,NoArch
bd152bac39bdb0255f62a96005d5bc787d82c413,0,0,0,0,0,0,0,0,0,0,0,0,0,0,158,3,0,0,0,0,0,0,0,0,0,0,100,NoArch
9a2de1649f72ecacdaabfd43f3ab9f89ae2d1f98,0,0,0,0,0,0,0,0,0,0,0,0,0,0,159,4,0,0,0,0,0,0,0,0,0,0,100,NoArch
c0ff831eec9c1fd9674f1076b578104c249c2558,0,0,0,0,0,0,0,0,0,0,0,0,0,0,135,2,0,0,0,0,0,0,0,0,0,1,100,NoArch
1fce97d052d593316ae6f6ccc59b5c9ec8194913,19,25,418,393,0,5,-5,0,16,1320,6,14,3.660568421,3313,0,0,322,346,24,11304,12882,1578,184,202,18,0,90.77117573,Arch
a65d12a17d3a6094ef3e07594f95bed0996e1f36,19,418,25,393,5,0,5,1,18,1242,6,14,3.660568421,2920,136,3,346,322,24,12882,11304,1578,202,184,18,0,90.77117573,Arch
a2365b3cc4a47be291d226bc95ce8574fd7e5c94,19,25,418,393,0,5,-5,0,16,1292,6,14,3.660568421,3313,150,0,322,346,24,11304,12882,1578,184,202,18,0,90.77117573,Arch
0e5a4428bcaa0a4c03680f5faad5a4c897379497,18,418,24,394,5,0,5,1,18,1310,5,13,3.645700412,2834,161,6,340,316,24,12616,11032,1584,200,182,18,0,90.77117573,Arch
5f367c334bce6dc4d7b8525630a43e726f1dd28e,216,1577,1341,236,6,11,-5,7,25,1317,11,80,5.573125149,37438,0,0,3750,3704,46,118811,118331,480,1920,1904,16,0,88.34473324,Arch
c539537ab90f56fdb38066e7177184b189106015,0,0,0,0,0,0,0,0,0,0,0,0,0,0,160,0,0,0,0,0,0,0,0,0,0,0,100,NoArch
72f6076c2c454a94a59fc4977e7ca15058654616,0,0,0,0,0,0,0,0,0,0,0,0,0,0,161,1,0,0,0,0,0,0,0,0,0,0,100,NoArch
41436c8c010715162b42020550ea3c435bb8fcc2,3,119,41,78,2,0,2,2,2,1320,1,3,1.579407107,129,8,0,10,4,6,889,709,180,8,3,5,0,95.63549161,Arch
e35a6694c8f428b71185800b4740eafd9fd7174f,0,0,0,0,0,0,0,0,0,0,0,0,0,0,102,0,0,0,0,0,0,0,0,0,0,0,100,NoArch
c57fed9697d56765d5f06aee982211d881a3d9a8,219,1329,1673,344,11,8,3,9,26,3866,11,84,5.634545915,37838,0,0,3706,3762,56,118527,119271,744,1906,1931,25,0,88.76095119,Arch
d06d923642d9a6090256df64fcd705ac33c08d47,1,1,4,3,0,0,0,1,1,0,1,1,0,56,23,0,2,2,0,197,221,24,2,2,0,0,100,NoArch
1f519815c10ac468cf2877d0a18532f9755f587b,0,0,0,0,0,0,0,0,0,0,0,0,0,0,42,0,0,0,0,0,0,0,0,0,0,0,100,NoArch
bb982449c4ce1410d8803e0ede4675732510dd0f,0,0,0,0,0,0,0,0,0,0,0,0,0,0,24,1,0,0,0,0,0,0,0,0,0,0,100,NoArch
b362df34c49cb47d4100e12bd2caf09d3a98ed8e,0,0,0,0,0,0,0,0,0,0,0,0,0,0,25,2,0,0,0,0,0,0,0,0,0,0,100,NoArch
94eccd02cdddd3d2c93583250d39f4bcc5c9c343,0,0,0,0,0,0,0,0,0,0,0,0,0,0,137,0,0,0,0,0,0,0,0,0,0,0,100,NoArch
ab0fede055ce1e62d3b6da37df607487739b3424,0,0,0,0,0,0,0,0,0,0,0,0,0,0,138,1,0,0,0,0,0,0,0,0,0,0,100,NoArch
2b4796d7fbf08dbfeaa5f1f4ab3299c9a1694e78,0,0,0,0,0,0,0,0,0,0,0,0,0,0,26,3,0,0,0,0,0,0,0,0,0,0,100,NoArch
40c959f9c1a04309d9075d2c91759f61f1a0c64a,0,0,0,0,0,0,0,0,0,0,0,0,0,0,27,4,0,0,0,0,0,0,0,0,0,0,100,NoArch
eca1f2ac5f08efc6e2c2ed799a470bc0c92c1e9f,2,45,41,4,0,0,0,2,6,735,2,2,0.933025295,233,28,4,10,10,0,1351,1249,102,9,9,0,0,100,NoArch
cf2d085d30d5d2035617fa9b6aa945ee5de4ebe0,0,0,0,0,0,0,0,0,0,0,0,0,0,0,29,5,0,0,0,0,0,0,0,0,0,0,100,NoArch
cc1933a7ff11e8206b076e2ed125f301be9a0095,0,0,0,0,0,0,0,0,0,0,0,0,0,0,30,6,0,0,0,0,0,0,0,0,0,0,100,NoArch
c2ae6ea265b9ca9456f34b2b04fe9cc3370aa40a,0,0,0,0,0,0,0,0,0,0,0,0,0,0,31,7,0,0,0,0,0,0,0,0,0,0,100,NoArch
abc21915c86e2037c37e773cff3b95feabbaf420,0,0,0,0,0,0,0,0,0,0,0,0,0,0,32,6,0,0,0,0,0,0,0,0,0,0,100,NoArch
ab1ea4a2006f6bd6a2b5f72740b7135662f8f160,220,2257,1427,830,10,11,-1,7,25,1374,11,83,5.657979302,37442,162,0,3772,3704,68,122740,118433,4307,1942,1904,38,0,88.93044129,Arch
61963a8c60a986767e3ff3359b9041121083dec1,223,1420,2332,912,11,10,1,9,26,3778,11,85,5.725148905,38699,33,7,3723,3799,76,119840,124381,4541,1925,1969,44,1,88.93044129,Arch
1b54391b4539165372c0b18ebc1f5e2b75d66244,0,0,0,0,0,0,0,0,0,0,0,0,0,0,34,8,0,0,0,0,0,0,0,0,0,1,100,NoArch
eafbfa6c299e12b50709146ec9c3ff16f020966a,5,64,15,49,0,0,0,3,5,5851,1,2,2.292099688,1210,33,5,106,102,4,3368,3242,126,63,61,2,0,100,NoArch
555fe06af34caed382c60255dea90cc2ce4b90b5,5,15,64,49,0,0,0,4,6,1967,1,2,2.292099688,1259,36,8,102,106,4,3242,3368,126,61,63,2,0,100,NoArch
1b0ff3e4434a33406e7198485e9b4009e966a5e7,5,137,156,19,0,0,0,3,14,7322,2,3,1.470051986,663,37,9,32,32,0,3032,2966,66,26,26,0,1,100,NoArch
e5d8134d9457c87e63f97b441255012686a3056f,4,143,151,8,0,0,0,2,10,4768,1,4,1.738842074,600,38,10,32,30,2,3103,2965,138,27,27,0,1,100,NoArch
40bac06d2fd41d7a9e9e0409753b5a409972150c,229,2630,1724,906,10,11,-1,1,25,1402,11,87,5.85268775,38345,9,0,3821,3751,70,126760,122531,4229,1988,1948,40,0,88.93044129,Arch
11ab6fc297cd0366cb9bc1af31085ba617cc1d35,0,0,0,0,0,0,0,0,0,0,0,0,0,0,10,1,0,0,0,0,0,0,0,0,0,0,100,NoArch
0146e013e760a4132b44d1f525f2704f6851d56a,231,1778,2689,911,11,10,1,2,26,3766,11,89,5.893445074,39473,39,8,3756,3830,74,123357,127519,4162,1953,1997,44,1,88.93044129,Arch
0842c27fa72d0da5de0c5723a66d402fe20903df,13,638,147,491,2,0,2,7,11,3946,2,10,2.703548389,1902,162,0,195,179,16,11555,7977,3578,89,72,17,0,99.79913917,NoArch
869f87a79a0d4eec3b90c59d5ad35347af88d3a7,7,94,66,28,0,0,0,3,8,3091,2,4,2.216046685,775,40,9,35,35,0,3847,3672,175,34,34,0,1,100,NoArch
a85dfcd8629294cd1c6bc3cdd34cbebb94e09662,0,0,0,0,0,0,0,0,0,0,0,0,0,0,79,0,0,0,0,0,0,0,0,0,0,0,100,NoArch
4e9ffaac4c0a44b81ba52e8c0cae403e0dc7380a,229,2113,1754,359,8,11,-3,1,25,1411,11,87,5.900007856,38601,11,0,3811,3757,54,123894,123593,301,1978,1955,23,0,89.0687251,Arch
4becdd9af935190ea9dbce7c013a9262e5383b38,0,0,0,0,0,0,0,0,0,0,0,0,0,0,64,0,0,0,0,0,0,0,0,0,0,0,100,NoArch
00591e4e073f84cc50f49aa25bde555dfb3a7f5e,229,1733,2125,392,11,8,3,2,26,3761,11,88,5.897547958,38993,80,1,3758,3815,57,123578,123977,399,1955,1982,27,1,89.0687251,Arch
c97eac5360e82c541bc4a2ab2113c2381bad6d68,2,2,2,0,0,0,0,5,6,533,2,2,1,878,0,0,150,151,1,3544,3558,14,75,75,0,0,100,NoArch
0f72d5e47c2c09e16547964d9c90fd2a3adc83ae,2,5,4,1,0,0,0,4,13,2442,2,2,0.764204507,406,0,0,61,61,0,1605,1597,8,28,28,0,0,100,NoArch
0332ad1b92adaabf589c857e53fc0cfc6629a164,1,3,4,1,0,0,0,7,12,292,1,1,0,237,41,0,32,32,0,869,873,4,13,13,0,0,100,NoArch
d30fb5ea271b3aebf1d1ca933fcde5b2b0121591,0,0,0,0,0,0,0,0,0,0,0,0,0,0,42,1,0,0,0,0,0,0,0,0,0,0,100,NoArch
70589941bcd447fde18c039d0d72bba75389871c,1,4,3,1,0,0,0,8,13,670,1,1,0,236,163,0,32,32,0,873,869,4,13,13,0,0,100,NoArch
ac009702d1e8d6a52ec23ba2a7414f87924a6f6f,4,6,0,6,0,0,0,1,1,0,1,2,1.584962501,353,164,1,26,26,0,1499,1427,72,26,26,0,0,97.97605473,Arch
d1d6f3ea3627a3255f60a82670db0f733b55ad74,5,1,7,6,0,0,0,2,7,1132,2,3,2,1067,139,0,148,147,1,4253,4315,62,86,86,0,1,97.97605473,Arch
6439f97469ceb75958439ef9029ec7332a5d1d19,229,2116,1758,358,8,11,-3,1,25,1413,11,87,5.903594354,38602,65,0,3812,3758,54,123904,123607,297,1978,1955,23,1,89.0687251,Arch
49bf4d489571fdaa9d0af99214f865e346d0d19c,0,0,0,0,0,0,0,0,0,0,0,0,0,0,0,0,0,0,0,0,0,0,0,0,0,0,100,NoArch
13697c08598167bbdc5a3acc1a1919a8be410a2e,229,1736,2127,391,11,8,3,2,26,3762,11,88,5.899224252,38993,0,0,3758,3816,58,123582,123987,405,1955,1982,27,0,89.0687251,Arch
3f4a1cebde7b60fa6c132eb0a6e0516277020fc9,0,0,0,0,0,0,0,0,0,0,0,0,0,0,1,1,0,0,0,0,0,0,0,0,0,1,100,NoArch
cc13903fe1ba2fa6caee0209256312c06c2e7b7d,0,0,0,0,0,0,0,0,0,0,0,0,0,0,140,1,0,0,0,0,0,0,0,0,0,1,100,NoArch
5cddd741749f6a018ba6ce8947cb3022ac842408,229,2116,1758,358,8,11,-3,1,25,1413,11,87,5.903594354,38602,1,1,3812,3758,54,123904,123607,297,1978,1955,23,1,89.0687251,Arch
df81077726b407f905ba16a9f57ba731b7736375,229,1737,2128,391,11,8,3,2,26,3748,11,88,5.901531807,38993,141,2,3758,3816,58,123578,123987,409,1955,1982,27,0,89.0687251,Arch
de50cfb90ea80a6ab2ad802aaf4ec5a299abcd84,1,1,1,0,0,0,0,3,3,9197,1,1,0,118,164,1,10,10,0,438,438,0,1,1,0,0,100,NoArch
48ff4cc66638633f8fae7a2fd30718f03d831713,1,1,1,0,0,0,0,2,2,517,1,1,0,118,2,2,10,10,0,438,438,0,1,1,0,0,100,NoArch
9e68eb488644f4a8ee72c4ec736d257a66e5cc5d,0,0,0,0,0,0,0,0,0,0,0,0,0,0,142,3,0,0,0,0,0,0,0,0,0,0,100,NoArch
7c5a0d7df53cd3ac6e5c4c642eafb1a679779ec2,229,2117,1759,358,8,11,-3,1,25,1413,11,87,5.905895222,38602,163,0,3812,3758,54,123904,123603,301,1978,1955,23,0,89.0687251,Arch
d690823b4fe85ecbe67f20677ad39d4492a8ffbd,0,0,0,0,0,0,0,0,0,0,0,0,0,0,164,1,0,0,0,0,0,0,0,0,0,0,100,NoArch
9871caccac9b7bb6f17c55af0ffdeda83c6b3fb7,0,0,0,0,0,0,0,0,0,0,0,0,0,0,165,2,0,0,0,0,0,0,0,0,0,0,100,NoArch
7877c37f08bc9f7beaf732d4bce479cf4c4bc884,0,0,0,0,0,0,0,0,0,0,0,0,0,0,166,3,0,0,0,0,0,0,0,0,0,0,100,NoArch
b49d64a1593015a2b3f5d157c8645adc45646271,0,0,0,0,0,0,0,0,0,0,0,0,0,0,167,4,0,0,0,0,0,0,0,0,0,0,100,NoArch
06da4a757f8e50eb30efd4808b86d00327b474e0,1,4,0,4,0,0,0,3,4,1428,1,1,0,110,168,5,6,6,0,161,154,7,2,2,0,0,100,NoArch
b219f36312498dedc1843a9dcd13cf1ed9f1fb15,0,0,0,0,0,0,0,0,0,0,0,0,0,0,169,6,0,0,0,0,0,0,0,0,0,0,100,NoArch
4d9a71461a2d5ce521de6e404092619415b95cdb,0,0,0,0,0,0,0,0,0,0,0,0,0,0,170,6,0,0,0,0,0,0,0,0,0,0,100,NoArch
efa56541b2849066bce997723caded8c83aaf1c6,0,0,0,0,0,0,0,0,0,0,0,0,0,0,171,7,0,0,0,0,0,0,0,0,0,0,100,NoArch
bb4da53c2a2e90b1b73789e87e9479d70baa01a4,229,1736,2131,395,11,8,3,2,26,3748,11,88,5.903616324,38997,164,0,3758,3816,58,123578,123994,416,1955,1982,27,0,89.0687251,Arch
bc7fa3392a767e2a39d52f9fd75cc1fec36f72f8,1,3,0,3,0,0,0,2,2,1077,1,1,0,111,165,1,6,6,0,163,163,0,2,2,0,0,100,NoArch
2588375ff9869dd25d269cdae6df626378924dad,0,0,0,0,0,0,0,0,0,0,0,0,0,0,166,2,0,0,0,0,0,0,0,0,0,0,100,NoArch
4cebebbd7892ab160c2b6f0ca0b27a1e8c1548d2,0,0,0,0,0,0,0,0,0,0,0,0,0,0,167,3,0,0,0,0,0,0,0,0,0,0,100,NoArch
e3f87cdc9922d1318d069cd41d0c7b7bbb8b2f1c,229,2117,1758,359,8,11,-3,1,25,1419,11,87,5.904681782,38605,172,8,3812,3758,54,123911,123603,308,1978,1955,23,0,89.0687251,Arch
d9426f52056e6e3a7661bf6170bda6c0ddc71ea3,0,0,0,0,0,0,0,0,0,0,0,0,0,0,173,9,0,0,0,0,0,0,0,0,0,0,100,NoArch
4a621615675ba0de9a1b8d50d252c37f73c16490,0,0,0,0,0,0,0,0,0,0,0,0,0,0,174,10,0,0,0,0,0,0,0,0,0,0,100,NoArch
d1c248ba72e58301ce06f0e5df471b0854b3aef1,0,0,0,0,0,0,0,0,0,0,0,0,0,0,175,11,0,0,0,0,0,0,0,0,0,0,100,NoArch
c6e6ca7c48c7f0de1e5e8ac9bed3c4b24e29df74,251,4072,3129,943,22,16,6,2,26,3488,11,91,6.309225253,39553,43,0,3893,3853,40,131533,125176,6357,2037,2007,30,1,87.76215149,Arch
d84faf8b1609571893a398ad3a5560e204340879,1,2,8,6,0,0,0,1,2,0,1,1,0,143,44,1,7,8,1,323,355,32,4,4,0,1,100,NoArch
29dcaad78f9e77e1b4814f922d2f23e291d3c8e8,2,42,20,22,0,0,0,1,2,0,1,1,0.823811633,556,45,2,55,55,0,2655,2645,10,35,35,0,1,100,NoArch
a9f646d6581601c6dec8dfbf777d4e6270d45559,251,3037,4149,1112,14,22,-8,1,25,1317,11,90,6.297500245,40513,176,12,3847,3892,45,125020,131579,6559,2001,2037,36,0,87.76215149,Arch
eb8662d91fb5bfe49605d9815f5cd113c830fcf4,251,4088,3129,959,22,14,8,2,26,3488,11,91,6.303691227,39434,46,3,3892,3853,39,131511,125176,6335,2037,2007,30,1,87.76215149,Arch
358397b391b3a6494919a7e7fb13bc3c30fa3b48,251,3037,4149,1112,14,22,-8,1,25,1317,11,90,6.297500245,40513,12,0,3847,3892,45,125020,131579,6559,2001,2037,36,0,87.76215149,Arch
ce743aa7bf9604e559b410d3fe33884010bbe680,4,6,0,6,0,0,0,1,1,0,1,2,1.584962501,353,177,13,26,26,0,1499,1427,72,26,26,0,0,99.40854326,NoArch
9f8e5c6a5a7fc32b052b495c20b0fada0629f157,0,0,0,0,0,0,0,0,0,0,0,0,0,0,178,14,0,0,0,0,0,0,0,0,0,0,100,NoArch
5354e1ab31dfdbbe4f2910b7cf300d873d9cda8b,234,1737,2135,398,11,8,3,2,26,3711,11,91,5.91366144,39474,169,4,3794,3852,58,125443,125931,488,1982,2009,27,0,88.56152513,Arch
de3df8699f3dc6d076493c02cd832e0052d05c8b,1,2,2,0,0,0,0,2,2,1111,1,1,0,76,0,0,3,3,0,154,154,0,3,3,0,0,100,NoArch
21d7562856528bcea7f081276e6a2232a4458e9d,1,1,1,0,0,0,0,2,3,1,1,1,0,76,1,1,3,3,0,154,154,0,3,3,0,0,100,NoArch
020813003ad44bbef4cd02defbae171cd47a96e3,2,6,3,3,0,0,0,2,2,2279,2,2,0.99107606,129,143,0,5,5,0,375,351,24,5,5,0,1,100,NoArch
2e9cddc806bdb0617071cea1c88fa92d02e3c9b5,43,2369,1018,1351,11,6,5,1,14,3070,4,12,4.76102929,5535,47,4,667,568,99,22580,15756,6824,313,254,59,1,98.12872129,NoArch
132720ed585e40493982b2e7ada14de034a67097,3,64,14,50,1,0,1,1,2,1675,1,1,1.275706571,109,48,5,5,3,2,405,229,176,3,2,1,1,99.6912714,NoArch
3eb264217a706c74c0d66ddce396c924ff65b1c7,3,14,64,50,0,1,-1,0,1,0,1,1,1.275706571,159,48,5,3,5,2,229,405,176,2,3,1,1,99.6912714,NoArch
cfea5a85b0d125b9b18ab53361620e875ed0a41e,0,0,0,0,0,0,0,0,0,0,0,0,0,0,49,6,0,0,0,0,0,0,0,0,0,1,100,NoArch
a949178ea811ac31b268ab786c8a5e71e16b225d,3,64,14,50,1,0,1,1,2,1675,1,1,1.275706571,109,51,8,5,3,2,405,229,176,3,2,1,1,99.6912714,NoArch
215ba012f2d161ba15852860b25c56dea6c0c017,3,0,172,172,0,3,-3,2,3,3810,1,2,1.551730526,172,52,5,0,8,8,0,572,572,0,8,8,1,99.60607766,NoArch
e2df3fa075fd51d8689616a8f2008e2714e3b474,0,0,0,0,0,0,0,0,0,0,0,0,0,0,53,6,0,0,0,0,0,0,0,0,0,1,100,NoArch
ba4c31857afc08d4da75a2b566e1bec4f6a85388,0,0,0,0,0,0,0,0,0,0,0,0,0,0,54,7,0,0,0,0,0,0,0,0,0,1,100,NoArch
671f40ff85ad7b9c9911844c741674d7a9c09225,0,0,0,0,0,0,0,0,0,0,0,0,0,0,55,8,0,0,0,0,0,0,0,0,0,1,100,NoArch
1447e4329e786739863035dc1ed8480b73143f3b,263,3231,4218,987,17,23,-6,1,25,1261,11,97,6.388592547,41199,179,2,3896,3937,41,127955,134185,6230,2040,2071,31,0,86.84534055,Arch
5682cf6c511ea48e4f3054eb64a46c1f82b7b95f,259,4157,3317,840,23,17,6,2,26,3508,11,96,6.388850317,39886,171,1,3909,3876,33,132575,126612,5963,2043,2020,23,0,87.26738492,Arch
1c97815737fee587729b1d3827814f3f58d2b6ec,1,2,2,0,0,0,0,2,3,1,1,1,0,76,172,2,3,3,0,154,154,0,3,3,0,1,100,NoArch
a5da6e891233d0c470a0fe0699ceb42a7a6deab5,0,0,0,0,0,0,0,0,0,0,0,0,0,0,56,0,0,0,0,0,0,0,0,0,0,0,100,NoArch
fd4ca8646749df6b0907615dd1c6158a0aa7d4fe,0,0,0,0,0,0,0,0,0,0,0,0,0,0,0,0,0,0,0,0,0,0,0,0,0,0,100,NoArch
69132cd691ed1b1d5e799747cd323e060f5eef53,0,0,0,0,0,0,0,0,0,0,0,0,0,0,57,1,0,0,0,0,0,0,0,0,0,0,100,NoArch
2a747d675272625863cce5c26ec955b95454f72e,0,0,0,0,0,0,0,0,0,0,0,0,0,0,173,0,0,0,0,0,0,0,0,0,0,0,100,NoArch
125ae48abf3c7c8cb471e60dd785d3d7fad59e7a,1,1,1,0,0,0,0,7,9,466,1,1,0,175,0,0,19,19,0,527,527,0,10,10,0,0,100,NoArch
367c3d5cc0bc18eefcc4358930b82978c877f06b,1,40,0,40,0,0,0,7,12,466,1,1,0,258,173,0,16,14,2,1668,1452,216,16,14,2,1,100,NoArch
4a20bf0e995909d8fda58f9c0485ea9eb2d43f0e,259,3239,4232,993,17,23,-6,1,25,1280,11,95,6.383117515,40886,0,0,3872,3911,39,126654,132859,6205,2016,2045,29,1,87.26738492,Arch
264136ef9b2b392239e1d36f5f78a0bef17b7ecb,259,4160,3360,800,23,17,6,2,26,3508,11,96,6.387865481,39926,58,0,3909,3878,31,132575,126810,5765,2043,2022,21,0,87.26738492,Arch
4ed0c80567c22f6b543007c222132c39693807a9,259,3268,4221,953,17,23,-6,1,25,1280,11,95,6.38202729,40846,13,0,3872,3909,37,126654,132643,5989,2016,2043,27,1,87.26738492,Arch
2b2bdb12ab69feb6db44478a692e7fef497ba6c6,259,4171,3331,840,23,17,6,2,26,3507,11,96,6.388950893,39926,58,0,3911,3878,33,132791,126810,5981,2045,2022,23,1,87.26738492,Arch
a7c545692eb12460325b8481b0d95487cf4d0aba,0,0,0,0,0,0,0,0,0,0,0,0,0,0,174,1,0,0,0,0,0,0,0,0,0,0,100,NoArch
bdc7f4598b50a78a88403575032cc174d4590962,0,0,0,0,0,0,0,0,0,0,0,0,0,0,175,2,0,0,0,0,0,0,0,0,0,0,100,NoArch
2eb7da42682acdd0f4d810286924b3c8f7a75033,0,0,0,0,0,0,0,0,0,0,0,0,0,0,3,0,0,0,0,0,0,0,0,0,0,0,100,NoArch
92c937fa57107b3e372a092f0636550a5cdd2180,0,0,0,0,0,0,0,0,0,0,0,0,0,0,0,0,0,0,0,0,0,0,0,0,0,0,100,NoArch
e4259087bada054bb7d52ec673ea3548c40b5895,0,0,0,0,0,0,0,0,0,0,0,0,0,0,144,0,0,0,0,0,0,0,0,0,0,0,100,NoArch
0554a2d36d925d969f2076b1f0833539051669b9,0,0,0,0,0,0,0,0,0,0,0,0,0,0,145,1,0,0,0,0,0,0,0,0,0,0,100,NoArch
4c8586b20491799327fbf11adbff6fc3f3de450b,0,0,0,0,0,0,0,0,0,0,0,0,0,0,59,0,0,0,0,0,0,0,0,0,0,0,100,NoArch
0daec0229c3d76badccbb8452ae8e64749bc301d,0,0,0,0,0,0,0,0,0,0,0,0,0,0,61,1,0,0,0,0,0,0,0,0,0,0,100,NoArch
140b786b1af3c258d61374ec0c52d4e25de44c35,3,7,421,414,0,1,-1,3,7,2144,1,2,1.11411759,649,59,0,15,56,41,515,1670,1155,10,32,22,1,99.8041958,NoArch
92a04d6415d4d0e93f125d5dd6a1ac359fa06103,0,0,0,0,0,0,0,0,0,0,0,0,0,0,63,3,0,0,0,0,0,0,0,0,0,1,100,NoArch
897cd3112c3ef6209e30a3901c5455eb004c227a,107,178,178,0,0,0,0,3,31,4780,10,61,6.408714243,23037,0,0,1893,1893,0,66801,66801,0,983,983,0,1,100,NoArch
67b05d2d672c1a5267b7d09d81ae57273a9d79a8,326,3818,4447,629,19,23,-4,1,30,1352,11,121,6.596068857,50288,0,0,4572,4572,0,157483,162806,5323,2414,2423,9,1,86.83431953,Arch
0c0d9da2d81a4b24de6e02bc1c8a2ad1b5ef32d7,326,4386,3910,476,23,19,4,3,31,3910,11,122,6.601091607,49692,146,1,4572,4578,6,162738,157639,5099,2423,2420,3,1,86.83431953,Arch
3077275d227a45a606aecc77d28007d339c57cb6,1,7,3,4,0,0,0,4,8,845,1,1,0,331,64,2,53,48,5,1648,1595,53,23,23,0,1,100,NoArch
41fb3acb11da68b42b977134fbf35a2a03901b64,0,0,0,0,0,0,0,0,0,0,0,0,0,0,65,1,0,0,0,0,0,0,0,0,0,1,100,NoArch
b298f711fb702f99f785cfcf4fae78834d0d6bf9,322,3825,4404,579,19,23,-4,1,30,1384,11,119,6.587846441,49929,14,0,4548,4546,2,156257,161307,5050,2390,2397,7,1,87.2517774,Arch
29056fcc333504b7781a1bd8353e1f264f6b1d40,328,4355,3917,438,23,19,4,3,31,4033,11,122,6.602854012,49699,177,0,4546,4554,8,161771,156879,4892,2397,2396,1,1,87.2517774,Arch
55deabc919bb02fc9f09e5f9930b80142be4a5fe,0,0,0,0,0,0,0,0,0,0,0,0,0,0,66,2,0,0,0,0,0,0,0,0,0,1,100,NoArch
e1b7802ecc0f0c34d9ee766a19705926a8264e23,322,3825,4404,579,19,23,-4,1,30,1384,11,119,6.587846441,49929,180,0,4548,4546,2,156257,161307,5050,2390,2397,7,1,87.2517774,Arch
a86c51a11c1b6df6b097e312f5709924479edccc,0,0,0,0,0,0,0,0,0,0,0,0,0,0,15,1,0,0,0,0,0,0,0,0,0,0,100,NoArch
1b74f796f463f322e8f7cdf836b64bbdde6373cd,0,0,0,0,0,0,0,0,0,0,0,0,0,0,16,2,0,0,0,0,0,0,0,0,0,0,100,NoArch
3f6d1123319227a3e1b523ca68a1130ef01e96fc,322,4343,3917,426,23,19,4,3,31,3963,11,120,6.592898349,49383,0,0,4546,4554,8,161239,156413,4826,2397,2396,1,0,87.2517774,Arch
17ba345267c0b6e09e77d2d44670e9a03d261adb,0,0,0,0,0,0,0,0,0,0,0,0,0,0,67,0,0,0,0,0,0,0,0,0,0,1,100,NoArch
e5d4783e87cc05cc07ffe2ddc8f51707f1152b32,322,3825,4404,579,19,23,-4,1,30,1384,11,119,6.587846441,49929,17,0,4548,4546,2,156257,161307,5050,2390,2397,7,0,87.2517774,Arch
4c4bcc4af6d088b9f2905bf0b80e2016990e22a9,0,0,0,0,0,0,0,0,0,0,0,0,0,0,18,1,0,0,0,0,0,0,0,0,0,0,100,NoArch
3aaeeb2e58c1605d67de9b0ccb2a407953f6ec46,0,0,0,0,0,0,0,0,0,0,0,0,0,0,0,0,0,0,0,0,0,0,0,0,0,1,100,NoArch
a9f9145e73cc348ede7bc80edcaeb7cfc2748223,0,0,0,0,0,0,0,0,0,0,0,0,0,0,19,2,0,0,0,0,0,0,0,0,0,0,100,NoArch
89900e312387f9d91d82e0c3ee4dcd0904e1fb6f,0,0,0,0,0,0,0,0,0,0,0,0,0,0,20,3,0,0,0,0,0,0,0,0,0,0,100,NoArch
bc3b0e720daf3b0a482ecd429f48981d5111a714,0,0,0,0,0,0,0,0,0,0,0,0,0,0,21,4,0,0,0,0,0,0,0,0,0,1,100,NoArch
3cae7a45fd2b8e5d383aa7e233d5472314dd4031,322,4343,3917,426,23,19,4,3,31,3963,11,120,6.592898349,49383,68,0,4546,4554,8,161239,156413,4826,2397,2396,1,1,87.2517774,Arch
a6b0318798993193961e45e3709b4bada9f3300f,0,0,0,0,0,0,0,0,0,0,0,0,0,0,69,1,0,0,0,0,0,0,0,0,0,1,100,NoArch
39192e3321ae9071b50c76cd393b7845bfe843b5,0,0,0,0,0,0,0,0,0,0,0,0,0,0,70,2,0,0,0,0,0,0,0,0,0,1,100,NoArch
a52171f7cc2d3a0b7d6599b8ff7e6acfaa8bb85b,0,0,0,0,0,0,0,0,0,0,0,0,0,0,71,3,0,0,0,0,0,0,0,0,0,1,100,NoArch
bfe8aad1c72ae1ce3c1432d8effe9e32cd7874f3,322,3825,4404,579,19,23,-4,1,30,1384,11,119,6.587846441,49929,22,5,4548,4546,2,156257,161307,5050,2390,2397,7,1,87.2517774,Arch
42b0a24a432cd3f08d229bf9d89a9bddc53a12d9,0,0,0,0,0,0,0,0,0,0,0,0,0,0,23,6,0,0,0,0,0,0,0,0,0,1,100,NoArch
fd1b038ff1c022da19996305d204ad6d0cd34919,0,0,0,0,0,0,0,0,0,0,0,0,0,0,24,7,0,0,0,0,0,0,0,0,0,1,100,NoArch
c2c6d78ad0024164d49d059ac575158f8ddbe71a,0,0,0,0,0,0,0,0,0,0,0,0,0,0,25,8,0,0,0,0,0,0,0,0,0,1,100,NoArch
2cf2eb7b84ba66b32b7fbd301fd4c194d6f8481d,322,4343,3917,426,23,19,4,3,31,3963,11,120,6.592898349,49383,72,4,4546,4554,8,161239,156413,4826,2397,2396,1,1,87.2517774,Arch
9031d52353e88ca66df55cf476039cf8539b26b5,0,0,0,0,0,0,0,0,0,0,0,0,0,0,73,5,0,0,0,0,0,0,0,0,0,1,100,NoArch
5b8e45885381c22d382f8298bf289db2f9f78797,0,0,0,0,0,0,0,0,0,0,0,0,0,0,67,0,0,0,0,0,0,0,0,0,0,1,100,NoArch
df2f5481260bd778226473a658d237c047b7e840,0,0,0,0,0,0,0,0,0,0,0,0,0,0,75,7,0,0,0,0,0,0,0,0,0,1,100,NoArch
182074696f763956f910ee366c82a940dbcb58c0,16,857,0,857,16,0,16,1,1,0,1,9,3.857751898,0,76,3,48,0,48,3051,0,3051,45,0,45,0,97.19353985,Arch
113b3320c1e4e81dec1dde8c5caef8cd8c7aa8a6,0,0,0,0,0,0,0,0,0,0,0,0,0,0,77,4,0,0,0,0,0,0,0,0,0,0,100,NoArch
6da24f3023a00662fcd9f953ce7b755d53bd4e6d,0,0,0,0,0,0,0,0,0,0,0,0,0,0,78,4,0,0,0,0,0,0,0,0,0,0,100,NoArch
b637c4676537dc49fd06a226bdd395615021da53,0,0,0,0,0,0,0,0,0,0,0,0,0,0,79,3,0,0,0,0,0,0,0,0,0,0,100,NoArch
5f6de71a30d32a9833734b5353953137bc05a930,1,3,0,3,0,0,0,5,13,1622,1,1,0,164,0,0,15,14,1,419,404,15,11,11,0,1,100,NoArch
0ba786e1fcc1f4f582c1af7ead6da4f652216680,1,1,1,0,0,0,0,6,14,0,1,1,0,167,0,0,15,15,0,419,419,0,11,11,0,0,100,NoArch
020818e5e15383741b872521f4c899037f59b82c,338,3825,5264,1439,19,39,-20,1,30,1325,11,128,6.782592762,50789,26,0,4548,4600,52,156257,164765,8508,2390,2447,57,1,86.93420439,Arch
d776fcdd046d52c6c2989ebcf4d4b4ce8d747fa2,0,0,0,0,0,0,0,0,0,0,0,0,0,0,27,1,0,0,0,0,0,0,0,0,0,1,100,NoArch
346671a1a79947d200ea4233759f04f2496c709b,338,5047,3980,1067,32,19,13,3,31,3764,11,129,6.768478987,49468,80,0,4594,4559,35,164290,156718,7572,2442,2401,41,1,86.93420439,Arch
6200707ef4b0490e52d5e8930d326b92d87a13c4,338,3825,5261,1436,19,35,-16,1,30,1325,11,128,6.781071777,50655,28,2,4548,4599,51,156257,164750,8493,2390,2447,57,1,86.93420439,Arch
b31d3eb3a2e62edfba7ca958f73fdda2b39cad86,338,5047,3980,1067,32,19,13,3,31,3764,11,129,6.768478987,49468,81,1,4594,4559,35,164290,156718,7572,2442,2401,41,1,86.93420439,Arch
9017cb4f998cc60cc336952bec5d0dc5df46062b,338,3825,5261,1436,19,35,-16,1,30,1325,11,128,6.781071777,50655,29,3,4548,4599,51,156257,164750,8493,2390,2447,57,1,86.93420439,Arch
44fab139cea55ea6257bab9784ecf2f3db26a3f0,338,5047,3980,1067,32,19,13,3,31,3764,11,129,6.768478987,49468,82,2,4594,4559,35,164290,156718,7572,2442,2401,41,1,86.93420439,Arch
374234e940724a09d649483b33475e1c92bf4321,0,0,0,0,0,0,0,0,0,0,0,0,0,0,83,3,0,0,0,0,0,0,0,0,0,1,100,NoArch
da7448f0f97b6758d20d9ea83ce1f77dd669182a,1,3,0,3,0,0,0,6,14,0,1,1,0,164,147,0,15,14,1,419,404,15,11,11,0,1,100,NoArch
800c0d121abe1e7a87f3ab57aacbedfce0430033,338,3826,5262,1436,19,35,-16,1,30,1346,11,128,6.782130582,50658,0,0,4549,4600,51,156272,164765,8493,2390,2447,57,1,86.93420439,Arch
0b1ce93ccc705585a1cde40b84ee21cd54555052,1,1,1,0,0,0,0,5,13,0,1,1,0,167,0,0,15,15,0,417,417,0,11,11,0,0,100,NoArch
eb0b471b294f35d04db32066957abc617b7c25a2,340,5069,4009,1060,32,19,13,3,31,3746,11,129,6.786124899,49706,84,4,4611,4573,38,165084,157531,7553,2455,2411,44,1,86.93420439,Arch
a043b814741dd96581cf73a949f870d21902dc38,3,29,22,7,0,0,0,3,6,5837,2,3,1.211152683,421,0,0,40,40,0,1564,1536,28,37,37,0,1,100,NoArch
2fdcebc22666832807fbc692cd4b7bab739e5c19,0,0,0,0,0,0,0,0,0,0,0,0,0,0,0,0,0,0,0,0,0,0,0,0,0,1,100,NoArch
c7f359b7483946b1554f4f7c4517c6155db335f0,0,0,0,0,0,0,0,0,0,0,0,0,0,0,0,0,0,0,0,0,0,0,0,0,0,1,100,NoArch
d0214fb75365b6ca92c2204966ef89e269966e2d,3,22,29,7,0,0,0,4,7,6090,2,3,1.211152683,428,85,5,40,40,0,1536,1564,28,37,37,0,1,100,NoArch
e696281f02e84369d3ad13e5f02128ea37e0add3,3,29,22,7,0,0,0,3,6,5837,2,3,1.211152683,421,148,1,40,40,0,1564,1536,28,37,37,0,1,100,NoArch
da0deddb19cff0744e2056c38c27b47843536fe5,0,0,0,0,0,0,0,0,0,0,0,0,0,0,149,2,0,0,0,0,0,0,0,0,0,1,100,NoArch
4959401aa8b631b2190aeab2128f75964400b87f,0,0,0,0,0,0,0,0,0,0,0,0,0,0,150,3,0,0,0,0,0,0,0,0,0,1,100,NoArch
7a0766991b2cb6abf1ee6bfd48a7f5254dd91d33,338,3825,5261,1436,19,35,-16,1,30,1318,11,128,6.781071777,50658,0,0,4549,4600,51,156272,164765,8493,2390,2447,57,1,86.93420439,Arch
8a95ba8cb86ac8a916c4d10174da6bec90768d4d,0,0,0,0,0,0,0,0,0,0,0,0,0,0,0,0,0,0,0,0,0,0,0,0,0,1,100,NoArch
9686f60f7595ad8108af8d88cb216211425ec856,0,0,0,0,0,0,0,0,0,0,0,0,0,0,1,1,0,0,0,0,0,0,0,0,0,1,100,NoArch
e8190f0c2faf8d9e759cb4825767cdbdbb8c2f65,338,5047,3980,1067,32,19,13,3,31,3741,11,129,6.768478987,49471,2,2,4595,4560,35,164305,156733,7572,2442,2401,41,1,86.93420439,Arch
b4165f8e4b31dbcdccb139a20619f45e2890839c,0,0,0,0,0,0,0,0,0,0,0,0,0,0,2,2,0,0,0,0,0,0,0,0,0,1,100,NoArch
e638b5c69d37b58626103d772a8d97282aab0d6b,0,0,0,0,0,0,0,0,0,0,0,0,0,0,2,2,0,0,0,0,0,0,0,0,0,1,100,NoArch
af79f35c52bdc028036832ed9140926f19fe6ab1,0,0,0,0,0,0,0,0,0,0,0,0,0,0,2,2,0,0,0,0,0,0,0,0,0,1,100,NoArch
371d7c3e08e29c2b7bde613cd69f83b76421c99a,1,3,0,3,0,0,0,3,3,1219,1,1,0,56,0,0,2,2,0,252,221,31,2,2,0,0,100,NoArch
4bbd16da872d95db3d8d5f8dcad0f7ab56c4ceaf,0,0,0,0,0,0,0,0,0,0,0,0,0,0,151,4,0,0,0,0,0,0,0,0,0,1,100,NoArch
2aaf6e6c203ffe2c04c9ca03ab2e9fe913488281,0,0,0,0,0,0,0,0,0,0,0,0,0,0,152,5,0,0,0,0,0,0,0,0,0,1,100,NoArch
48a8068b82c52e9112fde69529c0980dfdf1d02b,0,0,0,0,0,0,0,0,0,0,0,0,0,0,153,6,0,0,0,0,0,0,0,0,0,1,100,NoArch
0b462be5e6b7c6d562b184e2c0bf7add94f29738,0,0,0,0,0,0,0,0,0,0,0,0,0,0,154,7,0,0,0,0,0,0,0,0,0,1,100,NoArch
9a4caf9b95e73b091855f1b66ed2bd6c8375ee57,0,0,0,0,0,0,0,0,0,0,0,0,0,0,155,8,0,0,0,0,0,0,0,0,0,1,100,NoArch
19aaa947e2042b5e46c7551ba9f1fb30abdf6a8b,0,0,0,0,0,0,0,0,0,0,0,0,0,0,6,6,0,0,0,0,0,0,0,0,0,1,100,NoArch
65b95be497bb86199d2a54bc6ef04571edf22cf5,0,0,0,0,0,0,0,0,0,0,0,0,0,0,156,9,0,0,0,0,0,0,0,0,0,1,100,NoArch
6433bf713e8bdbc93899326d543b924e512f1ffc,338,3825,5264,1439,19,35,-16,1,30,1318,11,128,6.782286818,50661,2,2,4549,4600,51,156272,164796,8524,2390,2447,57,1,86.93420439,Arch
14eff674bf13e3169fa22b38ab8149adabf8025d,0,0,0,0,0,0,0,0,0,0,0,0,0,0,3,3,0,0,0,0,0,0,0,0,0,1,100,NoArch
e83b5659f0f493a8cb4bc7b91e3743764ac84da6,0,0,0,0,0,0,0,0,0,0,0,0,0,0,4,4,0,0,0,0,0,0,0,0,0,1,100,NoArch
b3049f5187b1c6ab50f2f5fee95f8109106d1fd7,0,0,0,0,0,0,0,0,0,0,0,0,0,0,5,5,0,0,0,0,0,0,0,0,0,1,100,NoArch
a5e74216d89f949aa60b5e0683a91943c850832e,0,0,0,0,0,0,0,0,0,0,0,0,0,0,6,6,0,0,0,0,0,0,0,0,0,1,100,NoArch
8eb2218e24c8204655204cb1b018ac85c77386b5,340,5072,4009,1063,32,19,13,3,31,3736,11,129,6.787338922,49706,157,10,4611,4573,38,165115,157531,7584,2455,2411,44,1,86.93420439,Arch
b92c64e7f3095f39d4047f33796bdec6db873f57,338,3825,5264,1439,19,35,-16,1,30,1355,11,128,6.782286818,50653,30,4,4549,4600,51,156197,164721,8524,2390,2447,57,1,86.93420439,Arch
688744248ae364e20cd6465033df6fa954a9f032,0,0,0,0,0,0,0,0,0,0,0,0,0,0,31,5,0,0,0,0,0,0,0,0,0,1,100,NoArch
ad582d30157b55cbfab016b4a1578a637ed16c1b,0,0,0,0,0,0,0,0,0,0,0,0,0,0,2,0,0,0,0,0,0,0,0,0,0,1,100,NoArch
b8de57feda60b152ab07262069ad483e6610df28,1,4,4,0,0,0,0,6,10,1073,1,1,0,564,103,0,49,49,0,1472,1468,4,27,27,0,1,100,NoArch
7fc1dc4177091ad72e2c6068c53e6c1c977813ec,337,5054,3944,1110,32,19,13,3,31,3676,11,129,6.760236781,49523,0,0,4595,4558,37,164261,156589,7672,2442,2399,43,1,86.93420439,Arch
bc0fb939af88e58329aac4db0865b63bc284bf45,0,0,0,0,0,0,0,0,0,0,0,0,0,0,158,7,0,0,0,0,0,0,0,0,0,1,100,NoArch
5e84d6b1f42762ff6e4bfe7ae86e1bc0c1cd1d0e,338,3829,5268,1439,19,37,-18,1,30,1325,11,128,6.784382958,50713,0,0,4549,4600,51,156201,164721,8520,2390,2447,57,1,86.93420439,Arch
6ef63f4e383448edd493b3ad049e8cd79fe8c576,337,5054,3944,1110,32,19,13,3,31,3676,11,129,6.760236781,49523,4,0,4595,4558,37,164261,156589,7672,2442,2399,43,1,86.93420439,Arch
43526b28cbcab85dd07fb08a2f7c3cffedc36652,0,0,0,0,0,0,0,0,0,0,0,0,0,0,159,1,0,0,0,0,0,0,0,0,0,1,100,NoArch
1a11e38e5f9f17e9091b8a1950607d3e234be602,338,3829,5268,1439,19,37,-18,1,30,1325,11,128,6.784382958,50713,3,0,4549,4600,51,156201,164721,8520,2390,2447,57,1,86.93420439,Arch
1fcae4d85f5a1162a711bde9330ecf03fb7a1d0a,0,0,0,0,0,0,0,0,0,0,0,0,0,0,32,0,0,0,0,0,0,0,0,0,0,1,100,NoArch
6bfe0d6698bdf1b2e12fe441fca73d419d181413,337,5054,3944,1110,32,19,13,3,31,3676,11,129,6.760236781,49523,86,0,4595,4558,37,164261,156589,7672,2442,2399,43,0,86.93420439,Arch
af0db3b18677752bf7104280d2a33f2d65ab0755,0,0,0,0,0,0,0,0,0,0,0,0,0,0,87,1,0,0,0,0,0,0,0,0,0,0,100,NoArch
758db5d85b40fedf34222940f78e7e5731c4e01a,338,3829,5268,1439,19,37,-18,1,30,1325,11,128,6.784382958,50713,33,1,4549,4600,51,156201,164721,8520,2390,2447,57,1,86.93420439,Arch
36b47fc591ca9e7ec1fc0a631edeea8b0e339350,337,5054,3944,1110,32,19,13,3,31,3676,11,129,6.760236781,49523,88,2,4595,4558,37,164261,156589,7672,2442,2399,43,1,86.93420439,Arch
8aea58c158a403f47df601bb440d6f2f4b9d534c,338,3829,5268,1439,19,37,-18,1,30,1325,11,128,6.784382958,50713,34,2,4549,4600,51,156201,164721,8520,2390,2447,57,0,86.93420439,Arch
9c944fff86c5566f56a3cf4130681165c2f9add9,0,0,0,0,0,0,0,0,0,0,0,0,0,0,4,0,0,0,0,0,0,0,0,0,0,0,100,NoArch
31df3309ea601e5e9ba10163045e1988d2fe6b8d,0,0,0,0,0,0,0,0,0,0,0,0,0,0,5,1,0,0,0,0,0,0,0,0,0,0,100,NoArch
6bc43b347b28cf4a21e816953b9af62f0e51d583,0,0,0,0,0,0,0,0,0,0,0,0,0,0,6,2,0,0,0,0,0,0,0,0,0,0,100,NoArch
50f686a4587c2a2f71d72538f828da1d49acee18,0,0,0,0,0,0,0,0,0,0,0,0,0,0,7,3,0,0,0,0,0,0,0,0,0,0,100,NoArch
51dc6c1f7951b35f775b32ed7919b025d8188a4b,0,0,0,0,0,0,0,0,0,0,0,0,0,0,35,0,0,0,0,0,0,0,0,0,0,1,100,NoArch
262eea1ddaaf4352e6eb8910708c94b81e2caf0b,0,0,0,0,0,0,0,0,0,0,0,0,0,0,36,1,0,0,0,0,0,0,0,0,0,1,100,NoArch
1d7aea599f96e32e37e5696f4d530fd08cd78d10,337,5054,3944,1110,32,19,13,3,31,3676,11,129,6.760236781,49523,43,0,4595,4558,37,164261,156589,7672,2442,2399,43,0,86.93420439,Arch
a2a4716978f1ed69591b7291e0411991ba1dd754,338,3829,5268,1439,19,37,-18,1,30,1325,11,128,6.784382958,50713,39,0,4549,4600,51,156201,164721,8520,2390,2447,57,0,86.93420439,Arch
0eb61dc84b5e8ac436d8fe4a28cb94abf90ac35c,0,0,0,0,0,0,0,0,0,0,0,0,0,0,8,2,0,0,0,0,0,0,0,0,0,0,100,NoArch
83ab67f4f48dad9afb066d76c8196b799ebde746,0,0,0,0,0,0,0,0,0,0,0,0,0,0,9,3,0,0,0,0,0,0,0,0,0,0,100,NoArch
81d7af6fc8de84c46f3a3584f483f7a8b9edf059,0,0,0,0,0,0,0,0,0,0,0,0,0,0,10,4,0,0,0,0,0,0,0,0,0,0,100,NoArch
c8e08962051c04c2817e402b104fda14284d6548,337,5123,3945,1178,32,19,13,3,31,3616,11,129,6.773733442,49523,178,0,4600,4558,42,164685,156589,8096,2445,2399,46,1,86.93420439,Arch
b512984a84d1f4abcd1b74191c6ef5b5774861db,338,3830,5337,1507,19,37,-18,1,30,1325,11,128,6.797669561,50781,0,0,4549,4605,56,156201,165145,8944,2390,2450,60,1,86.93420439,Arch
22078ba50eb22420c1c6b8e327288f8dc85a8064,338,5058,3946,1112,32,19,13,3,31,3680,11,130,6.763724141,49575,178,0,4597,4560,37,164477,156785,7692,2444,2401,43,1,86.93420439,Arch
37ace2eec749559d60985e7007028053ccc66c3e,339,3831,5272,1441,19,37,-18,1,30,1329,11,129,6.787826877,50767,104,0,4551,4602,51,156397,164937,8540,2392,2449,57,1,86.93420439,Arch
029bdd1dd2eafb571ba68aa7b9c6d45c21901424,337,5054,3944,1110,32,19,13,3,31,3676,11,129,6.760236781,49523,1,0,4595,4558,37,164261,156589,7672,2442,2399,43,1,86.93420439,Arch
78fe835e7f6741aa8c997d4be4911396330ad41f,1,4,2,2,0,0,0,2,3,3064,1,1,0,52,179,1,2,2,0,216,196,20,2,2,0,0,100,NoArch
d2b47fd27545cfea8c3cc2d07676a08fccec7c6b,0,0,0,0,0,0,0,0,0,0,0,0,0,0,89,0,0,0,0,0,0,0,0,0,0,0,100,NoArch
056df97e38d3c10d2ce90c2de8be9ac1c2c80064,0,0,0,0,0,0,0,0,0,0,0,0,0,0,90,1,0,0,0,0,0,0,0,0,0,0,100,NoArch
ee3a99f288b03dba18281aaa77ca3b709d349e06,0,0,0,0,0,0,0,0,0,0,0,0,0,0,0,0,0,0,0,0,0,0,0,0,0,0,100,NoArch
d8b45f5488b38028345b4cd96036c1745aaa6e7c,0,0,0,0,0,0,0,0,0,0,0,0,0,0,5,0,0,0,0,0,0,0,0,0,0,1,100,NoArch
de93a4465d20bfb9d1f8c943ce24f680b0e500ee,0,0,0,0,0,0,0,0,0,0,0,0,0,0,180,0,0,0,0,0,0,0,0,0,0,1,100,NoArch
1aa024bd6a9b5e2d7621cd42ff5c5d562fc76234,0,0,0,0,0,0,0,0,0,0,0,0,0,0,181,1,0,0,0,0,0,0,0,0,0,0,100,NoArch
a3d31d686049315106ef2337be5531241dc10532,339,3831,5272,1441,19,37,-18,1,30,1329,11,129,6.787826877,50767,181,0,4551,4602,51,156397,164937,8540,2392,2449,57,0,86.93420439,Arch
37e2191e49cdc3bc6d36d677845b05a62ab30aba,1,88,40,48,0,0,0,3,3,13215,1,1,0,99,182,1,9,2,7,579,383,196,7,2,5,0,100,NoArch
ca87a3a462207b4de93f49ba6463433257e254f2,338,5193,4079,1114,32,19,13,3,31,3645,11,130,6.741942788,49623,182,2,4599,4567,32,164642,156981,7661,2444,2406,38,0,86.81370249,Arch
f52c3a1e9681139b21785638ce42448a3f16936a,339,3963,5406,1443,19,37,-18,1,30,1367,11,129,6.765684968,50817,183,2,4558,4604,46,156593,165102,8509,2397,2449,52,0,86.81370249,Arch
541b2a9a73e9b19e3bdfc08bc198c8797d5bfde4,338,5080,4016,1064,32,19,13,3,31,3680,11,130,6.763833245,49623,0,0,4597,4567,30,164477,156981,7496,2444,2406,38,1,86.93420439,Arch
2e88dcfae996233213d7fe67ac079c054c856a69,339,3900,5297,1397,19,37,-18,1,30,1368,11,129,6.788628456,50767,184,3,4557,4602,45,156603,164937,8334,2396,2449,53,0,86.93420439,Arch
acc7c17ac11ec007aa1408c5e2d612e201973efc,338,5083,4015,1068,32,19,13,3,31,3680,11,130,6.764621314,49619,160,0,4597,4566,31,164477,156991,7486,2444,2405,39,1,86.93420439,Arch
b3e98b0005b3cc7f3a3d63a382d07e5c5b1cfc43,339,3900,5297,1397,19,37,-18,1,30,1368,11,129,6.788628456,50767,185,4,4557,4602,45,156603,164937,8334,2396,2449,53,0,86.93420439,Arch
beb089dac4dc4c44db8bcb46439689e3bfbc4c0b,338,5196,4078,1118,32,19,13,3,31,3645,11,130,6.742726584,49619,183,3,4599,4566,33,164642,156991,7651,2444,2405,39,0,86.81370249,Arch
9a4f1bf64a963941ea243b33f2c2414bae021384,339,3962,5409,1447,19,37,-18,1,30,1368,11,129,6.766458787,50817,11,0,4557,4604,47,156603,165102,8499,2396,2449,53,1,86.81370249,Arch
62a663b3280bb35f968695a9976c3fed2e327f01,0,0,0,0,0,0,0,0,0,0,0,0,0,0,186,5,0,0,0,0,0,0,0,0,0,1,100,NoArch
a259d268c02861809eb6aa3ec4909b700b699572,0,0,0,0,0,0,0,0,0,0,0,0,0,0,0,0,0,0,0,0,0,0,0,0,0,1,100,NoArch
0db440a839de1f6bb263c089cdce678c1f241732,3,69,1,68,0,0,0,4,7,8593,1,3,0.840262651,631,187,6,48,43,5,2490,2066,424,28,25,3,1,100,NoArch
017d8e0f69b31ac1e225d0e7dd235b3e84cbcbe8,338,5196,4078,1118,32,19,13,3,31,3585,11,130,6.742726584,49687,185,4,4604,4571,33,165066,157415,7651,2447,2408,39,1,86.81370249,Arch
422166dd55195339e811a08a532333e83604bc65,339,3962,5409,1447,19,37,-18,1,30,1426,11,129,6.766458787,50885,188,7,4562,4609,47,157027,165526,8499,2399,2452,53,0,86.81370249,Arch
6bcb92e06fa588b9c7790dd01bc02135d58d3f5b,2,62,10,52,0,0,0,2,4,13227,1,2,0.943601631,95,189,8,14,3,11,397,174,223,12,2,10,0,100,NoArch
2b532117ac341a47c27ea8c17262e79fe54aee32,0,0,0,0,0,0,0,0,0,0,0,0,0,0,190,9,0,0,0,0,0,0,0,0,0,0,100,NoArch
249c792b536f75557177b4caebd15d62eab3b3c7,0,0,0,0,0,0,0,0,0,0,0,0,0,0,191,10,0,0,0,0,0,0,0,0,0,0,100,NoArch
9ab435422f45cbd60c7ee7b0820c869d4ca12b4a,340,5206,4140,1066,32,19,13,3,31,3573,11,130,6.763204959,49834,2,0,4607,4585,22,165240,157812,7428,2449,2420,29,1,86.81370249,Arch
853b2a24c5ee2523dcedf40fa10e032d8efeda36,0,0,0,0,0,0,0,0,0,0,0,0,0,0,161,1,0,0,0,0,0,0,0,0,0,1,100,NoArch
04e89262807bd2b94deaae9bffb3b5161964bd00,341,4024,5419,1395,19,37,-18,1,30,1494,11,129,6.786659872,50980,1,0,4576,4612,36,157424,165700,8276,2411,2454,43,1,86.81370249,Arch
8c3b3858780ee8f45587cef0c9b976f82e93ceef,340,5206,4140,1066,32,19,13,3,31,3573,11,130,6.763204959,49834,6,0,4607,4585,22,165240,157812,7428,2449,2420,29,1,86.81370249,Arch
bd81ec1f7ce7433c2a1ef35bf2f4ba341a29c066,0,0,0,0,0,0,0,0,0,0,0,0,0,0,162,2,0,0,0,0,0,0,0,0,0,1,100,NoArch
7877c891041cf12184a4bfa1ffa0a33d1bf80ee7,341,4024,5419,1395,19,37,-18,1,30,1494,11,129,6.786659872,50980,12,1,4576,4612,36,157424,165700,8276,2411,2454,43,1,86.81370249,Arch
5a9fb6f6fdd777e04c10e31cc80ca3213b113e6b,340,5206,4140,1066,32,19,13,3,31,3573,11,130,6.763204959,49834,7,1,4607,4585,22,165240,157812,7428,2449,2420,29,1,86.81370249,Arch
4ce0399244fd8363fb28e73032d28d57c60ef44e,0,0,0,0,0,0,0,0,0,0,0,0,0,0,163,2,0,0,0,0,0,0,0,0,0,1,100,NoArch
848f1224b16ff3d99192eacf092ebbc737a08f39,341,4024,5419,1395,19,37,-18,1,30,1494,11,129,6.786659872,50980,13,1,4576,4612,36,157424,165700,8276,2411,2454,43,1,86.81370249,Arch
fcc4e6b5d38267c2db728cb9f6e42551413082b5,0,0,0,0,0,0,0,0,0,0,0,0,0,0,37,0,0,0,0,0,0,0,0,0,0,0,100,NoArch
f42ae2c79ca7268535f4fa907d36572b953a88a6,338,5196,4078,1118,32,19,13,3,31,3585,11,130,6.742726584,49687,186,0,4604,4571,33,165066,157415,7651,2447,2408,39,0,86.81370249,Arch
7e54f928b3fae3d46f27f63996a9c7e97d0f17d0,2,10,62,52,0,0,0,1,3,518,1,2,0.943601631,147,91,0,3,14,11,174,397,223,2,12,10,0,100,NoArch
5e4aeccf88f06d40d30c3d0a9e99646122e93347,0,0,0,0,0,0,0,0,0,0,0,0,0,0,92,1,0,0,0,0,0,0,0,0,0,0,100,NoArch
cd88a85bf1e20f03651983f872044e75b5f6d0e2,2,62,10,52,0,0,0,2,4,13323,1,2,0.943601631,95,187,1,14,3,11,397,174,223,12,2,10,0,100,NoArch
e47feebca1f5e5a7becec815380fbe6e2900be15,340,4020,5435,1415,19,37,-18,1,30,1434,11,129,6.787499779,50923,0,0,4566,4609,43,157177,165526,8349,2402,2452,50,1,86.77298311,Arch
f9f54562415b3dc9059d939a1cb3e926b80c47d4,338,5214,4129,1085,32,19,13,3,31,3585,11,130,6.757590557,49757,0,0,4605,4575,30,165087,157565,7522,2447,2411,36,1,86.77298311,Arch
0439fb55c4ea08ebe2cd872e93f42d4ec5584636,1,4,0,4,0,0,0,7,20,1,1,1,0,536,1,1,98,98,0,2417,2417,0,53,53,0,0,100,NoArch
e1df06bd93ac7e843600a31aec735e7dce42df7d,0,0,0,0,0,0,0,0,0,0,0,0,0,0,164,0,0,0,0,0,0,0,0,0,0,1,100,NoArch
2765effd1820be8ad78948779926eb31905af6f5,339,3962,5413,1451,19,38,-19,1,30,1417,11,129,6.767390022,50926,0,0,4563,4610,47,157048,165547,8499,2399,2452,53,1,86.81370249,Arch
536603f0c0eb18c73f05270e7adcbc49021d76b2,1,4,0,4,0,0,0,4,17,0,1,1,0,523,1,1,97,97,0,2346,2346,0,52,52,0,0,100,NoArch
f3811a152775daefef4995adfd523f08b437ad40,0,0,0,0,0,0,0,0,0,0,0,0,0,0,192,0,0,0,0,0,0,0,0,0,0,0,100,NoArch
591f2dadd0994d1e321db8a2a66f89f759df4969,338,5196,4078,1118,32,19,13,3,31,3582,11,130,6.742726584,49696,188,0,4605,4572,33,165087,157436,7651,2447,2408,39,0,86.81370249,Arch
354f79b55955ec8f0560bbcc5ebdc974c38bd9ea,339,3962,5409,1447,19,37,-18,1,30,1407,11,129,6.766458787,50894,193,1,4563,4610,47,157048,165547,8499,2399,2452,53,0,86.81370249,Arch
ca872256d45cf974d049c369afb62da030a1df0f,0,0,0,0,0,0,0,0,0,0,0,0,0,0,194,2,0,0,0,0,0,0,0,0,0,0,100,NoArch
33f31ed304cc3eeff1b49fed101822bc438d8fe1,338,5196,4078,1118,32,19,13,3,31,3582,11,130,6.742726584,49696,189,1,4605,4572,33,165087,157436,7651,2447,2408,39,0,86.81370249,Arch
dad3207c30ca3249778bb8778e3e675493bfcc23,339,3962,5409,1447,19,37,-18,1,30,1407,11,129,6.766458787,50894,0,0,4563,4610,47,157048,165547,8499,2399,2452,53,0,86.81370249,Arch
bda64b6e5be1f71b29b2722deef9ccd001ca4223,0,0,0,0,0,0,0,0,0,0,0,0,0,0,195,3,0,0,0,0,0,0,0,0,0,0,100,NoArch
359fa763cb5c4f4f779fd4c8ba87d0340a1636d7,0,0,0,0,0,0,0,0,0,0,0,0,0,0,0,0,0,0,0,0,0,0,0,0,0,0,100,NoArch
44c11b676fb881cbb4ff8894d41c41a759bf617d,0,0,0,0,0,0,0,0,0,0,0,0,0,0,0,0,0,0,0,0,0,0,0,0,0,0,100,NoArch
6ef87139cbed9f2f77b2ee4618538a1147433be4,0,0,0,0,0,0,0,0,0,0,0,0,0,0,196,4,0,0,0,0,0,0,0,0,0,0,100,NoArch
1381bda0446a67b7cea347d877ea8c7ac9656f76,0,0,0,0,0,0,0,0,0,0,0,0,0,0,195,3,0,0,0,0,0,0,0,0,0,0,100,NoArch
d83377cc54b755f06c36a0f36fa0b7737d99b78c,0,0,0,0,0,0,0,0,0,0,0,0,0,0,196,4,0,0,0,0,0,0,0,0,0,0,100,NoArch
bb52db6e0694b2c3e00189471021c0dcd32d09eb,0,0,0,0,0,0,0,0,0,0,0,0,0,0,0,0,0,0,0,0,0,0,0,0,0,0,100,NoArch
b2cd1dfad0d993b06f053496eef605981ac4e28a,0,0,0,0,0,0,0,0,0,0,0,0,0,0,197,5,0,0,0,0,0,0,0,0,0,0,100,NoArch
e01d51418dc81c337f977952093d7f731d7f7464,0,0,0,0,0,0,0,0,0,0,0,0,0,0,0,0,0,0,0,0,0,0,0,0,0,0,100,NoArch
13d4aefe8fbfdd15e4f8eb671d24d0a4834f7e18,0,0,0,0,0,0,0,0,0,0,0,0,0,0,3,3,0,0,0,0,0,0,0,0,0,0,100,NoArch
fa90e7be33798f230b2da45b38e58520d219f782,0,0,0,0,0,0,0,0,0,0,0,0,0,0,3,3,0,0,0,0,0,0,0,0,0,0,100,NoArch
f09bd115628343d68a9dba9b61f0012256b98125,0,0,0,0,0,0,0,0,0,0,0,0,0,0,3,3,0,0,0,0,0,0,0,0,0,0,100,NoArch
9e5e1cc5d8af92c093f64da8b25fe81993eeeffc,0,0,0,0,0,0,0,0,0,0,0,0,0,0,3,3,0,0,0,0,0,0,0,0,0,0,100,NoArch
f85add9e5ec1118e2d15572dc9537616f5b311f9,0,0,0,0,0,0,0,0,0,0,0,0,0,0,3,3,0,0,0,0,0,0,0,0,0,0,100,NoArch
8d2271eee442a10ba1fe2bdc907820afd2483aca,0,0,0,0,0,0,0,0,0,0,0,0,0,0,3,3,0,0,0,0,0,0,0,0,0,0,100,NoArch
9ae78173c70a9179928017f43ce1661f5bd882d1,0,0,0,0,0,0,0,0,0,0,0,0,0,0,3,3,0,0,0,0,0,0,0,0,0,0,100,NoArch
a3c608ca456525632b83e759a528e87b806decf7,0,0,0,0,0,0,0,0,0,0,0,0,0,0,3,3,0,0,0,0,0,0,0,0,0,0,100,NoArch
1fd6d962b331608a63ccdeaaeb8207535a47821b,0,0,0,0,0,0,0,0,0,0,0,0,0,0,198,6,0,0,0,0,0,0,0,0,0,0,100,NoArch
5117a6086a613b7043f7ea470a7868e1d57b6670,0,0,0,0,0,0,0,0,0,0,0,0,0,0,199,7,0,0,0,0,0,0,0,0,0,0,100,NoArch
948c8914e611f38274cfa4c6434df33cc014ff75,0,0,0,0,0,0,0,0,0,0,0,0,0,0,1,1,0,0,0,0,0,0,0,0,0,0,100,NoArch
32dbc73d778a8cc8ec6bdea586a3a22cf9282937,0,0,0,0,0,0,0,0,0,0,0,0,0,0,1,1,0,0,0,0,0,0,0,0,0,0,100,NoArch
7c123dfd0149c042758899f61b26e78ac3dd34b2,0,0,0,0,0,0,0,0,0,0,0,0,0,0,5,5,0,0,0,0,0,0,0,0,0,0,100,NoArch
69ccb12fcd65d05dab9deddcce713edf16c09e63,0,0,0,0,0,0,0,0,0,0,0,0,0,0,200,8,0,0,0,0,0,0,0,0,0,0,100,NoArch
fd76fa982618dc78103174eb6297b980bec8550d,0,0,0,0,0,0,0,0,0,0,0,0,0,0,201,9,0,0,0,0,0,0,0,0,0,0,100,NoArch
4e9a6d8776260e3a672f630510cb79f35837dd37,0,0,0,0,0,0,0,0,0,0,0,0,0,0,202,10,0,0,0,0,0,0,0,0,0,0,100,NoArch
f79a606573e0d65eb0c8b1cb38476f8cbe1bbbba,0,0,0,0,0,0,0,0,0,0,0,0,0,0,203,11,0,0,0,0,0,0,0,0,0,0,100,NoArch
46d1cd9036f86fef2bf2f828a431dd532aa42adc,0,0,0,0,0,0,0,0,0,0,0,0,0,0,204,12,0,0,0,0,0,0,0,0,0,0,100,NoArch
ede1998d7c2f20d9ecc3ef0954b731e093adb99a,0,0,0,0,0,0,0,0,0,0,0,0,0,0,205,13,0,0,0,0,0,0,0,0,0,0,100,NoArch
ec28e8a6c9d5aea2bf9a6e3601678c59be8c457e,0,0,0,0,0,0,0,0,0,0,0,0,0,0,206,14,0,0,0,0,0,0,0,0,0,0,100,NoArch
a7399f99d863dc8a12ce7264e2b082f8974a7d77,0,0,0,0,0,0,0,0,0,0,0,0,0,0,4,4,0,0,0,0,0,0,0,0,0,0,100,NoArch
06dd61b1bd2ac8aaac1a8a60cdc918135f08ef0a,0,0,0,0,0,0,0,0,0,0,0,0,0,0,4,4,0,0,0,0,0,0,0,0,0,0,100,NoArch
4cd2f9cbc1f97ebc5bc734a5b423081250b05ba1,0,0,0,0,0,0,0,0,0,0,0,0,0,0,4,4,0,0,0,0,0,0,0,0,0,0,100,NoArch
c76b673d24a8204bf03f359c5e1a3c03a9ea6724,0,0,0,0,0,0,0,0,0,0,0,0,0,0,207,15,0,0,0,0,0,0,0,0,0,0,100,NoArch
7a2637561d17e8a1a548c88029e332abe4799769,0,0,0,0,0,0,0,0,0,0,0,0,0,0,208,16,0,0,0,0,0,0,0,0,0,0,100,NoArch
542060f88ef2042205ed458e4d524f1a027a0438,0,0,0,0,0,0,0,0,0,0,0,0,0,0,209,17,0,0,0,0,0,0,0,0,0,0,100,NoArch
a0172cb5ebb98cb4ff63248bac091d1e08f5031d,0,0,0,0,0,0,0,0,0,0,0,0,0,0,210,18,0,0,0,0,0,0,0,0,0,0,100,NoArch
142adfa801cece952d568c4893be115bdf6ab38f,0,0,0,0,0,0,0,0,0,0,0,0,0,0,16,16,0,0,0,0,0,0,0,0,0,0,100,NoArch
9bc991a2a9d6762febd66e3e3dc00d29c1d27583,0,0,0,0,0,0,0,0,0,0,0,0,0,0,211,19,0,0,0,0,0,0,0,0,0,0,100,NoArch
a167ce0ac359ad66f7b198d1e6ca6ea2939cc7dc,0,0,0,0,0,0,0,0,0,0,0,0,0,0,212,20,0,0,0,0,0,0,0,0,0,0,100,NoArch
09a1efe96375b41ab2900b166dfb3f510cdfae3d,338,5196,4078,1118,32,19,13,3,31,3582,11,130,6.742726584,49696,1,0,4605,4572,33,165087,157436,7651,2447,2408,39,0,86.81370249,Arch
81d0fe652b9fdecd97ade3214882708af49e67e7,0,0,0,0,0,0,0,0,0,0,0,0,0,0,1,0,0,0,0,0,0,0,0,0,0,0,100,NoArch
be0f256f5d2b63e9120c732f0cc60aa27c624d46,0,0,0,0,0,0,0,0,0,0,0,0,0,0,1,0,0,0,0,0,0,0,0,0,0,0,100,NoArch
14b1164e46d2448f9b50890a67f66b5c5c5067b8,0,0,0,0,0,0,0,0,0,0,0,0,0,0,1,0,0,0,0,0,0,0,0,0,0,0,100,NoArch
ef7b0674dc4e239dc2f0fc9f067edb6994ccbc59,0,0,0,0,0,0,0,0,0,0,0,0,0,0,1,0,0,0,0,0,0,0,0,0,0,0,100,NoArch
ffc27f234de3834a02e6c4c2b6703fdfacfe8085,0,0,0,0,0,0,0,0,0,0,0,0,0,0,1,0,0,0,0,0,0,0,0,0,0,0,100,NoArch
2a09c262ec5b647f9bcfa3a014cb49abfc049cd8,0,0,0,0,0,0,0,0,0,0,0,0,0,0,1,0,0,0,0,0,0,0,0,0,0,0,100,NoArch
afbdf1cb6796cf86a13a0fa20a90d1c9e0c1e4ca,0,0,0,0,0,0,0,0,0,0,0,0,0,0,1,0,0,0,0,0,0,0,0,0,0,0,100,NoArch
039c34e5e93fd926dd07715610def69cc0ed24c6,0,0,0,0,0,0,0,0,0,0,0,0,0,0,1,0,0,0,0,0,0,0,0,0,0,0,100,NoArch
1e615625ae907f30a601cd80d6848d1f79cb2ba1,0,0,0,0,0,0,0,0,0,0,0,0,0,0,1,0,0,0,0,0,0,0,0,0,0,0,100,NoArch
21dd185f31d9f483eaa1fe583ff483020b5408b2,339,3962,5409,1447,19,37,-18,1,30,1407,11,129,6.766458787,50894,213,21,4563,4610,47,157048,165547,8499,2399,2452,53,0,86.81370249,Arch
74a8acf3ce59168723142a1084048479b2042335,0,0,0,0,0,0,0,0,0,0,0,0,0,0,19,19,0,0,0,0,0,0,0,0,0,0,100,NoArch
5dc9bee9b6d6c01ca2f80f23074c48b8ad01b6bd,0,0,0,0,0,0,0,0,0,0,0,0,0,0,214,22,0,0,0,0,0,0,0,0,0,0,100,NoArch
00670b8e768b14f8196ba4fc502ddea2c4db1ef5,338,5196,4078,1118,32,19,13,3,31,3582,11,130,6.742726584,49696,190,2,4605,4572,33,165087,157436,7651,2447,2408,39,0,86.81370249,Arch
f750cf597b4141ecdbffe8fdc4dc6782e3d6d967,0,0,0,0,0,0,0,0,0,0,0,0,0,0,191,3,0,0,0,0,0,0,0,0,0,0,100,NoArch
de0f844f635a45204b8868645cd7ef3bde2ac1d5,0,0,0,0,0,0,0,0,0,0,0,0,0,0,3,2,0,0,0,0,0,0,0,0,0,0,100,NoArch
ebc6af924edae5034714e3c74952eb163b1725bb,0,0,0,0,0,0,0,0,0,0,0,0,0,0,3,2,0,0,0,0,0,0,0,0,0,0,100,NoArch
dac5e238792a866c701e59b9909efed029fbe809,339,3962,5409,1447,19,37,-18,1,30,1407,11,129,6.766458787,50894,215,23,4563,4610,47,157048,165547,8499,2399,2452,53,0,86.81370249,Arch
ce545bdf60d715c066254396fc492a10b27f6376,338,5196,4078,1118,32,19,13,3,31,3582,11,130,6.742726584,49696,192,4,4605,4572,33,165087,157436,7651,2447,2408,39,0,86.81370249,Arch
62c11bfe470efb8dc825502dd6ea5fff4b9d6d42,0,0,0,0,0,0,0,0,0,0,0,0,0,0,193,5,0,0,0,0,0,0,0,0,0,0,100,NoArch
9ef3ca4d8077a514b44f8cdccd06e16cbd096ae1,0,0,0,0,0,0,0,0,0,0,0,0,0,0,194,6,0,0,0,0,0,0,0,0,0,0,100,NoArch
73ad9f07b546971ac91e8efebeb2aae2e246f5b2,0,0,0,0,0,0,0,0,0,0,0,0,0,0,195,7,0,0,0,0,0,0,0,0,0,0,100,NoArch
66f3be733a2eb9226ad1c84d8b1681e97e5ac086,0,0,0,0,0,0,0,0,0,0,0,0,0,0,196,8,0,0,0,0,0,0,0,0,0,0,100,NoArch
88124c3c3b8a58328bac547fa942e622663f5484,0,0,0,0,0,0,0,0,0,0,0,0,0,0,197,9,0,0,0,0,0,0,0,0,0,0,100,NoArch
aa5c67aca0f80f463c5bc00fa9eb3fc9a31238e6,0,0,0,0,0,0,0,0,0,0,0,0,0,0,1,0,0,0,0,0,0,0,0,0,0,0,100,NoArch
d0d53ef79cffb09c38305e0c135c71a87c4d35d3,0,0,0,0,0,0,0,0,0,0,0,0,0,0,198,10,0,0,0,0,0,0,0,0,0,0,100,NoArch
7147448667792c12a5005954a9f51d4e2735e1ba,0,0,0,0,0,0,0,0,0,0,0,0,0,0,199,11,0,0,0,0,0,0,0,0,0,0,100,NoArch
e610e33769c70e13dc7297d9ee1212709ca8993f,0,0,0,0,0,0,0,0,0,0,0,0,0,0,1,0,0,0,0,0,0,0,0,0,0,0,100,NoArch
262eade86ae51cabc0606414c714cfa267c3788c,0,0,0,0,0,0,0,0,0,0,0,0,0,0,1,0,0,0,0,0,0,0,0,0,0,0,100,NoArch
2b540563795612698bba41802e9380a2e2defa59,0,0,0,0,0,0,0,0,0,0,0,0,0,0,1,0,0,0,0,0,0,0,0,0,0,0,100,NoArch
26ca9d8f818307a56d2b79800526a8c0ffcabad5,0,0,0,0,0,0,0,0,0,0,0,0,0,0,1,0,0,0,0,0,0,0,0,0,0,0,100,NoArch
29f9f0497fb1ae227a4c22f3e2a588e77a7fc050,0,0,0,0,0,0,0,0,0,0,0,0,0,0,200,12,0,0,0,0,0,0,0,0,0,0,100,NoArch
f12c7b65f6d0ba5796afed218eee20ae3a339a89,0,0,0,0,0,0,0,0,0,0,0,0,0,0,201,13,0,0,0,0,0,0,0,0,0,0,100,NoArch
cbd393ed59f67c7897f59a1728da664fefa9dd2a,0,0,0,0,0,0,0,0,0,0,0,0,0,0,202,14,0,0,0,0,0,0,0,0,0,0,100,NoArch
8dd0a86833841cd0c10b33777f4c30b1ce138e24,0,0,0,0,0,0,0,0,0,0,0,0,0,0,203,15,0,0,0,0,0,0,0,0,0,0,100,NoArch
c6a783853682bd6c4ffee4c839b856148cc40c32,0,0,0,0,0,0,0,0,0,0,0,0,0,0,204,16,0,0,0,0,0,0,0,0,0,0,100,NoArch
2118751115781e80714bbc3b3438502460f0a120,0,0,0,0,0,0,0,0,0,0,0,0,0,0,205,17,0,0,0,0,0,0,0,0,0,0,100,NoArch
7e7bd17f37cda1624e84e0523a0ab82e1349b6e4,0,0,0,0,0,0,0,0,0,0,0,0,0,0,4,3,0,0,0,0,0,0,0,0,0,0,100,NoArch
c87d6bda92e6f659ac65742b209e5d2f06de35a8,0,0,0,0,0,0,0,0,0,0,0,0,0,0,206,18,0,0,0,0,0,0,0,0,0,0,100,NoArch
ebe5df8ff40671e3d6d6fe02607e2632c3799ba8,0,0,0,0,0,0,0,0,0,0,0,0,0,0,4,3,0,0,0,0,0,0,0,0,0,0,100,NoArch
3ee49ff31c59bd7af923b5be7dcdd0833a174399,0,0,0,0,0,0,0,0,0,0,0,0,0,0,4,3,0,0,0,0,0,0,0,0,0,0,100,NoArch
d3991106387254d87adbba6516c65cebc0cb8548,0,0,0,0,0,0,0,0,0,0,0,0,0,0,17,16,0,0,0,0,0,0,0,0,0,0,100,NoArch
8d578d5b34340ea426c9e52c3d3e7a4f844c7932,0,0,0,0,0,0,0,0,0,0,0,0,0,0,18,17,0,0,0,0,0,0,0,0,0,0,100,NoArch
30ef9585d087299bf6035468aa67e6787a711da9,0,0,0,0,0,0,0,0,0,0,0,0,0,0,18,17,0,0,0,0,0,0,0,0,0,0,100,NoArch
eb2b8037e4e062dcb27e3700cbf48fe043671d50,0,0,0,0,0,0,0,0,0,0,0,0,0,0,207,19,0,0,0,0,0,0,0,0,0,0,100,NoArch
d238928e5a08c73083c806d91eabb2a1eb62014f,0,0,0,0,0,0,0,0,0,0,0,0,0,0,208,20,0,0,0,0,0,0,0,0,0,0,100,NoArch
930c94a846a9acdb60fde28667350255dd5621bc,0,0,0,0,0,0,0,0,0,0,0,0,0,0,209,21,0,0,0,0,0,0,0,0,0,0,100,NoArch
a6b16e1ad4230ad0f29bb39283a8a5659664eacf,0,0,0,0,0,0,0,0,0,0,0,0,0,0,210,22,0,0,0,0,0,0,0,0,0,0,100,NoArch
922a95c48c7f06196a1121e3163b54b7ec52e9dd,0,0,0,0,0,0,0,0,0,0,0,0,0,0,211,23,0,0,0,0,0,0,0,0,0,0,100,NoArch
6133d771bb6d6e0b79a886d16c0473f4d51bd677,0,0,0,0,0,0,0,0,0,0,0,0,0,0,212,24,0,0,0,0,0,0,0,0,0,0,100,NoArch
02263206ac69764c9f031d016b60c4ede6ef1884,0,0,0,0,0,0,0,0,0,0,0,0,0,0,24,23,0,0,0,0,0,0,0,0,0,0,100,NoArch
404dbf58a9ea213224501ad34e2c2e5ab5c6acb0,339,3962,5409,1447,19,37,-18,1,30,1407,11,129,6.766458787,50894,218,26,4563,4610,47,157048,165547,8499,2399,2452,53,0,86.81370249,Arch
c104ec50b9fd0f634dc133d1ad3f8cbe7060d90a,4,82,12,70,1,0,1,5,12,3850,2,4,1.587498639,1441,219,27,200,196,4,4762,4612,150,79,76,3,1,99.95642702,NoArch
82f87bb863b41198f19c0080fbcf8a21d0fc89b4,338,5208,4128,1080,32,19,13,3,31,3582,11,130,6.75603021,49766,24,23,4605,4576,29,165087,157586,7501,2447,2411,36,0,86.77298311,Arch
d3eb0f4c56766db44c16573e9e1affc821d2e66c,0,0,0,0,0,0,0,0,0,0,0,0,0,0,24,23,0,0,0,0,0,0,0,0,0,0,100,NoArch
0710a8fffe95c2b3061a24cbc9c5281b15fb3476,0,0,0,0,0,0,0,0,0,0,0,0,0,0,24,23,0,0,0,0,0,0,0,0,0,0,100,NoArch
d3efe5c1b5da6a00337f5b56c9f232f3955dd827,0,0,0,0,0,0,0,0,0,0,0,0,0,0,24,23,0,0,0,0,0,0,0,0,0,0,100,NoArch
da75b329a47a823a8955293b1dd98bb460621d81,0,0,0,0,0,0,0,0,0,0,0,0,0,0,24,23,0,0,0,0,0,0,0,0,0,0,100,NoArch
32ee3ed07a9c3a11501e82c5143c9182e5dffba9,340,4020,5435,1415,19,38,-19,1,30,1415,11,129,6.787499779,50964,21,21,4567,4610,43,157198,165547,8349,2402,2452,50,0,86.77298311,Arch
5d2370285e9f0136e00332834088f61215e543c5,0,0,0,0,0,0,0,0,0,0,0,0,0,0,21,21,0,0,0,0,0,0,0,0,0,0,100,NoArch
6ae293a21108c80688f7fe7bc41e9159321bb65d,0,0,0,0,0,0,0,0,0,0,0,0,0,0,21,21,0,0,0,0,0,0,0,0,0,0,100,NoArch
a3a7b1491786afdf2d33404733ee4dcd16c2106c,0,0,0,0,0,0,0,0,0,0,0,0,0,0,21,21,0,0,0,0,0,0,0,0,0,0,100,NoArch
4dc7ab67a850f02e59e3e4faa1ebddd26ec78b38,0,0,0,0,0,0,0,0,0,0,0,0,0,0,21,21,0,0,0,0,0,0,0,0,0,0,100,NoArch
354d442a364afcf56c19f1856fee91fe79c30bd2,0,0,0,0,0,0,0,0,0,0,0,0,0,0,21,21,0,0,0,0,0,0,0,0,0,0,100,NoArch
ea5863171de04d4c0aeba48c4c6a422d95a2406b,0,0,0,0,0,0,0,0,0,0,0,0,0,0,21,21,0,0,0,0,0,0,0,0,0,0,100,NoArch
ccc631f583a19731dc12fa2c072a2e4fe664f3c1,0,0,0,0,0,0,0,0,0,0,0,0,0,0,21,21,0,0,0,0,0,0,0,0,0,0,100,NoArch
2eabd42389744f59839b8ea9b3ccef005a8856e2,0,0,0,0,0,0,0,0,0,0,0,0,0,0,21,21,0,0,0,0,0,0,0,0,0,0,100,NoArch
5d36826f6b8f37365d9cb14378eb0f792be80b25,0,0,0,0,0,0,0,0,0,0,0,0,0,0,21,21,0,0,0,0,0,0,0,0,0,0,100,NoArch
586888a19ef2c790652d87ff0693f65a6b334261,0,0,0,0,0,0,0,0,0,0,0,0,0,0,21,21,0,0,0,0,0,0,0,0,0,0,100,NoArch
6f5809cbb241bff9a4dafd9096647f1cc8cefd12,0,0,0,0,0,0,0,0,0,0,0,0,0,0,21,21,0,0,0,0,0,0,0,0,0,0,100,NoArch
9686735a93675a3a607b5d5b35e0e51d3fab5a50,0,0,0,0,0,0,0,0,0,0,0,0,0,0,220,28,0,0,0,0,0,0,0,0,0,0,100,NoArch
e8dbb1e054e02637a89fec55dac328f09f75ac25,0,0,0,0,0,0,0,0,0,0,0,0,0,0,221,29,0,0,0,0,0,0,0,0,0,0,100,NoArch
c736286f9223af958493badcd1c0d021e78feba2,0,0,0,0,0,0,0,0,0,0,0,0,0,0,222,30,0,0,0,0,0,0,0,0,0,0,100,NoArch
bcabc6bb336b21cfaca044647cca342ce1e6ef5e,0,0,0,0,0,0,0,0,0,0,0,0,0,0,223,31,0,0,0,0,0,0,0,0,0,0,100,NoArch
99cef46f28d248936474d2f24416fc7d707e1800,0,0,0,0,0,0,0,0,0,0,0,0,0,0,224,32,0,0,0,0,0,0,0,0,0,0,100,NoArch
4938a4309a2999069c70eb52a8e5960af3de297e,0,0,0,0,0,0,0,0,0,0,0,0,0,0,225,33,0,0,0,0,0,0,0,0,0,0,100,NoArch
d7477737c49b05c2de77bd27161832eb22a8827a,0,0,0,0,0,0,0,0,0,0,0,0,0,0,226,34,0,0,0,0,0,0,0,0,0,0,100,NoArch
e646d89846d9742e3e3850f87bc4a0a3261d008e,0,0,0,0,0,0,0,0,0,0,0,0,0,0,227,35,0,0,0,0,0,0,0,0,0,0,100,NoArch
718351e9716c01542858af126429bd5f9414b6dc,0,0,0,0,0,0,0,0,0,0,0,0,0,0,228,36,0,0,0,0,0,0,0,0,0,0,100,NoArch
5a71a32e867a48bbae410c2e61c031967eda651c,0,0,0,0,0,0,0,0,0,0,0,0,0,0,229,37,0,0,0,0,0,0,0,0,0,0,100,NoArch
5fc85aff1c503e705eb4a60f412e913e73dde0eb,0,0,0,0,0,0,0,0,0,0,0,0,0,0,230,38,0,0,0,0,0,0,0,0,0,0,100,NoArch
b1bd9bad2fd058f399dd534f0ef176817bcf5338,0,0,0,0,0,0,0,0,0,0,0,0,0,0,231,39,0,0,0,0,0,0,0,0,0,0,100,NoArch
d437d83ed487b4dbe8ff2aa04ef9403dffaa2876,338,5208,4128,1080,32,19,13,3,31,3582,11,130,6.75603021,49766,213,25,4605,4576,29,165087,157586,7501,2447,2411,36,0,86.77298311,Arch
c49dfe778786e68e08a8a755b7921ee24fcae528,0,0,0,0,0,0,0,0,0,0,0,0,0,0,214,26,0,0,0,0,0,0,0,0,0,0,100,NoArch
996ffaa0e2c5f1569ae6dc715b83729d628147b1,0,0,0,0,0,0,0,0,0,0,0,0,0,0,215,27,0,0,0,0,0,0,0,0,0,0,100,NoArch
b834008781c56bfec889e007cd74feb5ad3efc91,0,0,0,0,0,0,0,0,0,0,0,0,0,0,24,23,0,0,0,0,0,0,0,0,0,0,100,NoArch
b3aaa16fbac7bd492e3dec2e7fba16e2a53b6376,0,0,0,0,0,0,0,0,0,0,0,0,0,0,24,23,0,0,0,0,0,0,0,0,0,0,100,NoArch
6cdfe25deac27b90fa86f9b52333988a9e986e1c,0,0,0,0,0,0,0,0,0,0,0,0,0,0,216,28,0,0,0,0,0,0,0,0,0,0,100,NoArch
e88bbf5722a344ec60d939eb6ce601ded2c3c93b,0,0,0,0,0,0,0,0,0,0,0,0,0,0,217,29,0,0,0,0,0,0,0,0,0,0,100,NoArch
ab4b72fb6f6d15dd96036def612008205a45c8e6,0,0,0,0,0,0,0,0,0,0,0,0,0,0,218,30,0,0,0,0,0,0,0,0,0,0,100,NoArch
e3ebb2acf8f879aa9c57df048f256c34426c0898,0,0,0,0,0,0,0,0,0,0,0,0,0,0,24,23,0,0,0,0,0,0,0,0,0,0,100,NoArch
fc4028e70c15ae7907e0f23cc47569fad143d33e,0,0,0,0,0,0,0,0,0,0,0,0,0,0,219,31,0,0,0,0,0,0,0,0,0,0,100,NoArch
10c48974d0c0fededcc3a643af26b9528c9eedee,0,0,0,0,0,0,0,0,0,0,0,0,0,0,30,29,0,0,0,0,0,0,0,0,0,0,100,NoArch
fa98782d5b670e2094ed28759107e2992139a3e7,0,0,0,0,0,0,0,0,0,0,0,0,0,0,24,23,0,0,0,0,0,0,0,0,0,0,100,NoArch
ec87a40c55331966e15633dbe1401738c5ddfcb8,0,0,0,0,0,0,0,0,0,0,0,0,0,0,24,23,0,0,0,0,0,0,0,0,0,0,100,NoArch
b318fc26a72eef810987ed55d6c04ea9e7975864,0,0,0,0,0,0,0,0,0,0,0,0,0,0,24,23,0,0,0,0,0,0,0,0,0,0,100,NoArch
6c6001e37ae9a8f6055f1d2024bdfcd6c70f91c7,0,0,0,0,0,0,0,0,0,0,0,0,0,0,220,32,0,0,0,0,0,0,0,0,0,0,100,NoArch
7ac34806abcd61856b798c5d8fffe81b8ca45020,340,4020,5435,1415,19,38,-19,1,30,1415,11,129,6.787499779,50964,232,40,4567,4610,43,157198,165547,8349,2402,2452,50,0,86.77298311,Arch
7bbb0e0c7048f31fbdfe4b9f71519bf2305540cc,0,0,0,0,0,0,0,0,0,0,0,0,0,0,233,41,0,0,0,0,0,0,0,0,0,0,100,NoArch
dc3ffc16ffe00752e2537c09ed9371c946be1098,338,5208,4128,1080,32,19,13,3,31,3582,11,130,6.75603021,49766,221,33,4605,4576,29,165087,157586,7501,2447,2411,36,0,86.77298311,Arch
fa73beb9a91ca017f30f7e619802ec7f58c4de04,0,0,0,0,0,0,0,0,0,0,0,0,0,0,222,34,0,0,0,0,0,0,0,0,0,0,100,NoArch
6d758cfca561164d34640a0038a8a10db26b45ec,0,0,0,0,0,0,0,0,0,0,0,0,0,0,223,35,0,0,0,0,0,0,0,0,0,0,100,NoArch
54c2f385653612e41dbd53d6ca8f177bb04e5e8c,0,0,0,0,0,0,0,0,0,0,0,0,0,0,224,36,0,0,0,0,0,0,0,0,0,0,100,NoArch
2dba442eccb78cbf35abe36f4a3f42ded7f258c0,0,0,0,0,0,0,0,0,0,0,0,0,0,0,225,37,0,0,0,0,0,0,0,0,0,0,100,NoArch
268febf132eaa82ecff402f897940a19fd08f00e,0,0,0,0,0,0,0,0,0,0,0,0,0,0,37,36,0,0,0,0,0,0,0,0,0,0,100,NoArch
6bf5695d7e50906346fa0472858508e3a54c1284,340,4020,5435,1415,19,38,-19,1,30,1415,11,129,6.787499779,50964,234,42,4567,4610,43,157198,165547,8349,2402,2452,50,0,86.77298311,Arch
b82377a55f6a75076d6ca86969eccfc61ec3e62a,338,5208,4128,1080,32,19,13,3,31,3582,11,130,6.75603021,49766,226,38,4605,4576,29,165087,157586,7501,2447,2411,36,0,86.77298311,Arch
41133ec978044ddd55a595c2da237bcabada6bfd,340,4020,5435,1415,19,38,-19,1,30,1415,11,129,6.787499779,50964,235,43,4567,4610,43,157198,165547,8349,2402,2452,50,0,86.77298311,Arch
bfc75e1b56fdbaa3d61b72693c3dcd160c11db6f,0,0,0,0,0,0,0,0,0,0,0,0,0,0,236,44,0,0,0,0,0,0,0,0,0,0,100,NoArch
43240d91590fa6bb20d5eddc1ebb122356595cd4,3,114,1,113,2,0,2,1,2,2179,1,2,1.23641185,53,0,0,7,2,5,643,197,446,7,2,5,1,99.9129678,NoArch
28e10e0ca1cdcd2cede86802fde8464b29265fc8,17,291,32,259,1,0,1,2,19,7704,2,9,3.423005553,2901,237,45,232,208,24,10736,9955,781,143,123,20,0,97.52772643,Arch
7141f41137f058a3c756ea13ed4e0fef9a3abb66,0,0,0,0,0,0,0,0,0,0,0,0,0,0,238,46,0,0,0,0,0,0,0,0,0,0,100,NoArch
0b277a682bfea561fab5d2636bd91535e326be62,0,0,0,0,0,0,0,0,0,0,0,0,0,0,239,47,0,0,0,0,0,0,0,0,0,0,100,NoArch
70540215a6165796a5864ef4662e158b1b218e91,347,5231,4416,815,32,20,12,3,31,3509,11,129,6.838905972,50565,0,0,4637,4632,5,166669,160004,6665,2476,2460,16,0,86.86313686,Arch
bf7cd24b6dd8f854334cf37e7e0a44389468b46e,3,3,110,107,0,2,-2,0,3,406,1,2,1.178283227,166,38,37,2,7,5,252,643,391,2,7,5,0,99.89858012,NoArch
dcd864641a1fdae7fa1ace750df50320fb19327f,0,0,0,0,0,0,0,0,0,0,0,0,0,0,38,37,0,0,0,0,0,0,0,0,0,0,100,NoArch
94f9f0b42793abd66b70b93b90f4f6190679ba4f,0,0,0,0,0,0,0,0,0,0,0,0,0,0,38,37,0,0,0,0,0,0,0,0,0,0,100,NoArch
dac7248106bcf17208000856a5321f367f73037a,0,0,0,0,0,0,0,0,0,0,0,0,0,0,38,37,0,0,0,0,0,0,0,0,0,0,100,NoArch
c89cf2a4afe080c80cb4efaa2e8ec17f23069b14,0,0,0,0,0,0,0,0,0,0,0,0,0,0,38,37,0,0,0,0,0,0,0,0,0,0,100,NoArch
45caf3a84e4c8acc95be4203d1480b514d45c37b,0,0,0,0,0,0,0,0,0,0,0,0,0,0,38,37,0,0,0,0,0,0,0,0,0,0,100,NoArch
0d27bd0172c3e9cd53528ccf000c8fef0d5f8e24,3,110,3,107,2,0,2,1,4,253,1,2,1.178283227,59,165,0,7,2,5,643,252,391,7,2,5,1,99.89858012,NoArch
5e5bcb102a59dcccfc96b51bb40b2eeca41fef28,349,4308,5458,1150,20,38,-18,1,30,1705,11,128,6.868936016,51498,38,0,4623,4640,17,159616,167014,7398,2451,2479,28,1,86.86313686,Arch
ca3925552345a988307b4a32d54ee8f59033bb0a,0,0,0,0,0,0,0,0,0,0,0,0,0,0,39,1,0,0,0,0,0,0,0,0,0,1,100,NoArch
7529eeb512e23a23499ea03b142d84d193cf170e,347,5231,4416,815,32,20,12,3,31,3509,11,129,6.838905972,50565,38,0,4637,4632,5,166669,160004,6665,2476,2460,16,0,86.86313686,Arch
eb78a35b279639ee74d4d887c648f607f959a87a,349,4308,5458,1150,20,38,-18,1,30,1705,11,128,6.868936016,51498,33,0,4623,4640,17,159616,167014,7398,2451,2479,28,0,86.86313686,Arch
8a522bde95a15ce65379acfd4bfd8c7f92684900,0,0,0,0,0,0,0,0,0,0,0,0,0,0,33,0,0,0,0,0,0,0,0,0,0,0,100,NoArch
97b422297c157617f0ce1dc2ebec5710a5a87222,2,27,3,24,0,0,0,3,4,1081,1,2,0.918295834,207,0,0,19,17,2,1047,877,170,16,15,1,1,100,NoArch
f5f10982ed0984f042927c6056adfae663266eb9,2,3,27,24,0,0,0,2,3,7923,1,2,0.918295834,231,40,2,17,19,2,877,1047,170,15,16,1,1,100,NoArch
c6560561ee86265a9420c74fe6ac012de5875e1f,0,0,0,0,0,0,0,0,0,0,0,0,0,0,39,1,0,0,0,0,0,0,0,0,0,1,100,NoArch
396c88f94c5e1cc810fa20cd373be8c93416b284,0,0,0,0,0,0,0,0,0,0,0,0,0,0,42,4,0,0,0,0,0,0,0,0,0,1,100,NoArch
efbd28cbe72ec7fd06c7295b6b162a76544305b6,2,27,3,24,0,0,0,3,4,1081,1,2,0.918295834,207,43,5,19,17,2,1047,877,170,16,15,1,1,100,NoArch
2c1254e558cb15f3aba191ff05b64956bc4cbaa9,0,0,0,0,0,0,0,0,0,0,0,0,0,0,44,6,0,0,0,0,0,0,0,0,0,1,100,NoArch
921759e7d6733b101697182d7eac923116b4dd5d,0,0,0,0,0,0,0,0,0,0,0,0,0,0,45,7,0,0,0,0,0,0,0,0,0,1,100,NoArch
302f2f9e7a026803da831af160e44d225b93b085,0,0,0,0,0,0,0,0,0,0,0,0,0,0,46,8,0,0,0,0,0,0,0,0,0,0,100,NoArch
d9a75a420f691a700fabc9464f049bd9c9267925,337,5203,4153,1050,32,19,13,3,31,3567,11,129,6.757229665,49688,227,0,4614,4587,27,165105,157829,7276,2456,2421,35,0,86.95435271,Arch
d6f6959621885177472b24dae3f6406e274ffbf5,341,4063,5434,1371,19,38,-19,1,30,1446,11,128,6.79756489,50966,240,0,4586,4626,40,157877,165935,8058,2420,2468,48,1,86.95435271,Arch
7d26ab75d9b5ac232297d172056ed14359edb66c,4,4,18,14,0,0,0,4,10,7085,1,2,1.563279036,1096,47,9,72,73,1,6394,6460,66,55,56,1,0,100,NoArch
4de49f7271ce0e6e9475400307742139f8b267a2,0,0,0,0,0,0,0,0,0,0,0,0,0,0,48,10,0,0,0,0,0,0,0,0,0,0,100,NoArch
329dc7e4b1ea037c33526b8fe8794d0208c47d4e,4,18,4,14,0,0,0,4,11,651,1,2,1.563279036,1082,49,11,73,72,1,6460,6394,66,56,55,1,1,100,NoArch
37f47911a60cd85cdb85a9f3a963dc30ab114c78,341,5228,4196,1032,32,19,13,3,31,3585,11,129,6.7826346,49990,228,1,4631,4605,26,166186,158979,7207,2472,2438,34,0,86.95435271,Arch
cfe890714f1cfe0aff98550c5603477efa71b3fe,343,4088,5455,1367,19,38,-19,1,30,1499,11,128,6.81364994,51140,34,1,4596,4636,40,158591,166646,8055,2429,2477,48,0,86.95435271,Arch
548ca1d7f8c761e6f64c5f19ea2514a734f9169a,0,0,0,0,0,0,0,0,0,0,0,0,0,0,241,1,0,0,0,0,0,0,0,0,0,0,100,NoArch
bd5903941f34d4fd788fa57e2b58e0cdbb940596,0,0,0,0,0,0,0,0,0,0,0,0,0,0,242,2,0,0,0,0,0,0,0,0,0,0,100,NoArch
3203c8f6314e7a37b35803b19c672c733d5662db,341,5228,4196,1032,32,19,13,3,31,3585,11,129,6.7826346,49990,93,0,4631,4605,26,166186,158979,7207,2472,2438,34,0,86.95435271,Arch
85ce71217b294991df5d82d5676e3707037fdf20,2,27,1,26,0,0,0,3,5,995,1,2,0.863120569,209,0,0,19,17,2,1102,928,174,16,15,1,1,100,NoArch
9635f0181bc273675abc23471cc7b5c0fb9f867c,20,184,323,139,2,1,1,1,19,1923,3,10,3.676595268,3296,8,0,220,239,19,11293,11545,252,131,147,16,1,99.67188289,NoArch
41bd51529e455713e31d94a6f39bcc396a3b842b,351,4350,5604,1254,20,40,-20,1,30,1583,11,129,6.90230723,51640,50,2,4626,4647,21,159852,167714,7862,2453,2484,31,0,86.7548017,Arch
bdd6866943542535b4ac73abbada30aee3b17741,341,5228,4196,1032,32,19,13,3,31,3585,11,129,6.7826346,49990,2,0,4631,4605,26,166186,158979,7207,2472,2438,34,0,86.95435271,Arch
740a54b7307bc30ffbc74d4e41cf6d81374b3236,343,4088,5455,1367,19,38,-19,1,30,1499,11,128,6.81364994,51140,36,0,4596,4636,40,158591,166646,8055,2429,2477,48,0,86.95435271,Arch
5981cd5b55de9d617a83c9fd36bda2275ab0bd70,0,0,0,0,0,0,0,0,0,0,0,0,0,0,36,0,0,0,0,0,0,0,0,0,0,0,100,NoArch
a6693c6bdd80c5e825163fa10d9279e876f0710b,0,0,0,0,0,0,0,0,0,0,0,0,0,0,36,0,0,0,0,0,0,0,0,0,0,0,100,NoArch
f947fb76993597a54ed3667dd8326f89270d59b9,0,0,0,0,0,0,0,0,0,0,0,0,0,0,36,0,0,0,0,0,0,0,0,0,0,0,100,NoArch
a24178b776dcd4f3f72610a121d4590a1ed66cb1,0,0,0,0,0,0,0,0,0,0,0,0,0,0,36,0,0,0,0,0,0,0,0,0,0,0,100,NoArch
2cada070671d272a35a2e1cd3c859d64a373ccf2,0,0,0,0,0,0,0,0,0,0,0,0,0,0,0,0,0,0,0,0,0,0,0,0,0,0,100,NoArch
a0460235c93d933a9f6717b98844fd89bf295cf6,0,0,0,0,0,0,0,0,0,0,0,0,0,0,37,1,0,0,0,0,0,0,0,0,0,0,100,NoArch
2bcdc1e5cd276ba5c5322a18c38df393f896ee90,341,5227,4169,1058,32,19,13,3,31,3553,11,129,6.77733796,49990,94,0,4633,4605,28,166360,158979,7381,2473,2438,35,1,86.95435271,Arch
b6b5849bd8d0566759061cdab565bd0dbec4e9af,2,142,0,142,2,0,2,1,1,0,1,1,0.999856899,0,166,0,7,0,7,700,0,700,5,0,5,1,99.87396017,NoArch
40933969460d229c06bb7301ca7075ed44e57277,1,30,0,30,1,0,1,1,1,0,1,1,0,0,3,1,0,0,0,14,0,14,0,0,0,1,99.94967287,NoArch
0d29d7dd809b206e1754f3a4033619d2221bff88,345,4061,5596,1535,19,40,-21,1,30,1494,11,129,6.833617316,51308,2,0,4596,4645,49,158591,167520,8929,2429,2483,54,1,86.8591339,Arch
947193beb4869a195806a9cc1457ba70188ff52b,0,0,0,0,0,0,0,0,0,0,0,0,0,0,1,1,0,0,0,0,0,0,0,0,0,1,100,NoArch
3ad7c611a8d39f36529b733f48485674ad55591e,344,5395,4183,1212,34,19,15,3,31,3530,11,131,6.813615411,50025,0,0,4640,4605,35,167163,158979,8184,2478,2438,40,1,86.8591339,Arch
818249cd77e8315751eec3690f033ad6691b8d99,4,5,5,0,0,0,0,1,14,986,3,3,1.921928095,712,4,1,56,56,0,1616,1606,10,36,36,0,1,99.79879276,NoArch
7f764587614f11fdc8bb35691cfa8c29579e2195,4,5,5,0,0,0,0,1,13,260,3,3,1.921928095,712,38,0,56,56,0,1606,1616,10,36,36,0,0,99.79879276,NoArch
31794e7bcf47fa66a0050c8b3f8ef2f8b1a51a5c,4,5,5,0,0,0,0,1,14,986,3,3,1.921928095,712,1,1,56,56,0,1616,1606,10,36,36,0,1,99.79879276,NoArch
25f511cb0185fb50574809a56d80399cd0d058ac,1,2,2,0,0,0,0,1,1,0,1,1,0,30,5,2,0,0,0,18,14,4,0,0,0,1,99.89939638,NoArch
8fa58520dbdcdedaa556e29e978f415edbacfca2,0,0,0,0,0,0,0,0,0,0,0,0,0,0,6,3,0,0,0,0,0,0,0,0,0,0,100,NoArch
8ec5b4a569c3205eab33be5673e7d4db0d04149f,345,4061,5596,1535,19,40,-21,1,30,1494,11,130,6.833617316,51308,3,1,4596,4645,49,158591,167530,8939,2429,2483,54,1,86.8591339,Arch
bb30889b8c0635c00c21f717ef327e29f1658594,0,0,0,0,0,0,0,0,0,0,0,0,0,0,4,2,0,0,0,0,0,0,0,0,0,0,100,NoArch
6309a0615ad3e429f9964df1d140a9a0d19ed5d9,345,5397,4185,1212,34,19,15,3,31,3533,11,132,6.816059531,50055,95,0,4640,4605,35,167187,158997,8190,2478,2438,40,0,86.75958188,Arch
9f7727b6bcd6c692d188b4913c84388d78f03083,0,0,0,0,0,0,0,0,0,0,0,0,0,0,96,1,0,0,0,0,0,0,0,0,0,0,100,NoArch
86f605b971afc9cda39d0b1f287feffc2442109e,3,19,3,16,0,0,0,2,13,2286,1,3,1.095795255,895,5,2,123,121,2,2970,2913,57,58,56,2,0,99.97484909,NoArch
17ae4977063893088217209facd9563b7d39f99d,0,0,0,0,0,0,0,0,0,0,0,0,0,0,2,2,0,0,0,0,0,0,0,0,0,0,100,NoArch
ace4d7e11f1c9f429535f40380a0ac0e62452de9,0,0,0,0,0,0,0,0,0,0,0,0,0,0,97,2,0,0,0,0,0,0,0,0,0,0,100,NoArch
de73559c8d66b230870e61b09d46acb83902c659,1,2,2,0,0,0,0,1,1,0,1,1,0,30,3,3,0,0,0,18,14,4,0,0,0,1,99.89939638,NoArch
a7de297472f9beafc270f3bd8e80d7cff66e7256,346,4064,5615,1551,19,40,-21,1,30,1488,11,130,6.839989835,51393,2,1,4602,4653,51,158805,167801,8996,2435,2491,56,1,86.83424589,Arch
c65733828fe9165f8e540a4c0eda8f39ed17332e,0,0,0,0,0,0,0,0,0,0,0,0,0,0,37,0,0,0,0,0,0,0,0,0,0,0,100,NoArch
4edaf476da4539127de81ef6f301a45e53ca5338,2,142,0,142,2,0,2,1,1,0,1,1,0.999856899,0,14,0,7,0,7,700,0,700,5,0,5,1,99.87699877,NoArch
ef9636dae7996204a437e4a92ae306cdafcc358a,1,30,0,30,1,0,1,1,3,17,1,1,0,0,5,2,0,0,0,14,0,14,0,0,0,1,99.95088409,NoArch
1e9d8906af947e53fb58934f98be2c9d84ffe06f,1,0,30,30,0,1,-1,1,4,0,1,1,0,30,6,3,0,0,0,0,14,14,0,0,0,1,99.95088409,NoArch
b4d457d1508bded43299bee48e2232f7ddb39b0c,342,5246,4172,1074,32,19,13,3,31,3567,11,129,6.783926315,50059,8,4,4641,4611,30,166641,159193,7448,2481,2444,37,1,86.97489436,Arch
7dcf8a6f3111a129b0c3f75c5611ed96de61cafd,344,4064,5473,1409,19,38,-19,1,30,1498,11,129,6.814933657,51251,7,4,4602,4646,44,158805,167101,8296,2435,2486,51,1,86.97489436,Arch
f28626978470f00193912a45f975622035516cf9,2,13,11,2,0,0,0,2,2,0,1,1,0.918295834,142,8,5,7,7,0,697,700,3,5,5,0,1,100,NoArch
729a8172aa62bac2d5e22bdffa866dca972e45d8,344,5257,4185,1072,32,19,13,3,31,3555,11,130,6.794589676,50203,4,4,4648,4618,30,167341,159890,7451,2486,2449,37,1,86.97489436,Arch
e9f672a86816d2912119196a6a267be981896c60,346,4077,5484,1407,19,38,-19,1,30,1488,11,130,6.825431877,51393,3,2,4609,4653,44,159502,167801,8299,2440,2491,51,1,86.97489436,Arch
1040d6531e1da8bad727b95857aba3a0fa444049,344,5257,4185,1072,32,19,13,3,31,3555,11,130,6.794589676,50203,9,5,4648,4618,30,167341,159890,7451,2486,2449,37,0,86.97489436,Arch
44d644e4e4e1067c99ba01eb0ade6b53439e00e5,0,0,0,0,0,0,0,0,0,0,0,0,0,0,38,0,0,0,0,0,0,0,0,0,0,0,100,NoArch
c8e2ddc34e39ca1b328175e447b47acbc1687d86,346,4077,5484,1407,19,38,-19,1,30,1488,11,130,6.825431877,51393,243,0,4609,4653,44,159502,167801,8299,2440,2491,51,0,86.97489436,Arch
7e9bb40362b28afa6071af0d68b6ff2c5bf30e5c,344,5257,4185,1072,32,19,13,3,31,3555,11,130,6.794589676,50203,229,0,4648,4618,30,167341,159890,7451,2486,2449,37,0,86.97489436,Arch
3fff0b26f02887b956744740af088bd98b34ed13,0,0,0,0,0,0,0,0,0,0,0,0,0,0,230,1,0,0,0,0,0,0,0,0,0,0,100,NoArch
6ee22af635b98a1d08ccb08e4c186d2dfe1956ce,346,4077,5484,1407,19,38,-19,1,30,1488,11,130,6.825431877,51393,244,1,4609,4653,44,159502,167801,8299,2440,2491,51,0,86.97489436,Arch
8431258636168aa25908ba04c95623ff535309a2,0,0,0,0,0,0,0,0,0,0,0,0,0,0,38,1,0,0,0,0,0,0,0,0,0,0,100,NoArch
421fc89fcc971dd816f129c9cedc2e2826e26434,0,0,0,0,0,0,0,0,0,0,0,0,0,0,245,2,0,0,0,0,0,0,0,0,0,0,100,NoArch
b39d07acd1efc0e5f8bcc09202dc01a903744b9a,0,0,0,0,0,0,0,0,0,0,0,0,0,0,246,3,0,0,0,0,0,0,0,0,0,0,100,NoArch
f0290a91b1079b43e8387d821d3d4d0852c17c19,0,0,0,0,0,0,0,0,0,0,0,0,0,0,38,1,0,0,0,0,0,0,0,0,0,0,100,NoArch
e1357f0682eaed73d9352a641265bc5157669ccd,0,0,0,0,0,0,0,0,0,0,0,0,0,0,38,1,0,0,0,0,0,0,0,0,0,0,100,NoArch
918fb871c3583d112ccad8207c0740342e275433,0,0,0,0,0,0,0,0,0,0,0,0,0,0,38,1,0,0,0,0,0,0,0,0,0,0,100,NoArch
d16211ded8a2af398801e923f37f5821f0b11260,0,0,0,0,0,0,0,0,0,0,0,0,0,0,247,4,0,0,0,0,0,0,0,0,0,0,100,NoArch
5034886f2e6780725f76db6c6b2fb04f6ba2b1a9,0,0,0,0,0,0,0,0,0,0,0,0,0,0,42,1,0,0,0,0,0,0,0,0,0,0,100,NoArch
f6d6cbaf8ab61118f933972115ce457b874bfc14,0,0,0,0,0,0,0,0,0,0,0,0,0,0,248,5,0,0,0,0,0,0,0,0,0,0,100,NoArch
55695c438998e9e259e2ec8604bda715a2dc6418,0,0,0,0,0,0,0,0,0,0,0,0,0,0,249,6,0,0,0,0,0,0,0,0,0,0,100,NoArch
cebb0faf8fff1498a77ead2ab80a794e59ffe2e2,0,0,0,0,0,0,0,0,0,0,0,0,0,0,250,7,0,0,0,0,0,0,0,0,0,0,100,NoArch
e048b2caf22a285b130f287c695a6de0f2d7bedb,0,0,0,0,0,0,0,0,0,0,0,0,0,0,251,8,0,0,0,0,0,0,0,0,0,0,100,NoArch
31c1fa58b13d29999f25a79d8fcbb66cc784a16f,0,0,0,0,0,0,0,0,0,0,0,0,0,0,252,9,0,0,0,0,0,0,0,0,0,0,100,NoArch
ff71b647bb311688ef3a5754bc8d7454edbb8ef2,0,0,0,0,0,0,0,0,0,0,0,0,0,0,47,6,0,0,0,0,0,0,0,0,0,0,100,NoArch
7f70d72d53443dc06be3ce6b4ab07a1da3cf3d25,0,0,0,0,0,0,0,0,0,0,0,0,0,0,47,6,0,0,0,0,0,0,0,0,0,0,100,NoArch
b303b3f37de057b35bc3e94fbb27eba1623e2c98,0,0,0,0,0,0,0,0,0,0,0,0,0,0,47,6,0,0,0,0,0,0,0,0,0,0,100,NoArch
a02e6e066cc7220ea33ad07c49b3982d007feec9,0,0,0,0,0,0,0,0,0,0,0,0,0,0,47,6,0,0,0,0,0,0,0,0,0,0,100,NoArch
139692472157d25c39ea0e13c918ae0ca49b27fb,344,5257,4185,1072,32,19,13,3,31,3555,11,130,6.794589676,50203,10,2,4648,4618,30,167341,159890,7451,2486,2449,37,0,86.97489436,Arch
3ffaa1d12797479bd5a10f148d0b3ba801677979,346,4077,5484,1407,19,38,-19,1,30,1488,11,130,6.825431877,51393,253,10,4609,4653,44,159502,167801,8299,2440,2491,51,0,86.97489436,Arch
de914a71298843c42fd8b53487154d71d8081be5,0,0,0,0,0,0,0,0,0,0,0,0,0,0,254,11,0,0,0,0,0,0,0,0,0,0,100,NoArch
79938a04281bb5d340de8c2408afa44fcecdf2e9,0,0,0,0,0,0,0,0,0,0,0,0,0,0,255,12,0,0,0,0,0,0,0,0,0,0,100,NoArch
c9f3d988273823febc51b87eeba28e3d6f473179,0,0,0,0,0,0,0,0,0,0,0,0,0,0,256,13,0,0,0,0,0,0,0,0,0,0,100,NoArch
c205b5e2b329fdf11832093a8e4126f7fb1c204f,0,0,0,0,0,0,0,0,0,0,0,0,0,0,257,14,0,0,0,0,0,0,0,0,0,0,100,NoArch
42f8a4b522a4e7123ce42fe7688249329079455d,0,0,0,0,0,0,0,0,0,0,0,0,0,0,258,15,0,0,0,0,0,0,0,0,0,0,100,NoArch
d477a0f4569ec8c6325d0975edc3a4a9944da71e,0,0,0,0,0,0,0,0,0,0,0,0,0,0,259,16,0,0,0,0,0,0,0,0,0,0,100,NoArch
e0d0b0d89d7cbc9bd654b84cf7aa58e348b0c74c,344,5257,4185,1072,32,19,13,3,31,3555,11,130,6.794589676,50203,5,0,4648,4618,30,167341,159890,7451,2486,2449,37,0,86.97489436,Arch
1e8081c1aac21540fc0624ea6b4ea53a13e58e75,0,0,0,0,0,0,0,0,0,0,0,0,0,0,6,1,0,0,0,0,0,0,0,0,0,0,100,NoArch
11b05f93a0bcb55ced353921fba6b6c5107742fd,0,0,0,0,0,0,0,0,0,0,0,0,0,0,7,2,0,0,0,0,0,0,0,0,0,0,100,NoArch
c64a7981b0dd04047420ff1ff2cf9be82f6725ec,0,0,0,0,0,0,0,0,0,0,0,0,0,0,8,3,0,0,0,0,0,0,0,0,0,0,100,NoArch
3356e65510e5e1b249181c19e8b498dc921c2b55,0,0,0,0,0,0,0,0,0,0,0,0,0,0,9,4,0,0,0,0,0,0,0,0,0,0,100,NoArch
80c5ade9af822173964546d3f904cbbcae3f5094,0,0,0,0,0,0,0,0,0,0,0,0,0,0,10,5,0,0,0,0,0,0,0,0,0,0,100,NoArch
2cfe81c5740c1f886bb27fc2c50b693a1644ba8f,0,0,0,0,0,0,0,0,0,0,0,0,0,0,11,6,0,0,0,0,0,0,0,0,0,0,100,NoArch
ae09d12952e29a256faf60e261f973a343abf2a1,0,0,0,0,0,0,0,0,0,0,0,0,0,0,12,7,0,0,0,0,0,0,0,0,0,0,100,NoArch
d0ca4a5f08d0f7fc845a4eddb1a8a2afaa7f280c,0,0,0,0,0,0,0,0,0,0,0,0,0,0,47,0,0,0,0,0,0,0,0,0,0,0,100,NoArch
1bfd6081ceef5ad67a017b92a59329cf78e0c91d,0,0,0,0,0,0,0,0,0,0,0,0,0,0,47,0,0,0,0,0,0,0,0,0,0,0,100,NoArch
c0966bbd2b179268bc8c853ffaf5cc0498a38fbf,1,4,4,0,0,0,0,6,22,2901,1,1,0,668,0,0,130,130,0,2670,2670,0,52,52,0,0,100,NoArch
244c7031303c6e77818b8e776809f4a54edd7bce,1,4,4,0,0,0,0,5,21,1106,1,1,0,668,47,0,130,130,0,2670,2670,0,52,52,0,0,100,NoArch
ce0eeaefdde2b59fd3f57f12144877dbf3d119b1,0,0,0,0,0,0,0,0,0,0,0,0,0,0,0,0,0,0,0,0,0,0,0,0,0,1,100,NoArch
8fab24a43c119e7c372949a297cc936658eef58f,0,0,0,0,0,0,0,0,0,0,0,0,0,0,13,8,0,0,0,0,0,0,0,0,0,0,100,NoArch
0c59b8a906e7587a74a2fde08ad13ef90b7416f4,0,0,0,0,0,0,0,0,0,0,0,0,0,0,14,9,0,0,0,0,0,0,0,0,0,0,100,NoArch
4aa4db5c3443b47801d295044c372c630bbb05c2,0,0,0,0,0,0,0,0,0,0,0,0,0,0,15,10,0,0,0,0,0,0,0,0,0,1,100,NoArch
f08ce4eca4dfdf01a8eb37ec67389efb2abac8e4,346,4077,5484,1407,19,38,-19,1,30,1488,11,130,6.825431877,51393,0,0,4609,4653,44,159502,167801,8299,2440,2491,51,1,86.97489436,Arch
7b6f5f6880291c9ccca41cf33c7d24f88f2d39c9,344,5257,4185,1072,32,19,13,3,31,3555,11,130,6.794589676,50203,11,0,4648,4618,30,167341,159890,7451,2486,2449,37,1,86.97489436,Arch
3c4a25095940d2dd999eebe3d84f0e28b34349e3,346,4077,5484,1407,19,38,-19,1,30,1488,11,130,6.825431877,51393,4,0,4609,4653,44,159502,167801,8299,2440,2491,51,1,86.97489436,Arch
94a6480bb4f0524eefefd4010469f2a6e62ae41b,0,0,0,0,0,0,0,0,0,0,0,0,0,0,9,0,0,0,0,0,0,0,0,0,0,1,100,NoArch
a2eb7e88067c5ae2f851c4973aff005fa892dadf,0,0,0,0,0,0,0,0,0,0,0,0,0,0,5,1,0,0,0,0,0,0,0,0,0,1,100,NoArch
e167a712d6908be2a5c5f2c36fc10ab64a4b256a,1,34,0,34,1,0,1,1,1,0,1,1,0,0,260,0,1,0,1,108,0,108,1,0,1,0,99.95088409,NoArch
adb56c885210eeca710b2df17f6b3aeda85e4f35,0,0,0,0,0,0,0,0,0,0,0,0,0,0,261,1,0,0,0,0,0,0,0,0,0,0,100,NoArch
e3c56b529ab2836e0428406547128ff083e1ec62,345,5257,4219,1038,32,20,12,3,31,3550,11,131,6.8045217,50237,16,11,4648,4619,29,167341,159998,7343,2486,2450,36,1,86.93167702,Arch
2ab2442fb3c7b5b330099975a0d6640b6de0879d,1,4,4,0,0,0,0,6,22,2901,1,1,0,668,17,12,130,130,0,2670,2670,0,52,52,0,0,100,NoArch
0102f1346acc444fb173e4198647961973c1d5e1,0,0,0,0,0,0,0,0,0,0,0,0,0,0,18,13,0,0,0,0,0,0,0,0,0,0,100,NoArch
bdbbb98cd628fc03fa95696fc0e563320bf44cc5,0,0,0,0,0,0,0,0,0,0,0,0,0,0,50,3,0,0,0,0,0,0,0,0,0,0,100,NoArch
65e6c981f06717d9381f9c9e22b5f65282089e25,1,34,0,34,1,0,1,1,1,0,1,1,0,0,231,0,1,0,1,108,0,108,1,0,1,0,99.94972348,NoArch
ced1f3808f83370bcfc5c6e55f788f20fcc244b2,0,0,0,0,0,0,0,0,0,0,0,0,0,0,50,1,0,0,0,0,0,0,0,0,0,0,100,NoArch
c6a700299a3a4e8226ec1db459a99f06bcc4d80e,0,0,0,0,0,0,0,0,0,0,0,0,0,0,232,1,0,0,0,0,0,0,0,0,0,0,100,NoArch
474a8328dc98b3eb2f7a2f58459b76ece73ac626,0,0,0,0,0,0,0,0,0,0,0,0,0,0,51,2,0,0,0,0,0,0,0,0,0,0,100,NoArch
3c64f53a2f8df1c3028e11b7f3d9eee76d1e2269,0,0,0,0,0,0,0,0,0,0,0,0,0,0,12,1,0,0,0,0,0,0,0,0,0,1,100,NoArch
84fc88288f8bbd35d07c0328524c7b4bc5c364fe,0,0,0,0,0,0,0,0,0,0,0,0,0,0,19,3,0,0,0,0,0,0,0,0,0,1,100,NoArch
d0432fc09b50d6545f1e0024f8f9aa5fdc63de31,50,4328,8,4320,46,0,46,1,3,551,5,13,5.055056686,797,13,1,518,123,395,25428,2506,22922,305,56,249,1,90.55805343,Arch
7b4604cec3256c92a7742b63dfdb467b43c773b7,0,0,0,0,0,0,0,0,0,0,0,0,0,0,20,4,0,0,0,0,0,0,0,0,0,1,100,NoArch
3cea9eafc08a7623f98bfdb333c346e7f33d53ce,0,0,0,0,0,0,0,0,0,0,0,0,0,0,21,5,0,0,0,0,0,0,0,0,0,0,100,NoArch
73b47f5d3f519f8fac21eb2e64a7e114e93939ad,0,0,0,0,0,0,0,0,0,0,0,0,0,0,14,2,0,0,0,0,0,0,0,0,0,0,100,NoArch
495350b2f40254940e658fc6806443e923877c1d,0,0,0,0,0,0,0,0,0,0,0,0,0,0,52,2,0,0,0,0,0,0,0,0,0,0,100,NoArch
eeb70924074168cad1d42ef6bf0a19d09b8ec00b,0,0,0,0,0,0,0,0,0,0,0,0,0,0,52,2,0,0,0,0,0,0,0,0,0,0,100,NoArch
fb593f6ce632c489a2640d55a199c0fa86af60a9,2,54,1,53,1,0,1,1,5,1480,1,2,0.225363639,58,98,0,7,6,1,422,233,189,4,3,1,1,99.88842399,NoArch
33a010f3e327847634dfff37cb587895ed32074e,2,1,54,53,0,1,-1,0,4,5452,1,2,0.225363639,111,15,3,6,7,1,233,422,189,3,4,1,0,99.88842399,NoArch
75d90fbc84a945d2c408ad6c1adf860629e677f5,0,0,0,0,0,0,0,0,0,0,0,0,0,0,16,4,0,0,0,0,0,0,0,0,0,0,100,NoArch
eac02ca7178a51b5f4364fab8b8cee45a95ce031,0,0,0,0,0,0,0,0,0,0,0,0,0,0,22,3,0,0,0,0,0,0,0,0,0,0,100,NoArch
75f118db8ab90f6dfc08db2303548f17cda15069,0,0,0,0,0,0,0,0,0,0,0,0,0,0,17,5,0,0,0,0,0,0,0,0,0,0,100,NoArch
53eb74bc7e71aebf2ccf3607c0442d082c781647,0,0,0,0,0,0,0,0,0,0,0,0,0,0,53,3,0,0,0,0,0,0,0,0,0,0,100,NoArch
11044e045243bca041c05410364499478134aa52,0,0,0,0,0,0,0,0,0,0,0,0,0,0,23,4,0,0,0,0,0,0,0,0,0,0,100,NoArch
faf9220acfb3af92fd725cf317fe574183007971,1,3,2,1,0,0,0,1,2,6,1,1,0,185,18,6,9,9,0,1231,1219,12,7,7,0,0,100,NoArch
3caff3977d2aae9dcf223c09fb341a6b1cd2e806,0,0,0,0,0,0,0,0,0,0,0,0,0,0,24,5,0,0,0,0,0,0,0,0,0,0,100,NoArch
ed7d1b1b1d976ccb344eafa138e69ece312b0c0a,0,0,0,0,0,0,0,0,0,0,0,0,0,0,25,6,0,0,0,0,0,0,0,0,0,0,100,NoArch
d3e0cb9744aaa6da8c67729a4a5cca801d372934,0,0,0,0,0,0,0,0,0,0,0,0,0,0,26,7,0,0,0,0,0,0,0,0,0,0,100,NoArch
cbfdeae67a69b45448ebdda3c493e3982b0d0a71,0,0,0,0,0,0,0,0,0,0,0,0,0,0,56,5,0,0,0,0,0,0,0,0,0,0,100,NoArch
344a0699d1c7321bb3b792fea86b857fc227e07e,0,0,0,0,0,0,0,0,0,0,0,0,0,0,27,8,0,0,0,0,0,0,0,0,0,0,100,NoArch
ffab5020280a163d015e1f06811f6d270b0e482a,0,0,0,0,0,0,0,0,0,0,0,0,0,0,57,6,0,0,0,0,0,0,0,0,0,0,100,NoArch
d743e3ddee79e76b894bf1ee2343ce5d673257a7,0,0,0,0,0,0,0,0,0,0,0,0,0,0,28,9,0,0,0,0,0,0,0,0,0,0,100,NoArch
988d4002b6ccbef806cf2b0ae057b7eb38d55c04,0,0,0,0,0,0,0,0,0,0,0,0,0,0,58,7,0,0,0,0,0,0,0,0,0,0,100,NoArch
1f7fb12592be6521b050d8decf1364f287305cff,0,0,0,0,0,0,0,0,0,0,0,0,0,0,58,7,0,0,0,0,0,0,0,0,0,0,100,NoArch
2fcaadd02385c66a47da764504fbc110676950c7,0,0,0,0,0,0,0,0,0,0,0,0,0,0,58,7,0,0,0,0,0,0,0,0,0,0,100,NoArch
855397b48a830f58eacd776410c98eeaad17d558,0,0,0,0,0,0,0,0,0,0,0,0,0,0,29,10,0,0,0,0,0,0,0,0,0,0,100,NoArch
6e98488b948be6902f99589bf8240926d7b6024c,0,0,0,0,0,0,0,0,0,0,0,0,0,0,30,11,0,0,0,0,0,0,0,0,0,0,100,NoArch
d27ffc7bfc14bef0071dd68c6863375d99ab54ec,0,0,0,0,0,0,0,0,0,0,0,0,0,0,60,9,0,0,0,0,0,0,0,0,0,0,100,NoArch
f99b5ff3a6b9c56bbe623bc131259ca118c006be,0,0,0,0,0,0,0,0,0,0,0,0,0,0,31,12,0,0,0,0,0,0,0,0,0,0,100,NoArch
1bd8d59e51959620626ee904369afa89d9bc331f,0,0,0,0,0,0,0,0,0,0,0,0,0,0,32,13,0,0,0,0,0,0,0,0,0,0,100,NoArch
61a87c8d7b9270cfd79615e35c51cafa87c1e3b8,0,0,0,0,0,0,0,0,0,0,0,0,0,0,62,11,0,0,0,0,0,0,0,0,0,0,100,NoArch
fc6f9b5aa888d8213207ec80bdc1da0e5dc84739,0,0,0,0,0,0,0,0,0,0,0,0,0,0,62,11,0,0,0,0,0,0,0,0,0,0,100,NoArch
058f95de3769bccf6bc138be7ae5ae746188701d,0,0,0,0,0,0,0,0,0,0,0,0,0,0,62,11,0,0,0,0,0,0,0,0,0,0,100,NoArch
e6951c1062ed5db3e2ba77459832385416582c81,0,0,0,0,0,0,0,0,0,0,0,0,0,0,62,11,0,0,0,0,0,0,0,0,0,0,100,NoArch
a7c874fa12de6349dc515b55b33bcb468fb80baf,0,0,0,0,0,0,0,0,0,0,0,0,0,0,62,11,0,0,0,0,0,0,0,0,0,0,100,NoArch
bbfc910913a7fc97d5d5ddd34c895b9dc38b921a,0,0,0,0,0,0,0,0,0,0,0,0,0,0,62,11,0,0,0,0,0,0,0,0,0,0,100,NoArch
7c83c8a7e0cb28e32e23628f9850fd67f3caa73d,0,0,0,0,0,0,0,0,0,0,0,0,0,0,62,11,0,0,0,0,0,0,0,0,0,0,100,NoArch
6cd05c1bdcc5716f8c6f208b685166801ccb2a5d,0,0,0,0,0,0,0,0,0,0,0,0,0,0,62,11,0,0,0,0,0,0,0,0,0,0,100,NoArch
7d001843388ca76c8036e3d661e389fba94766e6,0,0,0,0,0,0,0,0,0,0,0,0,0,0,19,7,0,0,0,0,0,0,0,0,0,0,100,NoArch
158f514edadf21e13423216ddce37f312a2637ad,0,0,0,0,0,0,0,0,0,0,0,0,0,0,33,14,0,0,0,0,0,0,0,0,0,0,100,NoArch
aa59019357525240d6c238f057c1d3439ab499d3,0,0,0,0,0,0,0,0,0,0,0,0,0,0,34,15,0,0,0,0,0,0,0,0,0,0,100,NoArch
2b94f3183e899425ac43be6796e1f404f0c33bc0,0,0,0,0,0,0,0,0,0,0,0,0,0,0,35,16,0,0,0,0,0,0,0,0,0,0,100,NoArch
1d28b6aca3d0a842b6181c665ec50d0b8b31eba4,0,0,0,0,0,0,0,0,0,0,0,0,0,0,36,17,0,0,0,0,0,0,0,0,0,0,100,NoArch
9b1f7fb76e14088b9c38078c046102643dac0363,0,0,0,0,0,0,0,0,0,0,0,0,0,0,63,12,0,0,0,0,0,0,0,0,0,0,100,NoArch
3b2022e51a19f58c6907cc12e55abbdc51b29cee,0,0,0,0,0,0,0,0,0,0,0,0,0,0,37,18,0,0,0,0,0,0,0,0,0,0,100,NoArch
9ac674807e0e71f1a5dcb8791b385b70fbe0f342,0,0,0,0,0,0,0,0,0,0,0,0,0,0,38,19,0,0,0,0,0,0,0,0,0,0,100,NoArch
5e1832040b13e26763beca5d0fd3e19a2bb0f87a,0,0,0,0,0,0,0,0,0,0,0,0,0,0,39,20,0,0,0,0,0,0,0,0,0,0,100,NoArch
14825875a1d9c2d39e51bedba12762db96c05113,0,0,0,0,0,0,0,0,0,0,0,0,0,0,40,21,0,0,0,0,0,0,0,0,0,0,100,NoArch
556e4888074179ecdc2a15c32bb00a0f56bf0c76,0,0,0,0,0,0,0,0,0,0,0,0,0,0,41,22,0,0,0,0,0,0,0,0,0,0,100,NoArch
5c905162ebf3550146adbaa84cf08799e22600e7,2,12,7,5,0,0,0,6,8,817,2,2,0.981940787,421,20,8,40,39,1,1324,1298,26,16,16,0,0,100,NoArch
af09500330048af4c5bd19c79671d782a5eb70bb,0,0,0,0,0,0,0,0,0,0,0,0,0,0,42,23,0,0,0,0,0,0,0,0,0,0,100,NoArch
6a6d6f1faaef6ab39020fc6d0503864cd2c95695,1,3,1,2,0,0,0,1,2,10,1,1,0,54,21,9,7,6,1,240,228,12,3,3,0,0,100,NoArch
655619ea2b4a83c0a36c0fee4cc93d915c2123dd,1,1,3,2,0,0,0,1,3,0,1,1,0,56,22,10,6,7,1,228,240,12,3,3,0,0,100,NoArch
55afc07070fe89650e9dbf1edbe07f267da45749,1,3,1,2,0,0,0,1,4,0,1,1,0,54,23,11,7,6,1,238,228,10,3,3,0,0,100,NoArch
e555540eaf789a70a2a8816708d58a869dec80d9,0,0,0,0,0,0,0,0,0,0,0,0,0,0,71,20,0,0,0,0,0,0,0,0,0,0,100,NoArch
337448298be51d9a08bc78751524f030f4e13906,0,0,0,0,0,0,0,0,0,0,0,0,0,0,43,24,0,0,0,0,0,0,0,0,0,0,100,NoArch
c8035a6e4abe9616e9b053344eb9b4873193b046,0,0,0,0,0,0,0,0,0,0,0,0,0,0,72,21,0,0,0,0,0,0,0,0,0,0,100,NoArch
1973173049442bb5388cd11a44d9c77edd45422f,2,54,1,53,1,0,1,1,5,1480,1,2,0.225363639,58,99,1,7,6,1,422,233,189,4,3,1,1,99.88842399,NoArch
418547dd6ed56716c32f7ba1750eb4a90a2f9950,0,0,0,0,0,0,0,0,0,0,0,0,0,0,44,25,0,0,0,0,0,0,0,0,0,0,100,NoArch
e1510a51da6a3d2de201415614fe8a528dd59987,2,14,1,13,0,0,0,1,3,7,1,2,0.996791632,311,24,12,47,44,3,1893,1790,103,22,21,1,0,100,NoArch
5bbad251c7ed0d57937ebf179eb96673b4ae7f4f,0,0,0,0,0,0,0,0,0,0,0,0,0,0,25,13,0,0,0,0,0,0,0,0,0,0,100,NoArch
5f447e34ec277ea6c4658ebc1c03565aec2a2398,0,0,0,0,0,0,0,0,0,0,0,0,0,0,9,0,0,0,0,0,0,0,0,0,0,0,100,NoArch
b7d99fd3ad69d06b6b94ae6dac92383f5d23bb46,0,0,0,0,0,0,0,0,0,0,0,0,0,0,167,0,0,0,0,0,0,0,0,0,0,0,100,NoArch
cc9c34352c877f1d177330b9abb6291fa2cf010f,0,0,0,0,0,0,0,0,0,0,0,0,0,0,44,0,0,0,0,0,0,0,0,0,0,0,100,NoArch
acd35fb4c780485b2c0320c57d266dd262d18c66,0,0,0,0,0,0,0,0,0,0,0,0,0,0,45,1,0,0,0,0,0,0,0,0,0,0,100,NoArch
8433da68d1b5f6aea33f84eeb41a43da5f6aa5ef,0,0,0,0,0,0,0,0,0,0,0,0,0,0,46,2,0,0,0,0,0,0,0,0,0,0,100,NoArch
e9a77f1364704255eb1d2510786bb6d7f50c826b,0,0,0,0,0,0,0,0,0,0,0,0,0,0,47,3,0,0,0,0,0,0,0,0,0,0,100,NoArch
b29be6b9d554921fdbeda423a10d6538e80a67c3,0,0,0,0,0,0,0,0,0,0,0,0,0,0,73,21,0,0,0,0,0,0,0,0,0,0,100,NoArch
7e6618f473cae6a84cc6157c0f1043a9f1778548,0,0,0,0,0,0,0,0,0,0,0,0,0,0,73,21,0,0,0,0,0,0,0,0,0,0,100,NoArch
cba31a2891d93ca75af4e317c74394634483e967,0,0,0,0,0,0,0,0,0,0,0,0,0,0,73,21,0,0,0,0,0,0,0,0,0,0,100,NoArch
85409717a2649730c956f1b070f74273a80af972,0,0,0,0,0,0,0,0,0,0,0,0,0,0,45,26,0,0,0,0,0,0,0,0,0,0,100,NoArch
4559508f4502164184ee85531dc16c8a958d7695,0,0,0,0,0,0,0,0,0,0,0,0,0,0,46,27,0,0,0,0,0,0,0,0,0,0,100,NoArch
0d1a7d7b055ff0d8ada943fea3b53af2c61ebcbc,0,0,0,0,0,0,0,0,0,0,0,0,0,0,47,28,0,0,0,0,0,0,0,0,0,0,100,NoArch
6cb4b849ee3fa26cacd1bfa6ea4cd099b753a89e,1,8,8,0,0,0,0,2,3,2877,1,1,0,1029,26,14,188,188,0,5308,5308,0,67,67,0,0,100,NoArch
b919b4977a4ce4b825f5c457624ccb3ed5c1fb9b,1,255,0,255,1,0,1,1,1,0,1,1,0,0,233,1,31,0,31,1116,0,1116,17,0,17,2,99.52803998,NoArch
da7159b9a08cb96a6edfb96612495c514081fcd1,1,18,0,18,0,0,0,1,2,0,1,1,0,255,234,2,31,31,0,1116,1116,0,17,17,0,0,100,NoArch
f43a097519d6171d600cc1de0337e3b6073667c9,1,3,3,0,0,0,0,2,3,0,1,1,0,273,10,1,31,31,0,1122,1116,6,17,17,0,0,98.17327766,NoArch
56217998eacb17a22eacdb1e2726e8bf695601a4,1,0,273,273,0,1,-1,0,0,0,1,1,0,273,48,4,0,31,31,0,1122,1122,0,17,17,0,97.93085385,Arch
3774b64d24a242dba0c0d5819c224a7a42822d6c,0,0,0,0,0,0,0,0,0,0,0,0,0,0,49,5,0,0,0,0,0,0,0,0,0,0,100,NoArch
969a17ff98f410fcbaf934c172e98e738183293b,0,0,0,0,0,0,0,0,0,0,0,0,0,0,0,0,0,0,0,0,0,0,0,0,0,0,100,NoArch
42ba52d0901bc74b9b2c743861f1ac84c703981c,0,0,0,0,0,0,0,0,0,0,0,0,0,0,50,6,0,0,0,0,0,0,0,0,0,0,100,NoArch
9d7b573bec4d5f821311db74be42c7a9e8e9cf89,0,0,0,0,0,0,0,0,0,0,0,0,0,0,76,23,0,0,0,0,0,0,0,0,0,0,100,NoArch
70e33750625c5c8988fb37e6965c8d470f4816d3,0,0,0,0,0,0,0,0,0,0,0,0,0,0,76,23,0,0,0,0,0,0,0,0,0,0,100,NoArch
a99a91998db3e9d58268c8d19593913c883d9cc3,0,0,0,0,0,0,0,0,0,0,0,0,0,0,48,29,0,0,0,0,0,0,0,0,0,0,100,NoArch
1ab48433b3e3c514b72e3d6c22d2a0f802626e3d,0,0,0,0,0,0,0,0,0,0,0,0,0,0,49,30,0,0,0,0,0,0,0,0,0,0,100,NoArch
c8d1511584a370c5fb4d871ab22a043e29218534,0,0,0,0,0,0,0,0,0,0,0,0,0,0,78,25,0,0,0,0,0,0,0,0,0,0,100,NoArch
2aa01a8e0cc7f2313c01013f1f2b9ea601c38d9b,0,0,0,0,0,0,0,0,0,0,0,0,0,0,50,31,0,0,0,0,0,0,0,0,0,0,100,NoArch
4e60231e4f1b80c1990fb1af2f8f9d0041e66288,0,0,0,0,0,0,0,0,0,0,0,0,0,0,79,26,0,0,0,0,0,0,0,0,0,0,100,NoArch
da6d3c1063d1590319bce1f0035375236f66d415,0,0,0,0,0,0,0,0,0,0,0,0,0,0,51,32,0,0,0,0,0,0,0,0,0,0,100,NoArch
61e7e4a49cefa01e1d5b551dfdbc22bf1193ff0a,0,0,0,0,0,0,0,0,0,0,0,0,0,0,27,14,0,0,0,0,0,0,0,0,0,0,100,NoArch
0c2bbc45c042ba1c3eccd687040428f643fd350f,0,0,0,0,0,0,0,0,0,0,0,0,0,0,28,15,0,0,0,0,0,0,0,0,0,0,100,NoArch
c024474e4ca6a9dd8ec0b2d5b230992784988792,0,0,0,0,0,0,0,0,0,0,0,0,0,0,29,16,0,0,0,0,0,0,0,0,0,0,100,NoArch
4d0c043c70fec91ba0e8d423274840d3d58a4f48,0,0,0,0,0,0,0,0,0,0,0,0,0,0,80,27,0,0,0,0,0,0,0,0,0,0,100,NoArch
432991e864c2d880120b991e6b719141c147106e,0,0,0,0,0,0,0,0,0,0,0,0,0,0,80,27,0,0,0,0,0,0,0,0,0,0,100,NoArch
ce31b1ed3485955d185a728895fbe2110b6338d4,0,0,0,0,0,0,0,0,0,0,0,0,0,0,52,32,0,0,0,0,0,0,0,0,0,0,100,NoArch
2629c2c2139e615373fb45927cb668ee540a52e3,0,0,0,0,0,0,0,0,0,0,0,0,0,0,53,33,0,0,0,0,0,0,0,0,0,0,100,NoArch
0cf238a0cef62fe80af797a41f7b843a493e009f,24,554,27,527,9,0,9,1,5,250,4,13,3.726583681,2452,30,16,319,290,29,15068,12578,2490,169,143,26,1,98.27821809,NoArch
64a87a8318af437961805b248849c2265d8cac7b,0,0,0,0,0,0,0,0,0,0,0,0,0,0,54,33,0,0,0,0,0,0,0,0,0,1,100,NoArch
15f3f62481b788b781aad15ee2f6b50ccd872e28,18,626,45,581,7,0,7,2,4,1152,3,9,3.559729286,857,31,17,113,75,38,6794,4226,2568,66,40,26,1,99.43925234,NoArch
ef32a40b06c0c2e93f77929af47d98a7fde93ac1,18,44,625,581,0,7,-7,1,3,0,3,9,3.561807749,1438,31,17,75,113,38,4226,6794,2568,40,66,26,0,99.43925234,NoArch
80bd6c992c18eee616c851520aca0c10a870bb4d,19,1129,0,1129,19,0,19,1,1,0,2,3,3.832290749,0,32,18,104,0,104,4024,0,4024,58,0,58,1,96.03986362,Arch
cc383c48caa4764c8a3f9e210fa5b854986c4ed7,19,0,1129,1129,0,19,-19,0,0,0,2,3,3.832290749,1129,32,18,0,104,104,0,4024,4024,0,58,58,0,96.03986362,Arch
bd9818561f8813979762e3d08f5e8a833b6a55fa,0,0,0,0,0,0,0,0,0,0,0,0,0,0,33,19,0,0,0,0,0,0,0,0,0,0,100,NoArch
860b39f10d5a9ff0fc59d95f5338677a5d105673,0,0,0,0,0,0,0,0,0,0,0,0,0,0,51,7,0,0,0,0,0,0,0,0,0,0,100,NoArch
fac85b8b7518d226c93995371464d092becc33c5,0,0,0,0,0,0,0,0,0,0,0,0,0,0,52,8,0,0,0,0,0,0,0,0,0,0,100,NoArch
2ccdc505556030a66b6dbd3d4d038f1831c76287,0,0,0,0,0,0,0,0,0,0,0,0,0,0,82,27,0,0,0,0,0,0,0,0,0,0,100,NoArch
b5b883f71305ef48bbe8f3c48e8357fbabddc50f,0,0,0,0,0,0,0,0,0,0,0,0,0,0,82,27,0,0,0,0,0,0,0,0,0,0,100,NoArch
a75523f0a4b1795df6a413d77f16f56d6e56bdf7,0,0,0,0,0,0,0,0,0,0,0,0,0,0,82,27,0,0,0,0,0,0,0,0,0,0,100,NoArch
6e1e9b99fcf6f18e005ea9c1b8eae39a1fcd76f3,0,0,0,0,0,0,0,0,0,0,0,0,0,0,55,33,0,0,0,0,0,0,0,0,0,0,100,NoArch
a8ab1e0147fd376ff56607c6a55c0fad81f9d096,0,0,0,0,0,0,0,0,0,0,0,0,0,0,56,34,0,0,0,0,0,0,0,0,0,0,100,NoArch
5e945ac3fc624374781f10e94d47603ff4fb368c,0,0,0,0,0,0,0,0,0,0,0,0,0,0,57,35,0,0,0,0,0,0,0,0,0,0,100,NoArch
09e978c71d625bbe33121cd8ad645d4f288c18df,0,0,0,0,0,0,0,0,0,0,0,0,0,0,34,19,0,0,0,0,0,0,0,0,0,0,100,NoArch
88690006d492035a93c6444735567003f998ea15,0,0,0,0,0,0,0,0,0,0,0,0,0,0,35,19,0,0,0,0,0,0,0,0,0,0,100,NoArch
b8d6305acdcb8f04276f1f03debf73f8ec20b45f,0,0,0,0,0,0,0,0,0,0,0,0,0,0,36,20,0,0,0,0,0,0,0,0,0,0,100,NoArch
0db17f74fc852afff549c89d8801383b1953aff7,0,0,0,0,0,0,0,0,0,0,0,0,0,0,85,29,0,0,0,0,0,0,0,0,0,0,100,NoArch
c64a04c364d9396d731a2e142c793641b4676f71,0,0,0,0,0,0,0,0,0,0,0,0,0,0,37,19,0,0,0,0,0,0,0,0,0,0,100,NoArch
f2cd5f8b084eec0e9e86d39a7d6d0273493e816c,0,0,0,0,0,0,0,0,0,0,0,0,0,0,58,35,0,0,0,0,0,0,0,0,0,0,100,NoArch
f421ba87d5bdfcdf953c3c7aa665d2594a18e0e3,0,0,0,0,0,0,0,0,0,0,0,0,0,0,38,19,0,0,0,0,0,0,0,0,0,0,100,NoArch
44998191f9c38a2af01daa3dd7e8e183b5f7ce29,0,0,0,0,0,0,0,0,0,0,0,0,0,0,86,24,0,0,0,0,0,0,0,0,0,0,100,NoArch
45e09acb7e355594b42c25f94e565e7fc6902550,0,0,0,0,0,0,0,0,0,0,0,0,0,0,86,24,0,0,0,0,0,0,0,0,0,0,100,NoArch
d49c0c9e1fadcd421e491d641311fda83f221958,0,0,0,0,0,0,0,0,0,0,0,0,0,0,59,17,0,0,0,0,0,0,0,0,0,0,100,NoArch
932429d569f0dfd6c9f3d530cd4b8fb751dd5c62,0,0,0,0,0,0,0,0,0,0,0,0,0,0,60,18,0,0,0,0,0,0,0,0,0,0,100,NoArch
1c4a80902a29f67e6f3a81246a3cebcdcc15359b,0,0,0,0,0,0,0,0,0,0,0,0,0,0,88,15,0,0,0,0,0,0,0,0,0,0,100,NoArch
5d793fb11426c8edc77cc6e2388ddd7e74d22985,0,0,0,0,0,0,0,0,0,0,0,0,0,0,61,16,0,0,0,0,0,0,0,0,0,0,100,NoArch
1afd6b8a25350821d531caad24b1e2c2a029ec58,1,273,0,273,1,0,1,2,3,0,1,1,0,0,168,1,31,0,31,1122,0,1122,17,0,17,1,98.00505051,NoArch
92af573c030aadb9f1fe0f97289369fd362c348c,18,626,45,581,7,0,7,2,4,1152,3,9,3.559729286,857,62,17,113,75,38,6794,4226,2568,66,40,26,1,98.85783718,NoArch
52428fcab4d58bc19de0031ef2ff9a9a452a352e,19,1129,0,1129,19,0,19,1,1,0,2,3,3.832290749,0,63,18,104,0,104,4024,0,4024,58,0,58,1,96.12481127,Arch
b9f4b779a46df7830218105f6147952019815d84,0,0,0,0,0,0,0,0,0,0,0,0,0,0,11,1,0,0,0,0,0,0,0,0,0,1,100,NoArch
a01d29fc6184ece917f9389bd49166a919321db2,0,0,0,0,0,0,0,0,0,0,0,0,0,0,169,1,0,0,0,0,0,0,0,0,0,1,100,NoArch
2c03b991149a500483c63284e684f86fbea7e9f1,0,0,0,0,0,0,0,0,0,0,0,0,0,0,41,15,0,0,0,0,0,0,0,0,0,1,100,NoArch
ca664800cef62db01e4dc2dd4c63f6435608a633,0,0,0,0,0,0,0,0,0,0,0,0,0,0,89,13,0,0,0,0,0,0,0,0,0,0,100,NoArch
71d49881ef7f461821b63a1a5a5977221f956da6,0,0,0,0,0,0,0,0,0,0,0,0,0,0,89,13,0,0,0,0,0,0,0,0,0,0,100,NoArch
50aeb2daf4153d77c602fe16aebf2a89e268a565,0,0,0,0,0,0,0,0,0,0,0,0,0,0,89,13,0,0,0,0,0,0,0,0,0,0,100,NoArch
200dbf005add708f0f138a0f2ba39aa2fb951e51,0,0,0,0,0,0,0,0,0,0,0,0,0,0,64,16,0,0,0,0,0,0,0,0,0,0,100,NoArch
faad5eaf9464dda367e757e6bbdd79970fb6057e,0,0,0,0,0,0,0,0,0,0,0,0,0,0,65,17,0,0,0,0,0,0,0,0,0,0,100,NoArch
cc9423f1c81609ea126191b5c9eeae9ce6c577b8,0,0,0,0,0,0,0,0,0,0,0,0,0,0,66,18,0,0,0,0,0,0,0,0,0,0,100,NoArch
17933d67ac490eee79b583ac42e474504074d636,0,0,0,0,0,0,0,0,0,0,0,0,0,0,92,14,0,0,0,0,0,0,0,0,0,0,100,NoArch
031484a883102ea0c66255fa9ed1c0c72175c598,0,0,0,0,0,0,0,0,0,0,0,0,0,0,67,17,0,0,0,0,0,0,0,0,0,0,100,NoArch
7f82d35dbf0c4e6cd6e0216e1c4653e4ca352f47,1,4,1,3,0,0,0,1,2,36,1,1,0,54,42,13,4,4,0,218,188,30,4,4,0,1,99.94879672,NoArch
6dc2568a9c9720e1ce0386c34d9ce62709037483,15,237,107,130,3,1,2,7,15,261,4,11,3.583699016,1719,43,13,152,147,5,7211,6586,625,95,90,5,1,96.74695803,Arch
14688245f485158cfb60b86fdce0263d0fdbc663,0,0,0,0,0,0,0,0,0,0,0,0,0,0,93,11,0,0,0,0,0,0,0,0,0,0,100,NoArch
92fcb71f64be5469dd0310cf6585cb502e4cae4f,0,0,0,0,0,0,0,0,0,0,0,0,0,0,68,13,0,0,0,0,0,0,0,0,0,0,100,NoArch
c54ad74eff59d89ddba037945d1739d929e69da5,0,0,0,0,0,0,0,0,0,0,0,0,0,0,94,9,0,0,0,0,0,0,0,0,0,0,100,NoArch
30c7dd30aed3fa419c76cb1e701c2077b5df6802,0,0,0,0,0,0,0,0,0,0,0,0,0,0,69,11,0,0,0,0,0,0,0,0,0,0,100,NoArch
0f317997c62347dfb64d25dd702807ca53547c78,3,39,24,15,0,0,0,1,4,3,1,2,1.461916054,261,44,5,17,15,2,1742,1648,94,16,14,2,1,97.09821429,Arch
22339255d44d977e3bfd9c09e7c7cc418eaf2f14,4,27,39,12,0,0,0,1,5,41,2,3,1.662230312,1320,0,0,205,207,2,7039,7108,69,82,84,2,0,97.09821429,Arch
0377a44a7e9c59e5422c5a06589f0f904f7447e5,4,39,27,12,0,0,0,1,4,8,2,3,1.662230312,1308,95,9,207,205,2,7108,7039,69,84,82,2,0,97.09821429,Arch
633ef5136500eba1ad5361e6571312e822711eb4,0,0,0,0,0,0,0,0,0,0,0,0,0,0,70,11,0,0,0,0,0,0,0,0,0,0,100,NoArch
16b65eea8df75b55bf3793b65f89bf794fdcfabe,1,3,0,3,0,0,0,3,5,47,1,1,0,1044,71,12,190,190,0,5391,5366,25,68,68,0,0,100,NoArch
5f54b508c9a7349d8f948fa739bbd14f2c0244d7,0,0,0,0,0,0,0,0,0,0,0,0,0,0,96,8,0,0,0,0,0,0,0,0,0,0,100,NoArch
7752ace13dba20a64b5a4fc9930fd7afa17f7552,0,0,0,0,0,0,0,0,0,0,0,0,0,0,72,11,0,0,0,0,0,0,0,0,0,0,100,NoArch
a3d75d98da621d1c4256178b9a47390d028ed4d6,0,0,0,0,0,0,0,0,0,0,0,0,0,0,97,8,0,0,0,0,0,0,0,0,0,0,100,NoArch
1f385a1dd32de928d8237f8db7c44df7b0deee0a,0,0,0,0,0,0,0,0,0,0,0,0,0,0,73,11,0,0,0,0,0,0,0,0,0,0,100,NoArch
5019d893048780b99ad06051a5825c75b1490eb3,0,0,0,0,0,0,0,0,0,0,0,0,0,0,45,4,0,0,0,0,0,0,0,0,0,0,100,NoArch
167e00bc8a42a24020225fa5fd8a3700bc20f2db,0,0,0,0,0,0,0,0,0,0,0,0,0,0,46,5,0,0,0,0,0,0,0,0,0,0,100,NoArch
7e46f0fb572447646e96734c02894551bf93dcd3,0,0,0,0,0,0,0,0,0,0,0,0,0,0,47,6,0,0,0,0,0,0,0,0,0,0,100,NoArch
2180b271b26fbdf19b45e76a1af984ecf2b9a31c,0,0,0,0,0,0,0,0,0,0,0,0,0,0,98,6,0,0,0,0,0,0,0,0,0,0,100,NoArch
4f7e0831deefba4f961f044db03f3f63cd60a343,0,0,0,0,0,0,0,0,0,0,0,0,0,0,98,6,0,0,0,0,0,0,0,0,0,0,100,NoArch
fcf98a77b36b6a049245e8fa5bd9d42a040525a9,0,0,0,0,0,0,0,0,0,0,0,0,0,0,98,6,0,0,0,0,0,0,0,0,0,0,100,NoArch
2af711ba7823a7608471bb51f76187d084d2d413,0,0,0,0,0,0,0,0,0,0,0,0,0,0,98,6,0,0,0,0,0,0,0,0,0,0,100,NoArch
41761789538a9e15f4fadc1cdbf7334f77e773e6,0,0,0,0,0,0,0,0,0,0,0,0,0,0,74,7,0,0,0,0,0,0,0,0,0,0,100,NoArch
55a3d14e17886f3964f8fd96dce013789be3bd5c,0,0,0,0,0,0,0,0,0,0,0,0,0,0,75,8,0,0,0,0,0,0,0,0,0,0,100,NoArch
f2e62ca7ae3d9d9cf35c252fb1f18a73cc6a8628,0,0,0,0,0,0,0,0,0,0,0,0,0,0,76,9,0,0,0,0,0,0,0,0,0,0,100,NoArch
1a12824bfdf37830f244e74f343d7a0143ebbad5,0,0,0,0,0,0,0,0,0,0,0,0,0,0,48,6,0,0,0,0,0,0,0,0,0,0,100,NoArch
e0503e93490fb845bb1d2e73f9c50b0f1477f789,0,0,0,0,0,0,0,0,0,0,0,0,0,0,49,7,0,0,0,0,0,0,0,0,0,0,100,NoArch
960b553fe6e541e6676a42e010b74cd1e710ca2d,0,0,0,0,0,0,0,0,0,0,0,0,0,0,46,4,0,0,0,0,0,0,0,0,0,0,100,NoArch
802acf482ef3fbaed4f9286dbf93715eeab63d15,0,0,0,0,0,0,0,0,0,0,0,0,0,0,77,10,0,0,0,0,0,0,0,0,0,0,100,NoArch
8fb60007221df12f4b5ff85ce7b980dd4a0e88fe,0,0,0,0,0,0,0,0,0,0,0,0,0,0,51,9,0,0,0,0,0,0,0,0,0,0,100,NoArch
