NMF,TotalAddLines,TotalDeleteLines,LC,LC_1,FileAdd,FileDelete,NAD,NUC,AGE,NMS,NMD,Entropy ,MLMF,NDVE,EXP,REXP,CommitComplexity,LastCommitComplexity,CFC,CommitTokenCount,LastCommitTokenCount,NCC,CommitMethodNum,LastCommitMethodNum,NFC,NIR,a2a,Tag
0,0,0,0,0,0,0,0,0,0,0,0,0.0,0,0,3,0,0,0,0,0,0,0,0,0,0,1,100.0,NoArch
1,6,0,6,6,1,0,1,4,132,1,1,0.0,433,2,52,10,88,88,0,2867,2867,0,9,9,0,0,100.0,NoArch
0,0,0,0,0,0,0,0,0,0,0,0,0.0,0,0,269,0,0,0,0,0,0,0,0,0,0,1,100.0,NoArch
0,0,0,0,0,0,0,0,0,0,0,0,0.0,0,0,16,1,0,0,0,0,0,0,0,0,0,1,100.0,NoArch
2,87,2,85,89,1,0,1,3,106,1,2,0.264517368,503,1,89,12,53,40,13,2568,2222,346,10,9,1,1,100.0,NoArch
1,4,4,0,8,0,0,0,2,2757,1,1,0.0,77,2,37,2,3,3,0,430,430,0,2,2,0,3,100.0,NoArch
11,90,61,29,151,1,0,1,55,548,1,5,3.090023806,7912,5,0,0,1220,1215,5,39363,39198,165,378,377,1,1,100.0,NoArch
0,0,0,0,0,0,0,0,0,0,0,0,0.0,0,0,89,4,0,0,0,0,0,0,0,0,0,1,100.0,NoArch
1,0,1,1,1,0,0,0,23,195,1,1,0.0,1113,8,18,3,117,117,0,6890,6902,12,29,29,0,1,100.0,NoArch
0,0,0,0,0,0,0,0,0,0,0,0,0.0,0,0,0,0,0,0,0,0,0,0,0,0,0,1,100.0,NoArch
0,0,0,0,0,0,0,0,0,0,0,0,0.0,0,0,2,0,0,0,0,0,0,0,0,0,0,1,100.0,NoArch
0,0,0,0,0,0,0,0,0,0,0,0,0.0,0,0,184,7,0,0,0,0,0,0,0,0,0,1,100.0,NoArch
2,585,0,585,585,2,0,2,1,0,1,2,0.996791632,0,1,170,2,80,0,80,2859,0,2859,27,0,27,1,99.58982773,NoArch
0,0,0,0,0,0,0,0,0,0,0,0,0.0,0,0,106,4,0,0,0,0,0,0,0,0,0,0,100.0,NoArch
0,0,0,0,0,0,0,0,0,0,0,0,0.0,0,0,46,0,0,0,0,0,0,0,0,0,0,1,100.0,NoArch
0,0,0,0,0,0,0,0,0,0,0,0,0.0,0,0,16,3,0,0,0,0,0,0,0,0,0,0,100.0,NoArch
18,122,241,119,363,0,0,0,20,65,1,6,3.366932222,6636,3,70,2,861,877,16,30971,31607,636,249,251,2,1,100.0,NoArch
1,1,1,0,2,0,0,0,29,175,1,1,0.0,818,7,6,0,90,90,0,3251,3251,0,24,24,0,1,100.0,NoArch
0,0,0,0,0,0,0,0,0,0,0,0,0.0,0,0,28,2,0,0,0,0,0,0,0,0,0,3,100.0,NoArch
5,372,66,306,438,2,0,2,7,1579,1,3,1.587513209,1102,4,33,0,165,135,30,6782,5273,1509,70,51,19,1,99.95549622,NoArch
7,338,57,281,395,1,0,1,10,1470,1,3,1.360766088,4176,2,0,0,538,498,40,23278,21790,1488,185,174,11,1,98.09444905,NoArch
0,0,0,0,0,0,0,0,0,0,0,0,0.0,0,0,100,4,0,0,0,0,0,0,0,0,0,1,100.0,NoArch
0,0,0,0,0,0,0,0,0,0,0,0,0.0,0,0,112,10,0,0,0,0,0,0,0,0,0,1,100.0,NoArch
3,93,3,90,96,2,0,2,2,786,1,3,1.355028119,86,1,289,3,13,8,5,578,281,297,6,3,3,1,99.81364145,NoArch
0,0,0,0,0,0,0,0,0,0,0,0,0.0,0,0,32,0,0,0,0,0,0,0,0,0,0,1,100.0,NoArch
11,90,61,29,151,1,0,1,55,548,1,5,3.090023806,7912,5,0,0,1220,1215,5,39363,39198,165,378,377,1,1,100.0,NoArch
10,810,260,550,1070,3,1,4,2,1351,1,4,2.323374212,1738,1,230,5,181,129,52,10007,8104,1903,75,45,30,1,98.88446215,NoArch
0,0,0,0,0,0,0,0,0,0,0,0,0.0,0,0,29,0,0,0,0,0,0,0,0,0,0,1,100.0,NoArch
0,0,0,0,0,0,0,0,0,0,0,0,0.0,0,0,93,10,0,0,0,0,0,0,0,0,0,1,100.0,NoArch
1,1,1,0,2,0,0,0,69,445,1,1,0.0,1217,18,17,0,192,192,0,5639,5639,0,88,88,0,1,100.0,NoArch
0,0,0,0,0,0,0,0,0,0,0,0,0.0,0,0,21,3,0,0,0,0,0,0,0,0,0,1,100.0,NoArch
0,0,0,0,0,0,0,0,0,0,0,0,0.0,0,0,17,1,0,0,0,0,0,0,0,0,0,1,100.0,NoArch
0,0,0,0,0,0,0,0,0,0,0,0,0.0,0,0,0,0,0,0,0,0,0,0,0,0,0,0,100.0,NoArch
1,4,2,2,6,0,0,0,46,12,1,1,0.0,975,5,1,0,140,139,1,3590,3574,16,72,72,0,1,100.0,NoArch
0,0,0,0,0,0,0,0,0,0,0,0,0.0,0,0,124,0,0,0,0,0,0,0,0,0,0,1,100.0,NoArch
2,116,3,113,119,1,0,1,37,63,1,2,0.522559375,901,1,25,2,105,100,5,3923,3450,473,30,27,3,1,99.83831851,NoArch
0,0,0,0,0,0,0,0,0,0,0,0,0.0,0,0,31,2,0,0,0,0,0,0,0,0,0,0,100.0,NoArch
0,0,0,0,0,0,0,0,0,0,0,0,0.0,0,0,23,0,0,0,0,0,0,0,0,0,0,1,100.0,NoArch
13,103,66,37,169,3,0,3,24,66,1,1,2.428084555,4772,4,56,6,589,582,7,20310,20070,240,178,178,0,1,100.0,NoArch
0,0,0,0,0,0,0,0,0,0,0,0,0.0,0,0,266,0,0,0,0,0,0,0,0,0,0,1,100.0,NoArch
0,0,0,0,0,0,0,0,0,0,0,0,0.0,0,0,89,10,0,0,0,0,0,0,0,0,0,0,100.0,NoArch
0,0,0,0,0,0,0,0,0,0,0,0,0.0,0,0,50,12,0,0,0,0,0,0,0,0,0,1,100.0,NoArch
0,0,0,0,0,0,0,0,0,0,0,0,0.0,0,0,147,4,0,0,0,0,0,0,0,0,0,0,100.0,NoArch
0,0,0,0,0,0,0,0,0,0,0,0,0.0,0,0,123,1,0,0,0,0,0,0,0,0,0,1,100.0,NoArch
0,0,0,0,0,0,0,0,0,0,0,0,0.0,0,0,34,1,0,0,0,0,0,0,0,0,0,1,100.0,NoArch
0,0,0,0,0,0,0,0,0,0,0,0,0.0,0,0,20,3,0,0,0,0,0,0,0,0,0,0,100.0,NoArch
0,0,0,0,0,0,0,0,0,0,0,0,0.0,0,0,55,0,0,0,0,0,0,0,0,0,0,1,100.0,NoArch
4,0,0,0,0,0,0,0,3,20,1,1,0.0,0,1,115,3,0,0,0,0,0,0,0,0,0,1,99.36102236,NoArch
2,154,21,133,175,1,0,1,44,49,1,2,0.884755459,724,1,14,1,142,125,17,4881,4243,638,26,15,11,1,99.81507166,NoArch
1,42,14,28,56,0,0,0,5,103,1,1,0.0,162,2,99,3,16,13,3,1027,915,112,6,5,1,1,100.0,NoArch
0,0,0,0,0,0,0,0,0,0,0,0,0.0,0,0,62,21,0,0,0,0,0,0,0,0,0,1,100.0,NoArch
1,15,21,6,36,0,0,0,7,0,1,1,0.0,311,4,197,8,52,54,2,1390,1400,10,16,15,1,1,100.0,NoArch
0,0,0,0,0,0,0,0,0,0,0,0,0.0,0,0,31,11,0,0,0,0,0,0,0,0,0,1,100.0,NoArch
0,0,0,0,0,0,0,0,0,0,0,0,0.0,0,0,113,4,0,0,0,0,0,0,0,0,0,1,100.0,NoArch
0,0,0,0,0,0,0,0,0,0,0,0,0.0,0,0,38,1,0,0,0,0,0,0,0,0,0,1,100.0,NoArch
0,0,0,0,0,0,0,0,0,0,0,0,0.0,0,0,17,1,0,0,0,0,0,0,0,0,0,1,100.0,NoArch
1,31,0,31,31,1,0,1,3,7,1,1,0.0,852,1,309,5,126,122,4,3927,3746,181,30,30,0,1,100.0,NoArch
0,0,0,0,0,0,0,0,0,0,0,0,0.0,0,0,18,0,0,0,0,0,0,0,0,0,0,1,100.0,NoArch
2,29,4,25,33,0,0,0,42,84,1,2,0.32984607,1612,12,1,0,199,196,3,6716,6600,116,68,68,0,1,100.0,NoArch
0,0,0,0,0,0,0,0,0,0,0,0,0.0,0,0,0,0,0,0,0,0,0,0,0,0,0,1,100.0,NoArch
0,0,0,0,0,0,0,0,0,0,0,0,0.0,0,0,318,7,0,0,0,0,0,0,0,0,0,0,100.0,NoArch
2,82,17,65,99,1,0,1,31,38,1,2,0.967294779,908,2,167,2,111,106,5,4214,3865,349,29,28,1,1,100.0,NoArch
0,0,0,0,0,0,0,0,0,0,0,0,0.0,0,0,3,3,0,0,0,0,0,0,0,0,0,1,100.0,NoArch
0,0,0,0,0,0,0,0,0,0,0,0,0.0,0,0,14,12,0,0,0,0,0,0,0,0,0,0,100.0,NoArch
0,0,0,0,0,0,0,0,0,0,0,0,0.0,0,0,128,9,0,0,0,0,0,0,0,0,0,1,100.0,NoArch
0,0,0,0,0,0,0,0,0,0,0,0,0.0,0,0,25,2,0,0,0,0,0,0,0,0,0,1,100.0,NoArch
0,0,0,0,0,0,0,0,0,0,0,0,0.0,0,0,123,2,0,0,0,0,0,0,0,0,0,1,100.0,NoArch
4,31,37,6,68,0,0,0,79,652,1,2,1.553844031,3691,10,0,0,577,578,1,19149,19246,97,139,139,0,1,100.0,NoArch
0,0,0,0,0,0,0,0,0,0,0,0,0.0,0,0,30,0,0,0,0,0,0,0,0,0,0,1,100.0,NoArch
2,6,3,3,9,0,0,0,36,162,1,2,0.764204507,830,4,0,0,96,96,0,3406,3388,18,42,42,0,1,100.0,NoArch
1,5,13,8,18,0,0,0,31,631,1,1,0.0,842,4,23,0,92,94,2,2954,2968,14,26,26,0,1,100.0,NoArch
0,0,0,0,0,0,0,0,0,0,0,0,0.0,0,0,89,4,0,0,0,0,0,0,0,0,0,1,100.0,NoArch
0,0,0,0,0,0,0,0,0,0,0,0,0.0,0,0,97,1,0,0,0,0,0,0,0,0,0,0,100.0,NoArch
2,41,74,33,115,0,0,0,37,1108,1,2,0.126531592,634,4,256,4,80,80,0,2771,3023,252,35,35,0,1,100.0,NoArch
18,520,219,301,739,1,0,1,4,54,1,3,3.738802008,3017,1,23,0,382,382,0,19178,19178,0,143,143,0,1,100.0,NoArch
3,131,55,76,186,0,0,0,12,207,1,2,1.34105547,1263,3,108,1,128,117,11,6530,6231,299,53,49,4,1,100.0,NoArch
1,1,1,0,2,0,0,0,7,57,1,1,0.0,531,2,8,0,55,55,0,2857,2857,0,41,41,0,1,100.0,NoArch
0,0,0,0,0,0,0,0,0,0,0,0,0.0,0,0,98,0,0,0,0,0,0,0,0,0,0,0,100.0,NoArch
0,0,0,0,0,0,0,0,0,0,0,0,0.0,0,0,1,0,0,0,0,0,0,0,0,0,0,1,100.0,NoArch
0,0,0,0,0,0,0,0,0,0,0,0,0.0,0,0,8,4,0,0,0,0,0,0,0,0,0,1,100.0,NoArch
1,4,4,0,8,0,0,0,19,31,1,1,0.0,809,12,1,1,98,98,0,4371,4374,3,21,21,0,1,100.0,NoArch
18,524,246,278,770,0,0,0,22,286,1,5,2.189772773,8260,3,44,10,1093,1086,7,43305,42744,561,374,367,7,1,100.0,NoArch
0,0,0,0,0,0,0,0,0,0,0,0,0.0,0,0,88,6,0,0,0,0,0,0,0,0,0,0,100.0,NoArch
0,0,0,0,0,0,0,0,0,0,0,0,0.0,0,0,2,1,0,0,0,0,0,0,0,0,0,1,100.0,NoArch
0,0,0,0,0,0,0,0,0,0,0,0,0.0,0,0,85,3,0,0,0,0,0,0,0,0,0,0,100.0,NoArch
0,0,0,0,0,0,0,0,0,0,0,0,0.0,0,0,70,1,0,0,0,0,0,0,0,0,0,1,100.0,NoArch
1,4,2,2,6,0,0,0,76,15,1,1,0.0,1568,8,28,1,219,219,0,7839,7821,18,64,64,0,1,100.0,NoArch
1,9,0,9,9,1,0,1,17,1449,1,1,0.0,385,4,298,2,38,37,1,2439,2408,31,11,10,1,1,100.0,NoArch
7,34,6,28,40,4,0,4,9,3165,1,4,2.478389825,1958,5,73,1,296,294,2,10355,10232,123,102,102,0,1,100.0,NoArch
5,14,18,4,32,0,0,0,5,93,1,4,1.650204706,1680,1,107,6,200,202,2,7581,7583,2,80,80,0,1,100.0,NoArch
0,0,0,0,0,0,0,0,0,0,0,0,0.0,0,0,44,1,0,0,0,0,0,0,0,0,0,1,100.0,NoArch
11,90,61,29,151,1,0,1,56,533,1,5,3.090023806,7908,5,24,0,1220,1215,5,39341,39176,165,378,377,1,1,100.0,NoArch
0,0,0,0,0,0,0,0,0,0,0,0,0.0,0,0,6,0,0,0,0,0,0,0,0,0,0,3,100.0,NoArch
4,261,21,240,282,1,0,1,67,276,1,2,1.067110766,3286,15,6,0,405,385,20,17793,16561,1232,139,130,9,1,99.94186047,NoArch
0,0,0,0,0,0,0,0,0,0,0,0,0.0,0,0,33,24,0,0,0,0,0,0,0,0,0,0,100.0,NoArch
0,0,0,0,0,0,0,0,0,0,0,0,0.0,0,0,13,0,0,0,0,0,0,0,0,0,0,1,100.0,NoArch
4,207,44,163,251,1,0,1,71,66,1,3,1.283424337,3225,11,1,0,402,376,26,15585,14708,877,182,172,10,1,100.0,NoArch
0,0,0,0,0,0,0,0,0,0,0,0,0.0,0,0,0,0,0,0,0,0,0,0,0,0,0,1,100.0,NoArch
0,0,0,0,0,0,0,0,0,0,0,0,0.0,0,0,2,2,0,0,0,0,0,0,0,0,0,1,100.0,NoArch
3,14,7,7,21,0,0,0,15,13,1,1,1.378783493,1272,2,38,5,203,201,2,6964,6949,15,53,52,1,1,100.0,NoArch
1,1,1,0,2,0,0,0,17,249,1,1,0.0,1178,10,0,0,154,154,0,5400,5400,0,39,39,0,1,100.0,NoArch
1,1,1,0,2,0,0,0,21,6,1,1,0.0,477,9,0,0,69,69,0,1940,1938,2,18,18,0,1,100.0,NoArch
0,0,0,0,0,0,0,0,0,0,0,0,0.0,0,0,0,0,0,0,0,0,0,0,0,0,0,1,100.0,NoArch
0,0,0,0,0,0,0,0,0,0,0,0,0.0,0,0,48,0,0,0,0,0,0,0,0,0,0,1,100.0,NoArch
1,2,0,2,2,1,0,1,19,122,1,1,0.0,1750,13,0,0,245,245,0,8856,8850,6,67,67,0,1,100.0,NoArch
0,0,0,0,0,0,0,0,0,0,0,0,0.0,0,0,235,2,0,0,0,0,0,0,0,0,0,1,100.0,NoArch
21,308,196,112,504,6,2,8,75,1023,1,8,3.807499453,5345,2,12,0,656,649,7,22778,22165,613,317,309,8,1,99.46996466,NoArch
2,186,97,89,283,1,0,1,9,21,1,2,0.970535692,1390,1,6,0,163,157,6,5807,5479,328,56,50,6,0,99.91638796,NoArch
0,0,0,0,0,0,0,0,0,0,0,0,0.0,0,0,1,0,0,0,0,0,0,0,0,0,0,1,100.0,NoArch
6,22,24,2,46,0,0,0,56,194,1,2,2.241490537,5959,4,38,2,996,999,3,30285,30326,41,298,298,0,1,100.0,NoArch
0,0,0,0,0,0,0,0,0,0,0,0,0.0,0,0,72,28,0,0,0,0,0,0,0,0,0,0,100.0,NoArch
0,0,0,0,0,0,0,0,0,0,0,0,0.0,0,0,41,2,0,0,0,0,0,0,0,0,0,1,100.0,NoArch
0,0,0,0,0,0,0,0,0,0,0,0,0.0,0,0,274,5,0,0,0,0,0,0,0,0,0,1,100.0,NoArch
3,218,0,218,218,3,0,3,40,145,1,2,1.093581981,2379,1,5,0,304,291,13,11447,10370,1077,94,89,5,1,99.89384289,NoArch
1,2,2,0,4,0,0,0,7,716,1,1,0.0,112,2,123,7,0,0,0,385,383,2,0,0,0,1,100.0,NoArch
4,0,0,0,0,0,0,0,3,20,1,1,0.0,0,1,115,3,0,0,0,0,0,0,0,0,0,1,99.36102236,NoArch
1,5,3,2,8,0,0,0,11,20,1,1,0.0,348,8,26,2,47,47,0,1297,1297,0,10,10,0,1,100.0,NoArch
0,0,0,0,0,0,0,0,0,0,0,0,0.0,0,0,112,3,0,0,0,0,0,0,0,0,0,0,100.0,NoArch
2,21,6,15,27,0,0,0,3,3613,1,2,0.99107606,136,3,11,2,13,12,1,626,534,92,12,11,1,1,100.0,NoArch
1,8,8,0,16,0,0,0,9,2733,1,1,0.0,548,6,25,1,74,74,0,2349,2339,10,34,34,0,1,100.0,NoArch
0,0,0,0,0,0,0,0,0,0,0,0,0.0,0,0,14,1,0,0,0,0,0,0,0,0,0,1,100.0,NoArch
13,128,78,50,206,0,0,0,25,116,1,5,3.389692315,5525,3,120,4,768,743,25,28002,27752,250,226,226,0,1,100.0,NoArch
1,7,2,5,9,0,0,0,2,1079,1,1,0.0,214,2,9,4,22,22,0,1058,1030,28,8,8,0,1,100.0,NoArch
0,0,0,0,0,0,0,0,0,0,0,0,0.0,0,0,78,5,0,0,0,0,0,0,0,0,0,2,100.0,NoArch
0,0,0,0,0,0,0,0,0,0,0,0,0.0,0,0,9,7,0,0,0,0,0,0,0,0,0,0,100.0,NoArch
0,0,0,0,0,0,0,0,0,0,0,0,0.0,0,0,0,0,0,0,0,0,0,0,0,0,0,1,100.0,NoArch
3,8,74,66,82,0,0,0,70,1044,1,2,1.067988219,3884,10,9,0,413,420,7,15751,16304,553,126,126,0,1,100.0,NoArch
1,18,0,18,18,1,0,1,31,0,1,1,0.0,1056,4,161,1,143,142,1,5418,5347,71,40,39,1,1,100.0,NoArch
0,0,0,0,0,0,0,0,0,0,0,0,0.0,0,0,280,3,0,0,0,0,0,0,0,0,0,1,100.0,NoArch
0,0,0,0,0,0,0,0,0,0,0,0,0.0,0,0,13,0,0,0,0,0,0,0,0,0,0,1,100.0,NoArch
0,0,0,0,0,0,0,0,0,0,0,0,0.0,0,0,31,1,0,0,0,0,0,0,0,0,0,0,100.0,NoArch
0,0,0,0,0,0,0,0,0,0,0,0,0.0,0,0,259,2,0,0,0,0,0,0,0,0,0,1,100.0,NoArch
1,16,0,16,16,1,0,1,32,1117,1,1,0.0,739,4,265,1,71,69,2,4955,4887,68,17,16,1,1,100.0,NoArch
18,41,54,13,95,0,0,0,37,600,1,9,2.72998831,11944,3,15,0,1482,1482,0,52305,52305,0,588,588,0,1,100.0,NoArch
0,0,0,0,0,0,0,0,0,0,0,0,0.0,0,0,198,3,0,0,0,0,0,0,0,0,0,1,100.0,NoArch
13,0,0,0,0,13,0,13,1,0,1,6,0.0,2383,1,6,1,264,264,0,9124,9124,0,115,115,0,1,98.48749273,NoArch
0,0,0,0,0,0,0,0,0,0,0,0,0.0,0,0,19,19,0,0,0,0,0,0,0,0,0,1,100.0,NoArch
1,71,34,37,105,0,0,0,16,0,1,1,0.0,777,3,65,6,163,154,9,4979,4783,196,32,31,1,1,100.0,NoArch
0,0,0,0,0,0,0,0,0,0,0,0,0.0,0,0,44,1,0,0,0,0,0,0,0,0,0,1,100.0,NoArch
2,73,45,28,118,0,0,0,34,112,1,2,0.775937331,1297,5,17,0,170,168,2,6660,6573,87,49,48,1,1,100.0,NoArch
3,40,30,10,70,0,0,0,52,169,1,1,1.297016507,1823,2,289,3,254,253,1,7773,7734,39,103,103,0,1,100.0,NoArch
19,272,170,102,442,1,0,1,21,109,1,7,3.442447751,6786,3,86,0,912,896,16,33029,32406,623,264,262,2,1,100.0,NoArch
2,238,17,221,255,1,0,1,68,355,1,2,0.897427193,2596,1,23,2,228,219,9,9576,9130,446,104,95,9,1,98.20828667,NoArch
0,0,0,0,0,0,0,0,0,0,0,0,0.0,0,0,23,4,0,0,0,0,0,0,0,0,0,0,100.0,NoArch
17,585,56,529,641,5,0,5,108,910,1,6,3.009407616,11092,11,2,0,1518,1462,56,52938,50722,2216,571,543,28,1,99.71153846,NoArch
17,544,55,489,599,11,0,11,33,443,1,3,2.934500022,7766,3,169,4,1109,1055,54,42392,39710,2682,333,308,25,1,100.0,NoArch
1,27,3,24,30,0,0,0,4,1974,1,1,0.0,110,3,6,1,6,4,2,694,558,136,5,4,1,1,100.0,NoArch
0,0,0,0,0,0,0,0,0,0,0,0,0.0,0,0,4,1,0,0,0,0,0,0,0,0,0,1,100.0,NoArch
1,8,8,0,16,0,0,0,12,904,1,1,0.0,761,4,253,3,98,98,0,5917,5911,6,26,26,0,1,100.0,NoArch
3,26,0,26,26,3,0,3,39,9,1,2,1.56966701,923,2,7,2,109,106,3,3596,3504,92,50,47,3,1,100.0,NoArch
0,0,0,0,0,0,0,0,0,0,0,0,0.0,0,0,29,1,0,0,0,0,0,0,0,0,0,1,100.0,NoArch
0,0,0,0,0,0,0,0,0,0,0,0,0.0,0,0,335,13,0,0,0,0,0,0,0,0,0,0,100.0,NoArch
13,0,0,0,0,13,0,13,1,0,1,6,0.0,2383,1,4,2,264,264,0,9124,9124,0,115,115,0,1,98.48042081,NoArch
2,186,97,89,283,1,0,1,9,21,1,2,0.970535692,1390,1,6,0,163,157,6,5807,5479,328,56,50,6,0,99.91638796,NoArch
0,0,0,0,0,0,0,0,0,0,0,0,0.0,0,0,22,0,0,0,0,0,0,0,0,0,0,1,100.0,NoArch
3,101,5,96,106,2,0,2,39,76,1,2,1.100821706,1298,1,12,0,169,158,11,5808,5402,406,60,56,4,2,99.84725051,NoArch
4,263,20,243,283,2,0,2,62,412,1,3,1.366360459,2009,1,267,1,357,329,28,9931,9042,889,129,120,9,1,99.78251414,NoArch
0,0,0,0,0,0,0,0,0,0,0,0,0.0,0,0,1,1,0,0,0,0,0,0,0,0,0,1,100.0,NoArch
5,283,158,125,441,0,0,0,24,16,1,3,1.068650383,1974,2,155,10,209,204,5,8686,7811,875,64,63,1,1,99.93514916,NoArch
1,1,0,1,1,1,0,1,3,17,1,1,0.0,432,1,11,4,88,88,0,2867,2854,13,9,9,0,0,100.0,NoArch
0,0,0,0,0,0,0,0,0,0,0,0,0.0,0,0,66,15,0,0,0,0,0,0,0,0,0,1,100.0,NoArch
0,0,0,0,0,0,0,0,0,0,0,0,0.0,0,0,0,0,0,0,0,0,0,0,0,0,0,1,100.0,NoArch
18,609,40,569,649,10,0,10,62,1298,1,4,3.404184304,8541,4,283,15,1185,1115,70,44042,40684,3358,402,374,28,1,99.92542878,NoArch
0,0,0,0,0,0,0,0,0,0,0,0,0.0,0,0,20,20,0,0,0,0,0,0,0,0,0,1,100.0,NoArch
5,241,10,231,251,3,0,3,19,112,1,1,1.224945677,1636,1,111,10,214,186,28,10408,9339,1069,81,71,10,1,99.55396967,NoArch
47,405,760,355,1165,1,2,3,29,102,1,7,4.922380983,10325,3,156,1,1033,1052,19,52075,53941,1866,368,375,7,1,99.33110368,NoArch
6,110,13,97,123,0,0,0,12,976,1,2,2.037985228,5314,9,5,1,764,752,12,24068,23469,599,280,273,7,1,99.91455426,NoArch
1,4,4,0,8,0,0,0,4,1167,1,1,0.0,201,3,0,0,25,25,0,867,867,0,4,4,0,1,100.0,NoArch
0,0,0,0,0,0,0,0,0,0,0,0,0.0,0,0,2,1,0,0,0,0,0,0,0,0,0,1,100.0,NoArch
0,0,0,0,0,0,0,0,0,0,0,0,0.0,0,0,123,5,0,0,0,0,0,0,0,0,0,1,100.0,NoArch
1,16,16,0,32,0,0,0,17,2,1,1,0.0,814,3,119,6,163,163,0,4981,4979,2,32,32,0,1,100.0,NoArch
18,41,54,13,95,0,0,0,37,600,1,9,2.72998831,11944,3,15,0,1482,1482,0,52305,52305,0,588,588,0,1,100.0,NoArch
0,0,0,0,0,0,0,0,0,0,0,0,0.0,0,0,31,5,0,0,0,0,0,0,0,0,0,0,100.0,NoArch
0,0,0,0,0,0,0,0,0,0,0,0,0.0,0,0,310,6,0,0,0,0,0,0,0,0,0,1,100.0,NoArch
0,0,0,0,0,0,0,0,0,0,0,0,0.0,0,0,177,2,0,0,0,0,0,0,0,0,0,1,100.0,NoArch
1,9,1,8,10,0,0,0,16,2770,1,1,0.0,777,9,76,0,123,122,1,3100,3066,34,44,44,0,1,100.0,NoArch
25,104,3,101,107,22,0,22,80,2273,1,8,3.912113765,9246,12,11,0,1006,1006,0,37862,37300,562,369,369,0,1,100.0,NoArch
1,1,1,0,2,0,0,0,4,0,1,1,0.0,6,1,67,10,0,0,0,28,28,0,0,0,0,0,100.0,NoArch
1,7,7,0,14,0,0,0,3,295,1,1,0.0,177,3,184,1,20,20,0,777,791,14,7,7,0,1,100.0,NoArch
0,0,0,0,0,0,0,0,0,0,0,0,0.0,0,0,2,2,0,0,0,0,0,0,0,0,0,1,100.0,NoArch
0,0,0,0,0,0,0,0,0,0,0,0,0.0,0,0,11,9,0,0,0,0,0,0,0,0,0,0,100.0,NoArch
18,735,43,692,778,11,0,11,73,687,1,7,3.367367672,3139,1,2,0,394,354,40,15573,11988,3585,185,150,35,3,99.43745864,NoArch
0,0,0,0,0,0,0,0,0,0,0,0,0.0,0,0,110,9,0,0,0,0,0,0,0,0,0,1,100.0,NoArch
0,0,0,0,0,0,0,0,0,0,0,0,0.0,0,0,26,0,0,0,0,0,0,0,0,0,0,1,100.0,NoArch
0,0,0,0,0,0,0,0,0,0,0,0,0.0,0,0,4,0,0,0,0,0,0,0,0,0,0,1,100.0,NoArch
1,5,6,1,11,0,0,0,2,1558,1,1,0.0,663,2,0,0,102,102,0,3757,3765,8,28,28,0,0,100.0,NoArch
0,0,0,0,0,0,0,0,0,0,0,0,0.0,0,0,32,1,0,0,0,0,0,0,0,0,0,1,100.0,NoArch
0,0,0,0,0,0,0,0,0,0,0,0,0.0,0,0,179,1,0,0,0,0,0,0,0,0,0,1,100.0,NoArch
0,0,0,0,0,0,0,0,0,0,0,0,0.0,0,0,64,5,0,0,0,0,0,0,0,0,0,1,100.0,NoArch
1,4,4,0,8,0,0,0,19,31,1,1,0.0,809,12,1,1,98,98,0,4371,4374,3,21,21,0,1,100.0,NoArch
0,0,0,0,0,0,0,0,0,0,0,0,0.0,0,0,20,3,0,0,0,0,0,0,0,0,0,0,100.0,NoArch
0,0,0,0,0,0,0,0,0,0,0,0,0.0,0,0,119,0,0,0,0,0,0,0,0,0,0,1,100.0,NoArch
0,0,0,0,0,0,0,0,0,0,0,0,0.0,0,0,251,0,0,0,0,0,0,0,0,0,0,1,100.0,NoArch
0,0,0,0,0,0,0,0,0,0,0,0,0.0,0,0,0,0,0,0,0,0,0,0,0,0,0,1,100.0,NoArch
0,0,0,0,0,0,0,0,0,0,0,0,0.0,0,0,57,4,0,0,0,0,0,0,0,0,0,0,100.0,NoArch
11,77,14,63,91,4,0,4,61,1205,1,5,3.175929803,4492,1,47,0,657,642,15,20941,20602,339,315,303,12,3,100.0,NoArch
0,0,0,0,0,0,0,0,0,0,0,0,0.0,0,0,236,5,0,0,0,0,0,0,0,0,0,1,100.0,NoArch
0,0,0,0,0,0,0,0,0,0,0,0,0.0,0,0,2,0,0,0,0,0,0,0,0,0,0,1,100.0,NoArch
0,0,0,0,0,0,0,0,0,0,0,0,0.0,0,0,127,0,0,0,0,0,0,0,0,0,0,0,100.0,NoArch
0,0,0,0,0,0,0,0,0,0,0,0,0.0,0,0,66,15,0,0,0,0,0,0,0,0,0,1,100.0,NoArch
1,10,10,0,20,0,0,0,8,5121,1,1,0.0,282,5,71,0,70,70,0,1516,1516,0,12,12,0,1,100.0,NoArch
2,66,3,63,69,0,0,0,4,1695,1,2,0.698124573,174,2,49,1,23,14,9,997,594,403,9,8,1,1,100.0,NoArch
4,56,32,24,88,0,0,0,17,462,1,2,0.987546409,1112,2,74,1,124,121,3,3955,3902,53,50,50,0,1,100.0,NoArch
0,0,0,0,0,0,0,0,0,0,0,0,0.0,0,0,14,0,0,0,0,0,0,0,0,0,0,1,100.0,NoArch
4,214,9,205,223,3,0,3,2,18,1,3,1.287550338,1800,1,2,0,264,246,18,9710,8845,865,84,72,12,1,99.84301413,NoArch
0,0,0,0,0,0,0,0,0,0,0,0,0.0,0,0,108,7,0,0,0,0,0,0,0,0,0,1,100.0,NoArch
0,0,0,0,0,0,0,0,0,0,0,0,0.0,0,0,5,0,0,0,0,0,0,0,0,0,0,3,100.0,NoArch
2,16,10,6,26,0,0,0,32,819,1,2,0.51594693,1036,17,13,2,136,134,2,5467,5432,35,28,27,1,1,100.0,NoArch
0,0,0,0,0,0,0,0,0,0,0,0,0.0,0,0,7,0,0,0,0,0,0,0,0,0,0,1,100.0,NoArch
4,4,5,1,9,0,0,0,3,1392,1,1,1.974937501,175,3,12,3,15,15,0,342,359,17,15,15,0,1,100.0,NoArch
10,1343,285,1058,1628,5,0,5,4,798,1,1,2.584193601,1186,2,2,0,189,93,96,12398,6882,5516,91,43,48,1,98.02469136,NoArch
0,0,0,0,0,0,0,0,0,0,0,0,0.0,0,0,32,1,0,0,0,0,0,0,0,0,0,1,100.0,NoArch
1,245,163,82,408,0,0,0,2,199,1,1,0.0,313,1,302,1,52,43,9,1682,1381,301,13,9,4,1,100.0,NoArch
0,0,0,0,0,0,0,0,0,0,0,0,0.0,0,0,8,6,0,0,0,0,0,0,0,0,0,0,100.0,NoArch
1,4,3,1,7,0,0,0,11,838,1,1,0.0,1371,8,19,0,156,156,0,5408,5406,2,52,52,0,1,100.0,NoArch
0,0,0,0,0,0,0,0,0,0,0,0,0.0,0,0,107,5,0,0,0,0,0,0,0,0,0,0,100.0,NoArch
16,577,348,229,925,2,0,2,2,165,1,4,3.280174162,3856,1,83,6,399,373,26,17541,16539,1002,174,162,12,1,99.70845481,NoArch
3,147,32,115,179,0,0,0,43,365,1,2,1.093488487,1978,4,122,1,269,253,16,8580,7951,629,109,103,6,1,100.0,NoArch
6,590,74,516,664,3,0,3,67,109,1,3,1.900831698,1647,13,5,0,286,225,61,9819,6996,2823,122,95,27,1,99.67741935,NoArch
0,0,0,0,0,0,0,0,0,0,0,0,0.0,0,0,6,0,0,0,0,0,0,0,0,0,0,3,100.0,NoArch
0,0,0,0,0,0,0,0,0,0,0,0,0.0,0,0,99,1,0,0,0,0,0,0,0,0,0,1,100.0,NoArch
1,3,3,0,6,0,0,0,74,141,1,1,0.0,1568,8,112,4,219,219,0,7821,7817,4,64,64,0,1,100.0,NoArch
0,0,0,0,0,0,0,0,0,0,0,0,0.0,0,0,27,25,0,0,0,0,0,0,0,0,0,0,100.0,NoArch
0,0,0,0,0,0,0,0,0,0,0,0,0.0,0,0,28,8,0,0,0,0,0,0,0,0,0,1,100.0,NoArch
1,245,163,82,408,0,0,0,2,199,1,1,0.0,313,1,303,2,52,43,9,1682,1381,301,13,9,4,1,100.0,NoArch
2,54,11,43,65,1,0,1,5,240,1,2,0.979241535,278,1,52,1,71,65,6,1590,1514,76,13,12,1,1,99.71509972,NoArch
3,218,0,218,218,3,0,3,40,145,1,2,1.093581981,2379,1,5,0,304,291,13,11447,10370,1077,94,89,5,1,99.89384289,NoArch
0,0,0,0,0,0,0,0,0,0,0,0,0.0,0,0,7,1,0,0,0,0,0,0,0,0,0,1,100.0,NoArch
2,30,4,26,34,0,0,0,37,199,1,2,0.977417818,1100,4,137,0,149,146,3,5401,5241,160,76,75,1,1,100.0,NoArch
0,0,0,0,0,0,0,0,0,0,0,0,0.0,0,0,11,9,0,0,0,0,0,0,0,0,0,0,100.0,NoArch
1,4,2,2,6,0,0,0,21,558,1,1,0.0,1752,15,0,0,245,245,0,8866,8856,10,67,67,0,1,100.0,NoArch
0,0,0,0,0,0,0,0,0,0,0,0,0.0,0,0,92,2,0,0,0,0,0,0,0,0,0,1,100.0,NoArch
1,3,6,3,9,0,0,0,42,74,1,1,0.0,592,5,3,1,85,85,0,2803,2824,21,35,35,0,1,100.0,NoArch
0,0,0,0,0,0,0,0,0,0,0,0,0.0,0,0,55,16,0,0,0,0,0,0,0,0,0,1,100.0,NoArch
11,90,61,29,151,1,0,1,56,533,1,5,3.090023806,7908,5,24,0,1220,1215,5,39341,39176,165,378,377,1,1,100.0,NoArch
0,0,0,0,0,0,0,0,0,0,0,0,0.0,0,0,68,0,0,0,0,0,0,0,0,0,0,1,100.0,NoArch
0,0,0,0,0,0,0,0,0,0,0,0,0.0,0,0,179,3,0,0,0,0,0,0,0,0,0,0,100.0,NoArch
3,42,3,39,45,1,0,1,76,176,1,3,1.311932991,2017,2,14,0,268,264,4,9836,9564,272,150,148,2,1,100.0,NoArch
2,13,5,8,18,1,0,1,3,4,1,1,0.964078765,521,1,86,9,70,68,2,2614,2608,6,32,30,2,1,100.0,NoArch
0,0,0,0,0,0,0,0,0,0,0,0,0.0,0,0,119,0,0,0,0,0,0,0,0,0,0,1,100.0,NoArch
1,31,9,22,40,0,0,0,7,3,1,1,0.0,600,2,7,2,87,84,3,2619,2482,137,41,38,3,1,100.0,NoArch
0,0,0,0,0,0,0,0,0,0,0,0,0.0,0,0,4,0,0,0,0,0,0,0,0,0,0,3,100.0,NoArch
0,0,0,0,0,0,0,0,0,0,0,0,0.0,0,0,3,0,0,0,0,0,0,0,0,0,0,1,100.0,NoArch
3,26,0,26,26,3,0,3,39,9,1,2,1.56966701,923,2,7,2,109,106,3,3596,3504,92,50,47,3,1,100.0,NoArch
1,7,0,7,7,1,0,1,11,0,1,1,0.0,768,3,51,1,154,151,3,4767,4702,65,31,31,0,1,100.0,NoArch
1,2,2,0,4,0,0,0,62,23,1,1,0.0,2320,27,5,1,372,374,2,10857,10865,8,159,159,0,1,100.0,NoArch
4,151,2,149,153,2,0,2,64,438,1,2,1.226208431,2584,5,49,4,318,298,20,12774,11849,925,122,119,3,1,99.8696219,NoArch
0,0,0,0,0,0,0,0,0,0,0,0,0.0,0,0,0,0,0,0,0,0,0,0,0,0,0,3,100.0,NoArch
0,0,0,0,0,0,0,0,0,0,0,0,0.0,0,0,26,3,0,0,0,0,0,0,0,0,0,1,100.0,NoArch
3,325,5,320,330,1,0,1,50,16,1,3,0.60528515,3038,1,45,1,489,447,42,16490,14815,1675,187,176,11,1,99.95119571,NoArch
3,14,7,7,21,0,0,0,15,13,1,1,1.378783493,1272,2,38,5,203,201,2,6964,6949,15,53,52,1,1,100.0,NoArch
2,2,2,0,4,0,0,0,90,1989,1,2,1.0,1877,7,9,1,271,271,0,9197,9207,10,72,72,0,1,100.0,NoArch
0,0,0,0,0,0,0,0,0,0,0,0,0.0,0,0,20,1,0,0,0,0,0,0,0,0,0,1,100.0,NoArch
1,0,8,8,8,0,0,0,2,20,1,1,0.0,165,2,15,0,15,15,0,794,843,49,6,6,0,1,100.0,NoArch
0,0,0,0,0,0,0,0,0,0,0,0,0.0,0,0,33,24,0,0,0,0,0,0,0,0,0,0,100.0,NoArch
0,0,0,0,0,0,0,0,0,0,0,0,0.0,0,0,125,1,0,0,0,0,0,0,0,0,0,0,100.0,NoArch
0,0,0,0,0,0,0,0,0,0,0,0,0.0,0,0,18,0,0,0,0,0,0,0,0,0,0,0,100.0,NoArch
1,4,1,3,5,0,0,0,21,382,1,1,0.0,783,12,0,0,120,120,0,3156,3136,20,43,43,0,1,100.0,NoArch
17,777,561,216,1338,1,1,2,18,43,1,4,1.66791692,4474,2,60,9,697,658,39,23413,22287,1126,259,248,11,1,99.11268855,NoArch
2,30,4,26,34,1,0,1,36,440,1,2,0.873981048,636,3,242,1,105,103,2,3866,3716,150,16,15,1,1,100.0,NoArch
0,0,0,0,0,0,0,0,0,0,0,0,0.0,0,0,74,1,0,0,0,0,0,0,0,0,0,1,100.0,NoArch
0,0,0,0,0,0,0,0,0,0,0,0,0.0,0,0,25,2,0,0,0,0,0,0,0,0,0,1,100.0,NoArch
1,4,0,4,4,1,0,1,3,129,1,1,0.0,80,2,34,0,4,4,0,338,324,14,2,2,0,0,100.0,NoArch
1,17,17,0,34,0,0,0,86,582,1,1,0.0,1595,12,3,1,227,226,1,8121,8093,28,62,62,0,1,100.0,NoArch
0,0,0,0,0,0,0,0,0,0,0,0,0.0,0,0,2,0,0,0,0,0,0,0,0,0,0,1,100.0,NoArch
0,0,0,0,0,0,0,0,0,0,0,0,0.0,0,0,264,1,0,0,0,0,0,0,0,0,0,1,100.0,NoArch
1,1,1,0,2,0,0,0,5,39,1,1,0.0,1124,2,2,2,140,140,0,5108,5108,0,49,49,0,1,100.0,NoArch
0,0,0,0,0,0,0,0,0,0,0,0,0.0,0,0,78,0,0,0,0,0,0,0,0,0,0,1,100.0,NoArch
0,0,0,0,0,0,0,0,0,0,0,0,0.0,0,0,22,0,0,0,0,0,0,0,0,0,0,1,100.0,NoArch
0,0,0,0,0,0,0,0,0,0,0,0,0.0,0,0,27,4,0,0,0,0,0,0,0,0,0,6,100.0,NoArch
21,270,133,137,403,1,0,1,21,117,1,6,3.650069244,6900,3,71,2,937,918,19,33570,32840,730,271,268,3,1,100.0,NoArch
7,359,118,241,477,2,0,2,45,49,1,2,1.868663602,4148,5,25,0,518,493,25,17617,16664,953,180,171,9,1,100.0,NoArch
0,0,0,0,0,0,0,0,0,0,0,0,0.0,0,0,117,1,0,0,0,0,0,0,0,0,0,0,100.0,NoArch
0,0,0,0,0,0,0,0,0,0,0,0,0.0,0,0,0,0,0,0,0,0,0,0,0,0,0,0,100.0,NoArch
6,160,147,13,307,0,0,0,9,186,1,4,0.875265195,700,2,24,4,70,67,3,3214,3181,33,24,24,0,1,100.0,NoArch
1,2,19,17,21,0,0,0,4,26,1,1,0.0,518,4,22,3,63,63,0,1956,2044,88,15,15,0,0,100.0,NoArch
0,0,0,0,0,0,0,0,0,0,0,0,0.0,0,0,77,6,0,0,0,0,0,0,0,0,0,0,100.0,NoArch
0,0,0,0,0,0,0,0,0,0,0,0,0.0,0,0,109,7,0,0,0,0,0,0,0,0,0,0,100.0,NoArch
0,0,0,0,0,0,0,0,0,0,0,0,0.0,0,0,103,4,0,0,0,0,0,0,0,0,0,1,100.0,NoArch
4,79,4,75,83,3,0,3,56,176,1,2,0.420083129,2544,4,277,4,372,366,6,11736,11228,508,151,148,3,1,100.0,NoArch
1,8,8,0,16,0,0,0,9,2733,1,1,0.0,548,6,22,1,74,74,0,2349,2339,10,34,34,0,1,100.0,NoArch
0,0,0,0,0,0,0,0,0,0,0,0,0.0,0,0,237,6,0,0,0,0,0,0,0,0,0,1,100.0,NoArch
0,0,0,0,0,0,0,0,0,0,0,0,0.0,0,0,20,0,0,0,0,0,0,0,0,0,0,1,100.0,NoArch
0,0,0,0,0,0,0,0,0,0,0,0,0.0,0,0,123,2,0,0,0,0,0,0,0,0,0,1,100.0,NoArch
6,590,74,516,664,3,0,3,67,109,1,3,1.900831698,1647,13,5,0,286,225,61,9819,6996,2823,122,95,27,1,99.67741935,NoArch
3,11,10,1,21,0,0,0,3,56,1,1,1.20600269,630,3,15,13,71,71,0,4398,4391,7,25,25,0,0,100.0,NoArch
0,0,0,0,0,0,0,0,0,0,0,0,0.0,0,0,64,0,0,0,0,0,0,0,0,0,0,1,100.0,NoArch
0,0,0,0,0,0,0,0,0,0,0,0,0.0,0,0,10,0,0,0,0,0,0,0,0,0,0,1,100.0,NoArch
1,31,9,22,40,0,0,0,7,3,1,1,0.0,600,2,7,2,87,84,3,2619,2482,137,41,38,3,1,100.0,NoArch
1,5,13,8,18,0,0,0,31,631,1,1,0.0,842,4,23,0,92,94,2,2954,2968,14,26,26,0,1,100.0,NoArch
0,0,0,0,0,0,0,0,0,0,0,0,0.0,0,0,21,4,0,0,0,0,0,0,0,0,0,0,100.0,NoArch
0,0,0,0,0,0,0,0,0,0,0,0,0.0,0,0,14,6,0,0,0,0,0,0,0,0,0,0,100.0,NoArch
14,34,208,174,242,0,1,1,94,996,1,8,2.698880444,7330,5,116,1,976,986,10,34901,35461,560,328,334,6,1,99.81529368,NoArch
7,278,27,251,305,1,0,1,66,1338,1,3,1.954991228,2769,12,2,0,366,331,35,12318,11103,1215,167,144,23,1,98.30065359,NoArch
3,129,3,126,132,1,0,1,24,4,1,2,0.513249544,1554,1,124,8,246,239,7,9248,8651,597,57,54,3,1,99.83552632,NoArch
0,0,0,0,0,0,0,0,0,0,0,0,0.0,0,0,343,6,0,0,0,0,0,0,0,0,0,0,100.0,NoArch
0,0,0,0,0,0,0,0,0,0,0,0,0.0,0,0,8,6,0,0,0,0,0,0,0,0,0,0,100.0,NoArch
0,0,0,0,0,0,0,0,0,0,0,0,0.0,0,0,4,1,0,0,0,0,0,0,0,0,0,1,100.0,NoArch
1,33,33,0,66,0,0,0,5,81,1,1,0.0,284,3,23,3,27,27,0,1649,1649,0,7,7,0,1,100.0,NoArch
1,1,1,0,2,0,0,0,12,1471,1,1,0.0,186,4,5,1,27,27,0,445,445,0,9,9,0,1,100.0,NoArch
0,0,0,0,0,0,0,0,0,0,0,0,0.0,0,0,14,1,0,0,0,0,0,0,0,0,0,1,100.0,NoArch
0,0,0,0,0,0,0,0,0,0,0,0,0.0,0,0,126,8,0,0,0,0,0,0,0,0,0,0,100.0,NoArch
0,0,0,0,0,0,0,0,0,0,0,0,0.0,0,0,13,2,0,0,0,0,0,0,0,0,0,1,100.0,NoArch
0,0,0,0,0,0,0,0,0,0,0,0,0.0,0,0,302,1,0,0,0,0,0,0,0,0,0,0,100.0,NoArch
0,0,0,0,0,0,0,0,0,0,0,0,0.0,0,0,105,3,0,0,0,0,0,0,0,0,0,0,100.0,NoArch
8,1231,5,1226,1236,4,0,4,11,225,1,3,1.338275151,1379,1,105,1,183,100,83,9109,4562,4547,90,55,35,1,99.8046875,NoArch
1,8,1,7,9,0,0,0,4,104,1,1,0.0,520,2,11,5,72,71,1,2277,2267,10,9,8,1,0,100.0,NoArch
0,0,0,0,0,0,0,0,0,0,0,0,0.0,0,0,47,10,0,0,0,0,0,0,0,0,0,0,100.0,NoArch
1,2,2,0,4,0,0,0,3,2671,1,1,0.0,67,3,2,0,6,6,0,282,282,0,3,3,0,1,100.0,NoArch
1,4,18,14,22,0,0,0,48,17,1,1,0.0,696,7,214,5,114,120,6,4118,4225,107,16,16,0,1,100.0,NoArch
1,15,5,10,20,0,0,0,41,44,1,1,0.0,860,8,10,0,81,80,1,5769,5701,68,20,20,0,1,100.0,NoArch
0,0,0,0,0,0,0,0,0,0,0,0,0.0,0,0,92,10,0,0,0,0,0,0,0,0,0,0,100.0,NoArch
1,4,1,3,5,0,0,0,21,382,1,1,0.0,783,12,0,0,120,120,0,3156,3136,20,43,43,0,1,100.0,NoArch
0,0,0,0,0,0,0,0,0,0,0,0,0.0,0,0,15,3,0,0,0,0,0,0,0,0,0,1,100.0,NoArch
0,0,0,0,0,0,0,0,0,0,0,0,0.0,0,0,1,0,0,0,0,0,0,0,0,0,0,1,100.0,NoArch
0,0,0,0,0,0,0,0,0,0,0,0,0.0,0,0,146,6,0,0,0,0,0,0,0,0,0,1,100.0,NoArch
0,0,0,0,0,0,0,0,0,0,0,0,0.0,0,0,124,1,0,0,0,0,0,0,0,0,0,1,100.0,NoArch
0,0,0,0,0,0,0,0,0,0,0,0,0.0,0,0,0,0,0,0,0,0,0,0,0,0,0,1,100.0,NoArch
0,0,0,0,0,0,0,0,0,0,0,0,0.0,0,0,287,9,0,0,0,0,0,0,0,0,0,1,100.0,NoArch
0,0,0,0,0,0,0,0,0,0,0,0,0.0,0,0,33,24,0,0,0,0,0,0,0,0,0,0,100.0,NoArch
1,1,1,0,2,0,0,0,16,2108,1,1,0.0,672,6,256,2,53,53,0,3863,3863,0,11,11,0,1,100.0,NoArch
1,1,1,0,2,0,0,0,7,110,1,1,0.0,371,3,145,3,41,41,0,1605,1605,0,14,14,0,1,100.0,NoArch
1,4,1,3,5,0,0,0,21,356,1,1,0.0,783,12,0,0,120,120,0,3156,3136,20,43,43,0,1,100.0,NoArch
4,831,0,831,831,4,0,4,1,0,1,2,1.526670859,0,1,183,0,75,0,75,2713,0,2713,43,0,43,1,99.60159363,NoArch
0,0,0,0,0,0,0,0,0,0,0,0,0.0,0,0,62,1,0,0,0,0,0,0,0,0,0,1,100.0,NoArch
4,4,5,1,9,0,0,0,3,1392,1,1,1.974937501,175,3,12,3,15,15,0,342,359,17,15,15,0,1,100.0,NoArch
0,0,0,0,0,0,0,0,0,0,0,0,0.0,0,0,42,3,0,0,0,0,0,0,0,0,0,1,100.0,NoArch
0,0,0,0,0,0,0,0,0,0,0,0,0.0,0,0,0,0,0,0,0,0,0,0,0,0,0,1,100.0,NoArch
1,27,3,24,30,0,0,0,4,1974,1,1,0.0,110,3,6,1,6,4,2,694,558,136,5,4,1,1,100.0,NoArch
5,49,63,14,112,0,0,0,35,1453,1,1,1.790139189,1896,5,0,0,200,203,3,6631,6704,73,86,86,0,1,100.0,NoArch
5,76,7,69,83,3,0,3,46,2015,1,4,1.727549257,4172,5,0,0,592,580,12,20319,19853,466,234,231,3,1,99.80573094,NoArch
0,0,0,0,0,0,0,0,0,0,0,0,0.0,0,0,4,0,0,0,0,0,0,0,0,0,0,3,100.0,NoArch
0,0,0,0,0,0,0,0,0,0,0,0,0.0,0,0,6,6,0,0,0,0,0,0,0,0,0,0,100.0,NoArch
0,0,0,0,0,0,0,0,0,0,0,0,0.0,0,0,22,9,0,0,0,0,0,0,0,0,0,0,100.0,NoArch
0,0,0,0,0,0,0,0,0,0,0,0,0.0,0,0,66,15,0,0,0,0,0,0,0,0,0,1,100.0,NoArch
1,0,2,2,2,0,0,0,5,595,1,1,0.0,119,4,217,8,9,9,0,591,603,12,2,2,0,1,100.0,NoArch
0,0,0,0,0,0,0,0,0,0,0,0,0.0,0,0,146,6,0,0,0,0,0,0,0,0,0,1,100.0,NoArch
1,9,11,2,20,0,0,0,5,89,1,1,0.0,821,3,18,2,124,125,1,4495,4494,1,32,32,0,0,100.0,NoArch
1,8,8,0,16,0,0,0,9,2733,1,1,0.0,548,6,25,1,74,74,0,2349,2339,10,34,34,0,1,100.0,NoArch
4,45,35,10,80,0,0,0,36,51,1,3,1.796038274,1970,2,5,0,240,239,1,9964,9903,61,72,72,0,1,100.0,NoArch
1,4,2,2,6,0,0,0,25,552,1,1,0.0,1749,17,0,0,248,248,0,8955,8945,10,70,70,0,1,100.0,NoArch
0,0,0,0,0,0,0,0,0,0,0,0,0.0,0,0,0,0,0,0,0,0,0,0,0,0,0,3,100.0,NoArch
0,0,0,0,0,0,0,0,0,0,0,0,0.0,0,0,3,0,0,0,0,0,0,0,0,0,0,3,100.0,NoArch
0,0,0,0,0,0,0,0,0,0,0,0,0.0,0,0,77,3,0,0,0,0,0,0,0,0,0,0,100.0,NoArch
0,0,0,0,0,0,0,0,0,0,0,0,0.0,0,0,3,1,0,0,0,0,0,0,0,0,0,1,100.0,NoArch
1,3,2,1,5,0,0,0,16,1053,1,1,0.0,245,8,5,2,27,27,0,1031,1017,14,12,12,0,1,100.0,NoArch
0,0,0,0,0,0,0,0,0,0,0,0,0.0,0,0,4,4,0,0,0,0,0,0,0,0,0,0,100.0,NoArch
2,184,133,51,317,0,0,0,6,262,1,2,0.430864393,647,2,65,14,83,79,4,1650,1601,49,38,36,2,1,99.72727273,NoArch
1,5,13,8,18,0,0,0,31,631,1,1,0.0,842,4,23,0,92,94,2,2954,2968,14,26,26,0,1,100.0,NoArch
12,291,6,285,297,9,0,9,51,419,1,5,2.84937233,6408,11,0,0,843,815,28,32648,31042,1606,466,443,23,1,99.90277103,NoArch
1,2,0,2,2,1,0,1,2,50,1,1,0.0,506,2,5,5,63,63,0,3987,3973,14,19,19,0,0,100.0,NoArch
0,0,0,0,0,0,0,0,0,0,0,0,0.0,0,0,106,4,0,0,0,0,0,0,0,0,0,0,100.0,NoArch
0,0,0,0,0,0,0,0,0,0,0,0,0.0,0,0,2,2,0,0,0,0,0,0,0,0,0,1,100.0,NoArch
6,424,0,424,424,2,0,2,5,156,1,2,1.354537317,593,1,11,0,81,55,26,5522,3271,2251,51,31,20,1,99.64859438,NoArch
1,2,0,2,2,1,0,1,12,588,1,1,0.0,187,4,175,2,35,34,1,705,689,16,5,5,0,1,100.0,NoArch
0,0,0,0,0,0,0,0,0,0,0,0,0.0,0,0,310,6,0,0,0,0,0,0,0,0,0,1,100.0,NoArch
0,0,0,0,0,0,0,0,0,0,0,0,0.0,0,0,301,0,0,0,0,0,0,0,0,0,0,1,100.0,NoArch
0,0,0,0,0,0,0,0,0,0,0,0,0.0,0,0,25,5,0,0,0,0,0,0,0,0,0,1,100.0,NoArch
1,8,8,0,16,0,0,0,9,2733,1,1,0.0,548,6,25,1,74,74,0,2349,2339,10,34,34,0,1,100.0,NoArch
0,0,0,0,0,0,0,0,0,0,0,0,0.0,0,0,4,0,0,0,0,0,0,0,0,0,0,3,100.0,NoArch
0,0,0,0,0,0,0,0,0,0,0,0,0.0,0,0,30,21,0,0,0,0,0,0,0,0,0,0,100.0,NoArch
0,0,0,0,0,0,0,0,0,0,0,0,0.0,0,0,29,0,0,0,0,0,0,0,0,0,0,1,100.0,NoArch
1,7,0,7,7,1,0,1,59,29,1,1,0.0,1035,12,0,0,117,117,0,3728,3709,19,36,36,0,1,100.0,NoArch
1,1,1,0,2,0,0,0,16,2108,1,1,0.0,672,6,256,2,53,53,0,3863,3863,0,11,11,0,1,100.0,NoArch
0,0,0,0,0,0,0,0,0,0,0,0,0.0,0,0,23,4,0,0,0,0,0,0,0,0,0,0,100.0,NoArch
1,2,0,2,2,1,0,1,37,322,1,1,0.0,883,6,283,6,98,98,0,3042,3028,14,31,31,0,1,100.0,NoArch
10,757,176,581,933,4,0,4,71,627,1,3,2.318275711,3642,1,75,1,535,473,62,20841,18774,2067,166,136,30,1,99.71733668,NoArch
1,63,61,2,124,0,0,0,34,116,1,1,0.0,741,12,2,1,95,95,0,2682,2671,11,40,40,0,1,100.0,NoArch
4,207,44,163,251,1,0,1,71,66,1,3,1.283424337,3225,11,1,0,402,376,26,15585,14708,877,182,172,10,1,100.0,NoArch
1,1,1,0,2,0,0,0,29,175,1,1,0.0,818,7,6,0,90,90,0,3251,3251,0,24,24,0,1,100.0,NoArch
4,214,9,205,223,3,0,3,2,18,1,3,1.287550338,1800,1,2,0,264,246,18,9710,8845,865,84,72,12,1,99.84301413,NoArch
1,207,191,16,398,0,0,0,3,58,1,1,0.0,191,2,73,3,39,39,0,1247,1247,0,11,11,0,0,100.0,NoArch
0,0,0,0,0,0,0,0,0,0,0,0,0.0,0,0,22,4,0,0,0,0,0,0,0,0,0,1,100.0,NoArch
1,1,1,0,2,0,0,0,29,584,1,1,0.0,1490,15,4,1,180,180,0,6136,6134,2,58,58,0,1,100.0,NoArch
5,167,28,139,195,2,0,2,24,322,1,3,1.68248777,2288,3,106,2,268,245,23,11185,10568,617,92,89,3,1,100.0,NoArch
0,0,0,0,0,0,0,0,0,0,0,0,0.0,0,0,68,24,0,0,0,0,0,0,0,0,0,1,100.0,NoArch
1,1,1,0,2,0,0,0,20,477,1,1,0.0,1752,14,3,0,245,245,0,8856,8856,0,67,67,0,1,100.0,NoArch
0,0,0,0,0,0,0,0,0,0,0,0,0.0,0,0,26,6,0,0,0,0,0,0,0,0,0,1,100.0,NoArch
0,0,0,0,0,0,0,0,0,0,0,0,0.0,0,0,146,6,0,0,0,0,0,0,0,0,0,1,100.0,NoArch
1,5,13,8,18,0,0,0,31,631,1,1,0.0,842,4,23,0,92,94,2,2954,2968,14,26,26,0,1,100.0,NoArch
1,1,1,0,2,0,0,0,3,387,1,1,0.0,375,2,6,1,35,35,0,1716,1711,5,13,13,0,1,100.0,NoArch
2,4,4,0,8,0,0,0,47,506,1,1,1.0,2214,18,2,0,338,338,0,10238,10229,9,156,156,0,1,100.0,NoArch
0,0,0,0,0,0,0,0,0,0,0,0,0.0,0,0,28,1,0,0,0,0,0,0,0,0,0,1,100.0,NoArch
22,786,132,654,918,10,0,10,71,697,1,7,3.161147632,8436,3,15,10,1199,1099,100,40167,36322,3845,335,305,30,1,98.52464915,NoArch
0,0,0,0,0,0,0,0,0,0,0,0,0.0,0,0,48,10,0,0,0,0,0,0,0,0,0,1,100.0,NoArch
1,2,3,1,5,0,0,0,39,21,1,1,0.0,976,9,17,11,131,131,0,4422,4431,9,24,24,0,1,100.0,NoArch
0,0,0,0,0,0,0,0,0,0,0,0,0.0,0,0,7,3,0,0,0,0,0,0,0,0,0,1,100.0,NoArch
2,6,3,3,9,0,0,0,36,162,1,2,0.764204507,830,4,0,0,96,96,0,3406,3388,18,42,42,0,1,100.0,NoArch
33,31,181,150,212,1,0,1,53,639,1,7,4.066096891,13690,5,195,6,1815,1840,25,60872,61625,753,597,606,9,1,98.7607245,NoArch
1,4,2,2,6,0,0,0,17,585,1,1,0.0,567,9,0,0,41,41,0,3542,3527,15,32,32,0,1,100.0,NoArch
0,0,0,0,0,0,0,0,0,0,0,0,0.0,0,0,22,20,0,0,0,0,0,0,0,0,0,0,100.0,NoArch
1,17,0,17,17,1,0,1,21,219,1,1,0.0,645,5,9,2,85,84,1,2462,2376,86,35,35,0,1,100.0,NoArch
2,11,0,11,11,2,0,2,14,37,1,1,0.439496987,809,2,52,14,127,124,3,3496,3450,46,57,57,0,1,100.0,NoArch
0,0,0,0,0,0,0,0,0,0,0,0,0.0,0,0,21,5,0,0,0,0,0,0,0,0,0,1,100.0,NoArch
3,208,9,199,217,2,0,2,2,12,1,2,1.174269273,1481,1,1,0,222,203,19,7932,7116,816,70,57,13,1,99.617737,NoArch
2,221,77,144,298,1,0,1,38,100,1,2,0.926985586,2621,1,16,1,451,435,16,12118,11453,665,195,185,10,1,99.95753715,NoArch
0,0,0,0,0,0,0,0,0,0,0,0,0.0,0,0,74,0,0,0,0,0,0,0,0,0,0,1,100.0,NoArch
1,0,2,2,2,0,0,0,5,595,1,1,0.0,119,4,217,8,9,9,0,591,603,12,2,2,0,1,100.0,NoArch
1,7,7,0,14,0,0,0,3,295,1,1,0.0,177,3,184,1,20,20,0,777,791,14,7,7,0,1,100.0,NoArch
1,42,2,40,44,0,0,0,3,373,1,1,0.0,315,2,5,1,58,52,6,2162,1799,363,19,18,1,1,100.0,NoArch
0,0,0,0,0,0,0,0,0,0,0,0,0.0,0,0,32,1,0,0,0,0,0,0,0,0,0,1,100.0,NoArch
0,0,0,0,0,0,0,0,0,0,0,0,0.0,0,0,14,0,0,0,0,0,0,0,0,0,0,1,100.0,NoArch
1,1,1,0,2,0,0,0,2,23,1,1,0.0,151,2,4,0,8,8,0,818,818,0,8,8,0,2,100.0,NoArch
2,434,465,31,899,0,0,0,5,1033,1,2,0.012518431,710,2,23,2,10,10,0,1954,1954,0,8,8,0,1,100.0,NoArch
2,19,1,18,20,1,0,1,29,645,1,2,0.811278124,966,2,266,3,180,177,3,6064,5965,99,35,34,1,1,100.0,NoArch
0,0,0,0,0,0,0,0,0,0,0,0,0.0,0,0,2,0,0,0,0,0,0,0,0,0,0,0,100.0,NoArch
0,0,0,0,0,0,0,0,0,0,0,0,0.0,0,0,19,0,0,0,0,0,0,0,0,0,0,1,100.0,NoArch
5,247,19,228,266,1,0,1,11,26,1,2,1.235974453,1730,1,43,10,263,253,10,10426,8970,1456,102,93,9,1,98.06598407,NoArch
8,139,13,126,152,5,0,5,49,474,1,2,1.910976049,4354,3,152,1,595,580,15,21723,20978,745,209,202,7,1,100.0,NoArch
0,0,0,0,0,0,0,0,0,0,0,0,0.0,0,0,12,4,0,0,0,0,0,0,0,0,0,0,100.0,NoArch
0,0,0,0,0,0,0,0,0,0,0,0,0.0,0,0,43,9,0,0,0,0,0,0,0,0,0,0,100.0,NoArch
0,0,0,0,0,0,0,0,0,0,0,0,0.0,0,0,232,6,0,0,0,0,0,0,0,0,0,1,100.0,NoArch
0,0,0,0,0,0,0,0,0,0,0,0,0.0,0,0,180,4,0,0,0,0,0,0,0,0,0,1,100.0,NoArch
10,810,260,550,1070,3,1,4,2,1351,1,4,2.323374212,1738,1,230,5,181,129,52,10007,8104,1903,75,45,30,1,98.88446215,NoArch
12,291,6,285,297,9,0,9,51,419,1,5,2.84937233,6408,11,0,0,843,815,28,32648,31042,1606,466,443,23,1,99.90277103,NoArch
2,18,9,9,27,0,0,0,2,370,1,2,0.918295834,595,2,10,0,86,85,1,2872,2806,66,34,34,0,1,100.0,NoArch
1,0,3,3,3,0,0,0,84,60,1,1,0.0,1015,19,5,1,183,183,0,6299,6315,16,22,22,0,1,100.0,NoArch
1,1,1,0,2,0,0,0,20,1364,1,1,0.0,279,6,267,0,47,47,0,1471,1470,1,18,18,0,1,100.0,NoArch
1,2,0,2,2,1,0,1,3,2825,1,1,0.0,264,2,191,4,49,49,0,1559,1547,12,25,25,0,1,100.0,NoArch
13,336,57,279,393,8,0,8,33,1469,1,4,2.327569259,4271,1,6,4,386,357,29,26203,25237,966,195,182,13,1,99.85141159,NoArch
32,101,82,19,183,0,0,0,34,467,2,8,4.55719986,15949,4,9,0,2221,2223,2,76614,76228,386,670,670,0,1,100.0,NoArch
0,0,0,0,0,0,0,0,0,0,0,0,0.0,0,0,23,8,0,0,0,0,0,0,0,0,0,0,100.0,NoArch
1,2,2,0,4,0,0,0,8,0,1,1,0.0,294,4,4,3,40,40,0,1632,1630,2,10,10,0,1,100.0,NoArch
3,45,52,7,97,1,0,1,47,0,1,1,0.653539341,1615,1,172,1,224,223,1,7585,7663,78,73,73,0,1,100.0,NoArch
0,0,0,0,0,0,0,0,0,0,0,0,0.0,0,0,240,1,0,0,0,0,0,0,0,0,0,1,100.0,NoArch
0,0,0,0,0,0,0,0,0,0,0,0,0.0,0,0,0,0,0,0,0,0,0,0,0,0,0,1,100.0,NoArch
1,2,0,2,2,1,0,1,3,195,1,1,0.0,221,3,3,0,8,8,0,403,398,5,8,8,0,1,100.0,NoArch
1,3,4,1,7,0,0,0,2,17,1,1,0.0,59,2,16,0,4,4,0,228,225,3,3,3,0,0,100.0,NoArch
1,1,1,0,2,0,0,0,7,3,1,1,0.0,321,5,12,1,56,56,0,1439,1439,0,16,16,0,1,100.0,NoArch
2,6,3,3,9,0,0,0,36,162,1,2,0.764204507,830,4,0,0,96,96,0,3406,3388,18,42,42,0,1,100.0,NoArch
0,0,0,0,0,0,0,0,0,0,0,0,0.0,0,0,104,2,0,0,0,0,0,0,0,0,0,0,100.0,NoArch
9,140,14,126,154,4,0,4,110,2909,1,3,2.884228645,2955,6,2,0,423,408,15,13343,12558,785,194,183,11,1,99.9109528,NoArch
2,47,7,40,54,0,0,0,16,155,1,2,0.918295834,298,8,31,0,22,17,5,1786,1563,223,11,8,3,1,100.0,NoArch
1,1,1,0,2,0,0,0,5,632,1,1,0.0,770,4,11,2,98,98,0,5945,5945,0,26,26,0,1,100.0,NoArch
0,0,0,0,0,0,0,0,0,0,0,0,0.0,0,0,6,1,0,0,0,0,0,0,0,0,0,0,100.0,NoArch
0,0,0,0,0,0,0,0,0,0,0,0,0.0,0,0,221,4,0,0,0,0,0,0,0,0,0,1,100.0,NoArch
0,0,0,0,0,0,0,0,0,0,0,0,0.0,0,0,268,1,0,0,0,0,0,0,0,0,0,2,100.0,NoArch
1,4,1,3,5,0,0,0,25,1628,1,1,0.0,733,5,174,0,78,78,0,2804,2780,24,22,22,0,1,100.0,NoArch
0,0,0,0,0,0,0,0,0,0,0,0,0.0,0,0,1,0,0,0,0,0,0,0,0,0,0,1,100.0,NoArch
0,0,0,0,0,0,0,0,0,0,0,0,0.0,0,0,175,0,0,0,0,0,0,0,0,0,0,1,100.0,NoArch
2,49,6,43,55,0,0,0,6,1855,1,2,0.376019851,369,5,34,1,36,32,4,2092,1818,274,11,10,1,1,100.0,NoArch
0,0,0,0,0,0,0,0,0,0,0,0,0.0,0,0,259,2,0,0,0,0,0,0,0,0,0,1,100.0,NoArch
0,0,0,0,0,0,0,0,0,0,0,0,0.0,0,0,1,1,0,0,0,0,0,0,0,0,0,1,100.0,NoArch
0,0,0,0,0,0,0,0,0,0,0,0,0.0,0,0,45,0,0,0,0,0,0,0,0,0,0,1,100.0,NoArch
0,0,0,0,0,0,0,0,0,0,0,0,0.0,0,0,18,18,0,0,0,0,0,0,0,0,0,1,100.0,NoArch
1,7,0,7,7,1,0,1,11,0,1,1,0.0,768,3,51,1,154,151,3,4767,4702,65,31,31,0,1,100.0,NoArch
2,2,2,0,4,0,0,0,90,1989,1,2,1.0,1877,7,9,1,271,271,0,9197,9207,10,72,72,0,1,100.0,NoArch
6,22,24,2,46,0,0,0,56,194,1,2,2.241490537,5959,4,0,0,996,999,3,30285,30326,41,298,298,0,1,100.0,NoArch
1,3,2,1,5,0,0,0,28,101,1,1,0.0,892,10,23,1,70,70,0,5229,5207,22,16,16,0,1,100.0,NoArch
2,2,2,0,4,0,0,0,52,35,1,1,1.0,3015,6,291,4,305,305,0,11654,11648,6,115,115,0,1,100.0,NoArch
2,16,1,15,17,1,0,1,16,937,1,2,0.873981048,3615,8,0,0,278,274,4,12257,12162,95,132,130,2,1,100.0,NoArch
0,0,0,0,0,0,0,0,0,0,0,0,0.0,0,0,37,1,0,0,0,0,0,0,0,0,0,1,100.0,NoArch
0,0,0,0,0,0,0,0,0,0,0,0,0.0,0,0,185,3,0,0,0,0,0,0,0,0,0,0,100.0,NoArch
4,23,5,18,28,2,0,2,9,794,1,3,1.929911171,1653,2,109,0,202,197,5,7817,7736,81,76,74,2,1,100.0,NoArch
0,0,0,0,0,0,0,0,0,0,0,0,0.0,0,0,4,0,0,0,0,0,0,0,0,0,0,1,100.0,NoArch
0,0,0,0,0,0,0,0,0,0,0,0,0.0,0,0,0,0,0,0,0,0,0,0,0,0,0,1,100.0,NoArch
0,0,0,0,0,0,0,0,0,0,0,0,0.0,0,0,20,0,0,0,0,0,0,0,0,0,0,1,100.0,NoArch
1,9,1,8,10,0,0,0,7,288,1,1,0.0,120,3,36,3,14,12,2,590,554,36,3,3,0,1,100.0,NoArch
0,0,0,0,0,0,0,0,0,0,0,0,0.0,0,0,198,3,0,0,0,0,0,0,0,0,0,1,100.0,NoArch
0,0,0,0,0,0,0,0,0,0,0,0,0.0,0,0,293,2,0,0,0,0,0,0,0,0,0,1,100.0,NoArch
0,0,0,0,0,0,0,0,0,0,0,0,0.0,0,0,0,0,0,0,0,0,0,0,0,0,0,1,100.0,NoArch
3,13,10,3,23,1,0,1,3,294,1,1,1.520375095,1040,2,3,0,124,122,2,5372,5358,14,30,29,1,1,100.0,NoArch
3,531,84,447,615,0,0,0,12,1647,1,2,0.812495514,944,7,13,1,136,113,23,7416,4779,2637,48,29,19,1,100.0,NoArch
1,2,2,0,4,0,0,0,3,2671,1,1,0.0,67,3,2,0,6,6,0,282,282,0,3,3,0,1,100.0,NoArch
0,0,0,0,0,0,0,0,0,0,0,0,0.0,0,0,0,0,0,0,0,0,0,0,0,0,0,1,100.0,NoArch
1,0,5,5,5,0,0,0,38,863,1,1,0.0,670,6,35,0,108,109,1,3741,3763,22,28,28,0,1,100.0,NoArch
31,2774,211,2563,2985,13,0,13,112,1127,1,9,3.74404038,9305,3,24,0,1524,1275,249,56273,41324,14949,594,455,139,1,98.57806152,NoArch
0,0,0,0,0,0,0,0,0,0,0,0,0.0,0,0,24,5,0,0,0,0,0,0,0,0,0,0,100.0,NoArch
0,0,0,0,0,0,0,0,0,0,0,0,0.0,0,0,35,4,0,0,0,0,0,0,0,0,0,1,100.0,NoArch
1,1,1,0,2,0,0,0,2,357,1,1,0.0,325,2,18,4,48,48,0,1443,1443,0,10,10,0,1,100.0,NoArch
0,0,0,0,0,0,0,0,0,0,0,0,0.0,0,0,12,0,0,0,0,0,0,0,0,0,0,1,100.0,NoArch
1,13,31,18,44,0,0,0,5,719,1,1,0.0,361,5,0,0,24,25,1,2111,2150,39,15,16,1,1,100.0,NoArch
0,0,0,0,0,0,0,0,0,0,0,0,0.0,0,0,96,0,0,0,0,0,0,0,0,0,0,1,100.0,NoArch
0,0,0,0,0,0,0,0,0,0,0,0,0.0,0,0,0,0,0,0,0,0,0,0,0,0,0,1,100.0,NoArch
4,287,43,244,330,1,0,1,15,169,1,2,0.903040373,1805,5,97,1,191,170,21,12172,10873,1299,47,42,5,1,99.9369483,NoArch
0,0,0,0,0,0,0,0,0,0,0,0,0.0,0,0,89,10,0,0,0,0,0,0,0,0,0,0,100.0,NoArch
0,0,0,0,0,0,0,0,0,0,0,0,0.0,0,0,104,2,0,0,0,0,0,0,0,0,0,0,100.0,NoArch
0,0,0,0,0,0,0,0,0,0,0,0,0.0,0,0,9,1,0,0,0,0,0,0,0,0,0,1,100.0,NoArch
0,0,0,0,0,0,0,0,0,0,0,0,0.0,0,0,28,3,0,0,0,0,0,0,0,0,0,0,100.0,NoArch
0,0,0,0,0,0,0,0,0,0,0,0,0.0,0,0,48,0,0,0,0,0,0,0,0,0,0,1,100.0,NoArch
0,0,0,0,0,0,0,0,0,0,0,0,0.0,0,0,124,6,0,0,0,0,0,0,0,0,0,1,100.0,NoArch
23,340,421,81,761,0,0,0,26,0,1,5,3.550437698,8799,2,61,11,1175,1187,12,42657,42997,340,369,370,1,1,99.75903614,NoArch
0,0,0,0,0,0,0,0,0,0,0,0,0.0,0,0,3,0,0,0,0,0,0,0,0,0,0,1,100.0,NoArch
3,17,9,8,26,0,0,0,56,12,1,2,1.238901257,2912,6,13,2,414,412,2,14383,14344,39,116,115,1,1,100.0,NoArch
0,0,0,0,0,0,0,0,0,0,0,0,0.0,0,0,83,1,0,0,0,0,0,0,0,0,0,0,100.0,NoArch
1,17,17,0,34,0,0,0,86,582,1,1,0.0,1595,12,3,1,227,226,1,8121,8093,28,62,62,0,1,100.0,NoArch
0,0,0,0,0,0,0,0,0,0,0,0,0.0,0,0,14,0,0,0,0,0,0,0,0,0,0,1,100.0,NoArch
1,2,2,0,4,0,0,0,36,961,1,1,0.0,951,9,10,5,123,124,1,4336,4329,7,24,24,0,1,100.0,NoArch
1,19,7,12,26,0,0,0,19,0,1,1,0.0,817,3,70,8,169,163,6,5125,5006,119,32,32,0,1,100.0,NoArch
0,0,0,0,0,0,0,0,0,0,0,0,0.0,0,0,119,1,0,0,0,0,0,0,0,0,0,1,100.0,NoArch
0,0,0,0,0,0,0,0,0,0,0,0,0.0,0,0,102,0,0,0,0,0,0,0,0,0,0,1,100.0,NoArch
4,345,81,264,426,3,0,3,6,40,1,2,1.468339989,1356,2,6,1,193,150,43,7369,6232,1137,109,83,26,1,99.23396106,NoArch
3,127,20,107,147,1,0,1,9,1217,1,3,1.177910317,224,1,117,1,36,27,9,1516,976,540,15,10,5,1,99.84466019,NoArch
2,112,75,37,187,0,0,0,14,52,1,1,0.982581469,1883,3,39,0,223,219,4,8680,8509,171,75,71,4,1,100.0,NoArch
0,0,0,0,0,0,0,0,0,0,0,0,0.0,0,0,2,0,0,0,0,0,0,0,0,0,0,0,100.0,NoArch
1,1,1,0,2,0,0,0,2,169,1,1,0.0,402,1,4,0,23,23,0,1783,1783,0,14,14,0,1,100.0,NoArch
0,0,0,0,0,0,0,0,0,0,0,0,0.0,0,0,0,0,0,0,0,0,0,0,0,0,0,1,100.0,NoArch
5,22,49,27,71,0,0,0,33,5,1,2,1.8461277,1866,1,253,1,238,243,5,8621,8724,103,103,107,4,1,100.0,NoArch
0,0,0,0,0,0,0,0,0,0,0,0,0.0,0,0,176,1,0,0,0,0,0,0,0,0,0,1,100.0,NoArch
2,403,25,378,428,1,0,1,9,61,1,2,0.637208202,1678,1,0,0,290,240,50,10201,8451,1750,92,66,26,1,99.94305239,NoArch
0,0,0,0,0,0,0,0,0,0,0,0,0.0,0,0,88,9,0,0,0,0,0,0,0,0,0,0,100.0,NoArch
0,0,0,0,0,0,0,0,0,0,0,0,0.0,0,0,20,1,0,0,0,0,0,0,0,0,0,1,100.0,NoArch
0,0,0,0,0,0,0,0,0,0,0,0,0.0,0,0,9,0,0,0,0,0,0,0,0,0,0,1,100.0,NoArch
1,2,0,2,2,1,0,1,3,2825,1,1,0.0,264,2,191,4,49,49,0,1559,1547,12,25,25,0,1,100.0,NoArch
1,34,26,8,60,0,0,0,12,1844,1,1,0.0,301,10,0,0,38,36,2,1414,1365,49,22,21,1,1,100.0,NoArch
6,160,147,13,307,0,0,0,9,186,1,4,0.875265195,700,2,24,4,70,67,3,3214,3181,33,24,24,0,1,100.0,NoArch
0,0,0,0,0,0,0,0,0,0,0,0,0.0,0,0,121,5,0,0,0,0,0,0,0,0,0,1,100.0,NoArch
1,1,1,0,2,0,0,0,93,77,1,1,0.0,1791,11,2,0,308,308,0,7738,7738,0,124,124,0,1,100.0,NoArch
1,6,8,2,14,0,0,0,3,2021,1,1,0.0,93,3,0,0,6,6,0,243,252,9,3,3,0,1,99.94742376,NoArch
2,11,2,9,13,1,0,1,5,0,1,1,0.961236605,635,2,67,23,76,74,2,2713,2649,64,29,29,0,1,100.0,NoArch
0,0,0,0,0,0,0,0,0,0,0,0,0.0,0,0,15,0,0,0,0,0,0,0,0,0,0,1,100.0,NoArch
0,0,0,0,0,0,0,0,0,0,0,0,0.0,0,0,198,3,0,0,0,0,0,0,0,0,0,1,100.0,NoArch
0,0,0,0,0,0,0,0,0,0,0,0,0.0,0,0,52,2,0,0,0,0,0,0,0,0,0,1,100.0,NoArch
2,69,4,65,73,0,0,0,92,424,1,1,0.498675136,2691,10,26,1,422,412,10,11224,10931,293,157,155,2,1,100.0,NoArch
2,132,4,128,136,1,0,1,2,2078,1,2,0.322756959,103,1,290,4,50,30,20,857,411,446,22,2,20,1,99.85124582,NoArch
0,0,0,0,0,0,0,0,0,0,0,0,0.0,0,0,27,1,0,0,0,0,0,0,0,0,0,1,100.0,NoArch
0,0,0,0,0,0,0,0,0,0,0,0,0.0,0,0,117,1,0,0,0,0,0,0,0,0,0,0,100.0,NoArch
2,26,6,20,32,0,0,0,9,397,1,2,0.896038233,443,3,298,6,47,43,4,2079,1959,120,23,22,1,1,100.0,NoArch
4,33,14,19,47,0,0,0,7,2137,1,3,1.485818229,5507,2,0,0,574,572,2,21982,21865,117,209,207,2,1,100.0,NoArch
68,1042,1249,207,2291,0,0,0,35,330,1,3,5.496334523,12096,3,233,3,1042,1064,22,65379,64367,1012,461,483,22,1,100.0,NoArch
0,0,0,0,0,0,0,0,0,0,0,0,0.0,0,0,20,0,0,0,0,0,0,0,0,0,0,1,100.0,NoArch
2,9,9,0,18,0,0,0,79,1875,1,2,0.764204507,3311,15,0,0,315,315,0,11400,11400,0,128,128,0,1,100.0,NoArch
2,82,17,65,99,1,0,1,31,38,1,2,0.967294779,908,2,167,2,111,106,5,4214,3865,349,29,28,1,1,100.0,NoArch
7,59,40,19,99,0,0,0,5,91,1,3,2.192569068,1433,1,26,3,219,218,1,8707,8553,154,60,59,1,1,100.0,NoArch
0,0,0,0,0,0,0,0,0,0,0,0,0.0,0,0,265,2,0,0,0,0,0,0,0,0,0,1,100.0,NoArch
0,0,0,0,0,0,0,0,0,0,0,0,0.0,0,0,185,0,0,0,0,0,0,0,0,0,0,1,100.0,NoArch
4,56,32,24,88,0,0,0,17,462,1,2,0.987546409,1112,2,74,1,124,121,3,3955,3902,53,50,50,0,1,100.0,NoArch
0,0,0,0,0,0,0,0,0,0,0,0,0.0,0,0,35,1,0,0,0,0,0,0,0,0,0,1,100.0,NoArch
0,0,0,0,0,0,0,0,0,0,0,0,0.0,0,0,133,2,0,0,0,0,0,0,0,0,0,1,100.0,NoArch
2,67,5,62,72,0,0,0,58,1193,1,2,0.581321499,1634,2,14,9,226,222,4,8676,8337,339,62,61,1,1,100.0,NoArch
0,0,0,0,0,0,0,0,0,0,0,0,0.0,0,0,45,0,0,0,0,0,0,0,0,0,0,1,100.0,NoArch
1,3,1,2,4,0,0,0,16,0,1,1,0.0,563,3,69,7,65,64,1,2192,2179,13,19,19,0,1,100.0,NoArch
2,29,4,25,33,0,0,0,42,84,1,2,0.32984607,1612,12,1,0,199,196,3,6716,6600,116,68,68,0,1,100.0,NoArch
21,270,133,137,403,1,0,1,21,117,1,6,3.650069244,6900,3,71,2,937,918,19,33570,32840,730,271,268,3,1,100.0,NoArch
3,17,10,7,27,0,0,0,55,87,1,2,1.218336824,2969,6,11,0,421,419,2,14618,14590,28,116,115,1,1,100.0,NoArch
0,0,0,0,0,0,0,0,0,0,0,0,0.0,0,0,162,5,0,0,0,0,0,0,0,0,0,1,100.0,NoArch
0,0,0,0,0,0,0,0,0,0,0,0,0.0,0,0,96,0,0,0,0,0,0,0,0,0,0,1,100.0,NoArch
7,287,15,272,302,3,0,3,104,736,1,3,0.89334069,4252,2,23,1,699,667,32,23135,21401,1734,227,218,9,1,99.82905983,NoArch
1,1,1,0,2,0,0,0,8,274,1,1,0.0,536,3,142,2,67,67,0,4169,4169,0,19,19,0,1,100.0,NoArch
1,10,5,5,15,0,0,0,3,360,1,1,0.0,150,3,18,1,8,7,1,751,732,19,4,3,1,1,100.0,NoArch
1,18,0,18,18,1,0,1,22,0,1,1,0.0,968,4,75,1,131,130,1,5041,4970,71,36,35,1,1,100.0,NoArch
0,0,0,0,0,0,0,0,0,0,0,0,0.0,0,0,329,2,0,0,0,0,0,0,0,0,0,1,100.0,NoArch
1,16,16,0,32,0,0,0,17,2,1,1,0.0,814,3,119,6,163,163,0,4981,4979,2,32,32,0,1,100.0,NoArch
2,49,7,42,56,1,0,1,7,972,1,2,0.976874013,576,4,31,0,36,30,6,3127,2893,234,21,18,3,2,100.0,NoArch
2,49,6,43,55,0,0,0,6,1855,1,2,0.376019851,369,5,34,1,36,32,4,2092,1818,274,11,10,1,1,100.0,NoArch
19,272,170,102,442,1,0,1,21,109,1,7,3.442447751,6786,3,89,3,912,896,16,33029,32406,623,264,262,2,1,100.0,NoArch
0,0,0,0,0,0,0,0,0,0,0,0,0.0,0,0,28,1,0,0,0,0,0,0,0,0,0,1,100.0,NoArch
0,0,0,0,0,0,0,0,0,0,0,0,0.0,0,0,9,1,0,0,0,0,0,0,0,0,0,1,100.0,NoArch
0,0,0,0,0,0,0,0,0,0,0,0,0.0,0,0,46,1,0,0,0,0,0,0,0,0,0,1,100.0,NoArch
0,0,0,0,0,0,0,0,0,0,0,0,0.0,0,0,20,20,0,0,0,0,0,0,0,0,0,1,100.0,NoArch
0,0,0,0,0,0,0,0,0,0,0,0,0.0,0,0,0,0,0,0,0,0,0,0,0,0,0,1,100.0,NoArch
7,631,207,424,838,3,0,3,31,8,1,2,2.052987521,3469,3,130,10,417,393,24,18600,16879,1721,146,138,8,1,99.24863388,NoArch
0,0,0,0,0,0,0,0,0,0,0,0,0.0,0,0,73,29,0,0,0,0,0,0,0,0,0,0,100.0,NoArch
7,20,1,19,21,6,0,6,3,266,1,4,2.760666827,4312,2,5,0,551,551,0,18762,18597,165,159,159,0,1,100.0,NoArch
0,0,0,0,0,0,0,0,0,0,0,0,0.0,0,0,41,6,0,0,0,0,0,0,0,0,0,0,100.0,NoArch
0,0,0,0,0,0,0,0,0,0,0,0,0.0,0,0,46,1,0,0,0,0,0,0,0,0,0,1,100.0,NoArch
0,0,0,0,0,0,0,0,0,0,0,0,0.0,0,0,12,0,0,0,0,0,0,0,0,0,0,1,100.0,NoArch
6,40,22,18,62,1,0,1,5,132,1,2,2.178293871,1355,2,5,2,172,171,1,5695,5627,68,46,46,0,1,98.23232323,NoArch
1,2,2,0,4,0,0,0,9,0,1,1,0.0,641,2,136,16,78,78,0,1479,1479,0,35,35,0,1,100.0,NoArch
0,0,0,0,0,0,0,0,0,0,0,0,0.0,0,0,113,4,0,0,0,0,0,0,0,0,0,1,100.0,NoArch
0,0,0,0,0,0,0,0,0,0,0,0,0.0,0,0,21,3,0,0,0,0,0,0,0,0,0,0,100.0,NoArch
7,20,1,19,21,6,0,6,3,266,1,4,2.760666827,4312,2,5,0,551,551,0,18762,18597,165,159,159,0,1,100.0,NoArch
1,6,0,6,6,1,0,1,6,85,1,1,0.0,860,2,3,0,131,131,0,4732,4722,10,32,32,0,0,100.0,NoArch
0,0,0,0,0,0,0,0,0,0,0,0,0.0,0,0,44,0,0,0,0,0,0,0,0,0,0,1,100.0,NoArch
0,0,0,0,0,0,0,0,0,0,0,0,0.0,0,0,126,2,0,0,0,0,0,0,0,0,0,0,100.0,NoArch
0,0,0,0,0,0,0,0,0,0,0,0,0.0,0,0,350,8,0,0,0,0,0,0,0,0,0,0,100.0,NoArch
3,4,4,0,8,0,0,0,28,580,1,2,1.5,1083,4,178,0,177,177,0,5588,5588,0,60,60,0,1,100.0,NoArch
3,177,5,172,182,1,0,1,8,608,1,2,0.789719365,3467,2,7,0,459,442,17,19323,18393,930,194,188,6,1,99.9443517,NoArch
0,0,0,0,0,0,0,0,0,0,0,0,0.0,0,0,79,3,0,0,0,0,0,0,0,0,0,1,100.0,NoArch
0,0,0,0,0,0,0,0,0,0,0,0,0.0,0,0,63,9,0,0,0,0,0,0,0,0,0,0,100.0,NoArch
2,73,4,69,77,0,0,0,12,1698,1,2,0.863120569,380,4,21,0,46,39,7,2205,1807,398,20,17,3,1,99.97775801,NoArch
4,345,81,264,426,3,0,3,6,40,1,2,1.468339989,1356,2,6,1,193,150,43,7369,6232,1137,109,83,26,1,99.23396106,NoArch
2,266,3,263,269,1,0,1,2,185,1,2,0.597137462,484,1,23,1,89,75,14,4982,2850,2132,13,5,8,1,99.93792675,NoArch
7,34,18,16,52,0,0,0,11,2003,1,5,2.690260391,4438,3,1,0,480,478,2,23978,23917,61,197,196,1,1,99.97209821,NoArch
1,4,1,3,5,0,0,0,21,382,1,1,0.0,783,12,0,0,120,120,0,3156,3136,20,43,43,0,1,100.0,NoArch
13,0,0,0,0,13,0,13,1,0,1,6,0.0,2334,1,5,1,259,259,0,8820,8820,0,114,114,0,1,98.23609227,NoArch
0,0,0,0,0,0,0,0,0,0,0,0,0.0,0,0,3,1,0,0,0,0,0,0,0,0,0,1,100.0,NoArch
0,0,0,0,0,0,0,0,0,0,0,0,0.0,0,0,2,2,0,0,0,0,0,0,0,0,0,1,100.0,NoArch
0,0,0,0,0,0,0,0,0,0,0,0,0.0,0,0,10,8,0,0,0,0,0,0,0,0,0,0,100.0,NoArch
0,0,0,0,0,0,0,0,0,0,0,0,0.0,0,0,0,0,0,0,0,0,0,0,0,0,0,1,100.0,NoArch
0,0,0,0,0,0,0,0,0,0,0,0,0.0,0,0,17,3,0,0,0,0,0,0,0,0,0,0,100.0,NoArch
0,0,0,0,0,0,0,0,0,0,0,0,0.0,0,0,32,2,0,0,0,0,0,0,0,0,0,1,100.0,NoArch
0,0,0,0,0,0,0,0,0,0,0,0,0.0,0,0,190,3,0,0,0,0,0,0,0,0,0,1,100.0,NoArch
1,27,1,26,28,0,0,0,7,651,1,1,0.0,93,6,27,1,5,3,2,633,487,146,4,3,1,3,100.0,NoArch
0,0,0,0,0,0,0,0,0,0,0,0,0.0,0,0,0,0,0,0,0,0,0,0,0,0,0,1,100.0,NoArch
11,77,14,63,91,4,0,4,61,1205,1,5,3.175929803,4492,1,47,0,657,642,15,20941,20602,339,315,303,12,3,100.0,NoArch
7,13,13,0,26,0,0,0,11,1564,1,1,2.623516641,1577,5,4,1,163,163,0,8427,8427,0,45,45,0,1,100.0,NoArch
15,597,287,310,884,1,0,1,34,263,1,4,2.16329232,7387,3,73,0,940,876,64,37481,36298,1183,314,296,18,1,99.58088852,NoArch
0,0,0,0,0,0,0,0,0,0,0,0,0.0,0,0,310,5,0,0,0,0,0,0,0,0,0,1,100.0,NoArch
0,0,0,0,0,0,0,0,0,0,0,0,0.0,0,0,133,2,0,0,0,0,0,0,0,0,0,1,100.0,NoArch
0,0,0,0,0,0,0,0,0,0,0,0,0.0,0,0,12,1,0,0,0,0,0,0,0,0,0,1,100.0,NoArch
2,5,5,0,10,0,0,0,4,35,1,1,0.970950594,726,3,65,22,83,83,0,2800,2800,0,34,34,0,1,100.0,NoArch
5,241,10,231,251,3,0,3,19,112,1,1,1.224945677,1636,1,111,10,214,186,28,10408,9339,1069,81,71,10,1,99.55396967,NoArch
0,0,0,0,0,0,0,0,0,0,0,0,0.0,0,0,0,0,0,0,0,0,0,0,0,0,0,1,100.0,NoArch
3,146,1,145,147,2,0,2,45,639,1,3,0.323111053,4712,8,2,2,586,571,15,25331,24493,838,212,211,1,6,100.0,NoArch
0,0,0,0,0,0,0,0,0,0,0,0,0.0,0,0,35,0,0,0,0,0,0,0,0,0,0,1,100.0,NoArch
2,495,453,42,948,1,0,1,7,21,1,1,0.084407955,634,2,1,1,96,90,6,3091,2831,260,25,24,1,0,100.0,NoArch
2,665,0,665,665,2,0,2,1,0,1,1,0.838100127,0,1,37,3,83,0,83,2998,0,2998,76,0,76,1,99.44629014,NoArch
0,0,0,0,0,0,0,0,0,0,0,0,0.0,0,0,312,8,0,0,0,0,0,0,0,0,0,1,100.0,NoArch
0,0,0,0,0,0,0,0,0,0,0,0,0.0,0,0,264,1,0,0,0,0,0,0,0,0,0,1,100.0,NoArch
6,110,13,97,123,0,0,0,12,976,1,2,2.037985228,5314,9,5,1,764,752,12,24068,23469,599,280,273,7,1,99.91455426,NoArch
1,6,1,5,7,0,0,0,20,4069,1,1,0.0,174,5,8,3,16,15,1,571,548,23,10,10,0,1,100.0,NoArch
1,2,0,2,2,1,0,1,2,50,1,1,0.0,506,2,5,5,63,63,0,3987,3973,14,19,19,0,0,100.0,NoArch
0,0,0,0,0,0,0,0,0,0,0,0,0.0,0,0,3,0,0,0,0,0,0,0,0,0,0,1,100.0,NoArch
5,372,66,306,438,2,0,2,7,1579,1,3,1.587513209,1102,4,33,0,165,135,30,6782,5273,1509,70,51,19,1,99.95549622,NoArch
2,238,17,221,255,1,0,1,68,355,1,2,0.897427193,2596,1,23,2,228,219,9,9576,9130,446,104,95,9,1,98.20828667,NoArch
0,0,0,0,0,0,0,0,0,0,0,0,0.0,0,0,5,5,0,0,0,0,0,0,0,0,0,1,100.0,NoArch
0,0,0,0,0,0,0,0,0,0,0,0,0.0,0,0,45,11,0,0,0,0,0,0,0,0,0,0,100.0,NoArch
0,0,0,0,0,0,0,0,0,0,0,0,0.0,0,0,345,8,0,0,0,0,0,0,0,0,0,1,100.0,NoArch
10,1343,285,1058,1628,5,0,5,4,798,1,1,2.584193601,1186,2,2,0,189,93,96,12398,6882,5516,91,43,48,1,98.02469136,NoArch
0,0,0,0,0,0,0,0,0,0,0,0,0.0,0,0,78,0,0,0,0,0,0,0,0,0,0,1,100.0,NoArch
0,0,0,0,0,0,0,0,0,0,0,0,0.0,0,0,29,9,0,0,0,0,0,0,0,0,0,1,100.0,NoArch
0,0,0,0,0,0,0,0,0,0,0,0,0.0,0,0,0,0,0,0,0,0,0,0,0,0,0,1,100.0,NoArch
3,12,9,3,21,0,0,0,82,396,1,1,1.493709546,2736,22,0,0,450,450,0,14850,14847,3,116,116,0,1,100.0,NoArch
0,0,0,0,0,0,0,0,0,0,0,0,0.0,0,0,36,3,0,0,0,0,0,0,0,0,0,0,100.0,NoArch
11,317,35,282,352,2,0,2,12,24,1,3,1.776521764,3343,3,18,0,463,436,27,18116,16568,1548,143,131,12,1,99.77375566,NoArch
0,0,0,0,0,0,0,0,0,0,0,0,0.0,0,0,31,5,0,0,0,0,0,0,0,0,0,0,100.0,NoArch
0,0,0,0,0,0,0,0,0,0,0,0,0.0,0,0,30,21,0,0,0,0,0,0,0,0,0,0,100.0,NoArch
2,11,0,11,11,2,0,2,14,37,1,1,0.439496987,809,2,52,14,127,124,3,3496,3450,46,57,57,0,1,100.0,NoArch
0,0,0,0,0,0,0,0,0,0,0,0,0.0,0,0,17,1,0,0,0,0,0,0,0,0,0,1,100.0,NoArch
0,0,0,0,0,0,0,0,0,0,0,0,0.0,0,0,9,2,0,0,0,0,0,0,0,0,0,0,100.0,NoArch
1,2,0,2,2,0,0,0,6,2325,1,1,0.0,1665,6,0,0,238,238,0,8416,8410,6,64,64,0,1,100.0,NoArch
0,0,0,0,0,0,0,0,0,0,0,0,0.0,0,0,85,8,0,0,0,0,0,0,0,0,0,1,100.0,NoArch
2,2,2,0,4,0,0,0,14,553,1,2,1.0,380,4,1,0,39,39,0,1807,1807,0,17,17,0,1,100.0,NoArch
0,0,0,0,0,0,0,0,0,0,0,0,0.0,0,0,31,11,0,0,0,0,0,0,0,0,0,1,100.0,NoArch
0,0,0,0,0,0,0,0,0,0,0,0,0.0,0,0,297,6,0,0,0,0,0,0,0,0,0,0,100.0,NoArch
4,31,37,6,68,0,0,0,79,652,1,2,1.553844031,3691,10,0,0,577,578,1,19149,19246,97,139,139,0,1,100.0,NoArch
0,0,0,0,0,0,0,0,0,0,0,0,0.0,0,0,0,0,0,0,0,0,0,0,0,0,0,0,100.0,NoArch
1,1,1,0,2,0,0,0,69,445,1,1,0.0,1217,18,17,0,192,192,0,5639,5639,0,88,88,0,1,100.0,NoArch
0,0,0,0,0,0,0,0,0,0,0,0,0.0,0,0,8,2,0,0,0,0,0,0,0,0,0,1,100.0,NoArch
1,16,16,0,32,0,0,0,17,2,1,1,0.0,814,3,119,6,163,163,0,4981,4979,2,32,32,0,1,100.0,NoArch
2,4,4,0,8,0,0,0,56,258,1,2,0.811278124,3285,12,0,0,589,589,0,16055,16055,0,219,219,0,1,100.0,NoArch
1,5,3,2,8,0,0,0,16,156,1,1,0.0,422,8,72,0,66,65,1,2096,2086,10,24,24,0,1,100.0,NoArch
0,0,0,0,0,0,0,0,0,0,0,0,0.0,0,0,86,7,0,0,0,0,0,0,0,0,0,0,100.0,NoArch
1,2,0,2,2,0,0,0,6,2325,1,1,0.0,1665,6,0,0,238,238,0,8416,8410,6,64,64,0,1,100.0,NoArch
4,207,44,163,251,1,0,1,71,66,1,3,1.283424337,3225,11,1,0,402,376,26,15585,14708,877,182,172,10,1,100.0,NoArch
0,0,0,0,0,0,0,0,0,0,0,0,0.0,0,0,227,2,0,0,0,0,0,0,0,0,0,1,100.0,NoArch
4,113,4,109,117,1,0,1,44,155,1,3,0.590286013,2410,5,306,4,276,265,11,12736,12094,642,98,94,4,1,99.91554054,NoArch
0,0,0,0,0,0,0,0,0,0,0,0,0.0,0,0,48,4,0,0,0,0,0,0,0,0,0,0,100.0,NoArch
30,2113,509,1604,2622,4,0,4,29,168,1,7,3.898373466,15579,7,7,1,1987,1816,171,86583,77481,9102,808,706,102,0,99.75786925,NoArch
0,0,0,0,0,0,0,0,0,0,0,0,0.0,0,0,60,7,0,0,0,0,0,0,0,0,0,0,100.0,NoArch
0,0,0,0,0,0,0,0,0,0,0,0,0.0,0,0,23,4,0,0,0,0,0,0,0,0,0,0,100.0,NoArch
0,0,0,0,0,0,0,0,0,0,0,0,0.0,0,0,78,5,0,0,0,0,0,0,0,0,0,2,100.0,NoArch
1,1,3,2,4,0,0,0,33,23,1,1,0.0,424,6,221,12,61,61,0,2508,2511,3,3,3,0,1,100.0,NoArch
0,0,0,0,0,0,0,0,0,0,0,0,0.0,0,0,101,0,0,0,0,0,0,0,0,0,0,1,100.0,NoArch
13,336,57,279,393,8,0,8,33,1469,1,4,2.327569259,4271,1,6,4,386,357,29,26203,25237,966,195,182,13,1,99.85141159,NoArch
7,287,15,272,302,3,0,3,104,736,1,3,0.89334069,4252,2,23,1,699,667,32,23135,21401,1734,227,218,9,1,99.82905983,NoArch
3,132,2,130,134,1,0,1,12,1301,1,3,0.63407032,2401,1,13,4,398,391,7,10775,10144,631,169,164,5,1,99.94295493,NoArch
0,0,0,0,0,0,0,0,0,0,0,0,0.0,0,0,63,0,0,0,0,0,0,0,0,0,0,1,100.0,NoArch
49,0,0,0,0,49,0,49,4,0,1,6,0.0,10773,1,17,17,1600,1600,0,52728,52728,0,620,620,0,1,100.0,NoArch
5,283,158,125,441,0,0,0,24,16,1,3,1.068650383,1974,2,155,10,209,204,5,8686,7811,875,64,63,1,1,99.93514916,NoArch
15,481,55,426,536,0,0,0,54,340,1,4,2.952316176,10104,5,15,0,1406,1359,47,45088,43765,1323,557,546,11,1,100.0,NoArch
0,0,0,0,0,0,0,0,0,0,0,0,0.0,0,0,22,6,0,0,0,0,0,0,0,0,0,0,100.0,NoArch
7,338,57,281,395,1,0,1,10,1470,1,3,1.360766088,4176,2,0,0,538,498,40,23278,21790,1488,185,174,11,1,98.09444905,NoArch
1,4,1,3,5,0,0,0,21,356,1,1,0.0,783,12,0,0,120,120,0,3156,3136,20,43,43,0,1,100.0,NoArch
0,0,0,0,0,0,0,0,0,0,0,0,0.0,0,0,1,0,0,0,0,0,0,0,0,0,0,1,100.0,NoArch
0,0,0,0,0,0,0,0,0,0,0,0,0.0,0,0,335,13,0,0,0,0,0,0,0,0,0,0,100.0,NoArch
3,105,2,103,107,2,0,2,31,979,1,3,0.869799609,884,3,178,2,122,112,10,5408,4868,540,20,15,5,1,100.0,NoArch
4,65,36,29,101,1,0,1,17,96,1,2,1.463373682,605,3,62,5,86,82,4,2876,2814,62,31,27,4,1,100.0,NoArch
0,0,0,0,0,0,0,0,0,0,0,0,0.0,0,0,3,0,0,0,0,0,0,0,0,0,0,1,100.0,NoArch
1,27,1,26,28,0,0,0,7,651,1,1,0.0,93,6,27,1,5,3,2,633,487,146,4,3,1,3,100.0,NoArch
1,1,5,4,6,0,0,0,2,579,1,1,0.0,204,2,0,0,38,39,1,1025,1037,12,13,13,0,1,100.0,NoArch
1,0,1,1,1,0,0,0,11,12,1,1,0.0,243,3,103,1,36,36,0,1254,1256,2,13,13,0,1,100.0,NoArch
0,0,0,0,0,0,0,0,0,0,0,0,0.0,0,0,175,0,0,0,0,0,0,0,0,0,0,1,100.0,NoArch
2,238,17,221,255,1,0,1,68,355,1,2,0.897427193,2596,1,23,2,228,219,9,9576,9130,446,104,95,9,1,98.20828667,NoArch
0,0,0,0,0,0,0,0,0,0,0,0,0.0,0,0,312,7,0,0,0,0,0,0,0,0,0,0,100.0,NoArch
0,0,0,0,0,0,0,0,0,0,0,0,0.0,0,0,19,7,0,0,0,0,0,0,0,0,0,0,100.0,NoArch
0,0,0,0,0,0,0,0,0,0,0,0,0.0,0,0,87,8,0,0,0,0,0,0,0,0,0,0,100.0,NoArch
43,3627,413,3214,4040,21,0,21,105,652,1,10,4.596592458,13593,3,24,0,1952,1658,294,80704,65800,14904,696,559,137,5,98.11511276,NoArch
0,0,0,0,0,0,0,0,0,0,0,0,0.0,0,0,75,5,0,0,0,0,0,0,0,0,0,1,100.0,NoArch
1,6,0,6,6,1,0,1,6,15,1,1,0.0,100,3,32,2,15,15,0,364,364,0,4,4,0,1,100.0,NoArch
0,0,0,0,0,0,0,0,0,0,0,0,0.0,0,0,13,1,0,0,0,0,0,0,0,0,0,1,100.0,NoArch
0,0,0,0,0,0,0,0,0,0,0,0,0.0,0,0,42,8,0,0,0,0,0,0,0,0,0,0,100.0,NoArch
0,0,0,0,0,0,0,0,0,0,0,0,0.0,0,0,20,3,0,0,0,0,0,0,0,0,0,1,100.0,NoArch
0,0,0,0,0,0,0,0,0,0,0,0,0.0,0,0,107,5,0,0,0,0,0,0,0,0,0,1,100.0,NoArch
2,24,16,8,40,1,0,1,65,154,1,1,0.998195879,1051,10,8,2,130,126,4,5178,5145,33,54,53,1,1,100.0,NoArch
0,0,0,0,0,0,0,0,0,0,0,0,0.0,0,0,11,3,0,0,0,0,0,0,0,0,0,1,100.0,NoArch
0,0,0,0,0,0,0,0,0,0,0,0,0.0,0,0,23,0,0,0,0,0,0,0,0,0,0,1,100.0,NoArch
0,0,0,0,0,0,0,0,0,0,0,0,0.0,0,0,40,3,0,0,0,0,0,0,0,0,0,2,100.0,NoArch
1,1,1,0,2,0,0,0,2,23,1,1,0.0,151,2,4,0,8,8,0,818,818,0,8,8,0,2,100.0,NoArch
1,0,5,5,5,0,0,0,38,863,1,1,0.0,670,6,35,0,108,109,1,3741,3763,22,28,28,0,1,100.0,NoArch
0,0,0,0,0,0,0,0,0,0,0,0,0.0,0,0,31,11,0,0,0,0,0,0,0,0,0,1,100.0,NoArch
1,1,0,1,1,1,0,1,3,413,1,1,0.0,46,2,19,1,6,6,0,270,261,9,2,2,0,0,100.0,NoArch
0,0,0,0,0,0,0,0,0,0,0,0,0.0,0,0,28,1,0,0,0,0,0,0,0,0,0,1,100.0,NoArch
0,0,0,0,0,0,0,0,0,0,0,0,0.0,0,0,14,1,0,0,0,0,0,0,0,0,0,0,100.0,NoArch
1,1,0,1,1,1,0,1,10,38,1,1,0.0,767,3,50,0,151,150,1,4702,4686,16,31,31,0,1,100.0,NoArch
0,0,0,0,0,0,0,0,0,0,0,0,0.0,0,0,0,0,0,0,0,0,0,0,0,0,0,1,100.0,NoArch
1,1,0,1,1,1,0,1,3,17,1,1,0.0,432,1,11,4,88,88,0,2867,2854,13,9,9,0,0,100.0,NoArch
0,0,0,0,0,0,0,0,0,0,0,0,0.0,0,0,35,1,0,0,0,0,0,0,0,0,0,0,100.0,NoArch
0,0,0,0,0,0,0,0,0,0,0,0,0.0,0,0,55,0,0,0,0,0,0,0,0,0,0,1,100.0,NoArch
0,0,0,0,0,0,0,0,0,0,0,0,0.0,0,0,31,2,0,0,0,0,0,0,0,0,0,0,100.0,NoArch
0,0,0,0,0,0,0,0,0,0,0,0,0.0,0,0,66,15,0,0,0,0,0,0,0,0,0,1,100.0,NoArch
1,41,35,6,76,0,0,0,33,59,1,1,0.0,1344,4,84,1,200,199,1,6557,6532,25,62,62,0,1,100.0,NoArch
0,0,0,0,0,0,0,0,0,0,0,0,0.0,0,0,120,2,0,0,0,0,0,0,0,0,0,1,100.0,NoArch
2,16,1,15,17,1,0,1,16,937,1,2,0.873981048,3615,8,0,0,278,274,4,12257,12162,95,132,130,2,1,100.0,NoArch
0,0,0,0,0,0,0,0,0,0,0,0,0.0,0,0,8,2,0,0,0,0,0,0,0,0,0,1,100.0,NoArch
0,0,0,0,0,0,0,0,0,0,0,0,0.0,0,0,5,5,0,0,0,0,0,0,0,0,0,1,100.0,NoArch
0,0,0,0,0,0,0,0,0,0,0,0,0.0,0,0,0,0,0,0,0,0,0,0,0,0,0,1,100.0,NoArch
3,531,84,447,615,0,0,0,12,1647,1,2,0.812495514,944,7,13,1,136,113,23,7416,4779,2637,48,29,19,1,100.0,NoArch
8,139,13,126,152,5,0,5,49,474,1,2,1.910976049,4354,3,152,1,595,580,15,21723,20978,745,209,202,7,1,100.0,NoArch
0,0,0,0,0,0,0,0,0,0,0,0,0.0,0,0,83,4,0,0,0,0,0,0,0,0,0,0,100.0,NoArch
1,7,7,0,14,0,0,0,3,295,1,1,0.0,177,3,184,1,20,20,0,777,791,14,7,7,0,1,100.0,NoArch
0,0,0,0,0,0,0,0,0,0,0,0,0.0,0,0,21,1,0,0,0,0,0,0,0,0,0,1,100.0,NoArch
3,325,5,320,330,1,0,1,50,16,1,3,0.60528515,3038,1,45,1,489,447,42,16490,14815,1675,187,176,11,1,99.95119571,NoArch
2,8,3,5,11,0,0,0,28,640,1,1,0.994030211,1334,6,183,1,159,159,0,5634,5617,17,36,36,0,1,100.0,NoArch
9,66,48,18,114,0,0,0,17,0,1,2,1.732699273,3784,2,37,4,457,457,0,18764,18947,183,150,150,0,1,100.0,NoArch
0,0,0,0,0,0,0,0,0,0,0,0,0.0,0,0,78,5,0,0,0,0,0,0,0,0,0,2,100.0,NoArch
0,0,0,0,0,0,0,0,0,0,0,0,0.0,0,0,13,5,0,0,0,0,0,0,0,0,0,3,100.0,NoArch
0,0,0,0,0,0,0,0,0,0,0,0,0.0,0,0,39,4,0,0,0,0,0,0,0,0,0,1,100.0,NoArch
0,0,0,0,0,0,0,0,0,0,0,0,0.0,0,0,17,1,0,0,0,0,0,0,0,0,0,1,100.0,NoArch
3,325,5,320,330,1,0,1,50,16,1,3,0.60528515,3038,1,45,1,489,447,42,16490,14815,1675,187,176,11,1,99.95119571,NoArch
1,2,0,2,2,1,0,1,3,2825,1,1,0.0,264,2,191,4,49,49,0,1559,1547,12,25,25,0,1,100.0,NoArch
0,0,0,0,0,0,0,0,0,0,0,0,0.0,0,0,16,16,0,0,0,0,0,0,0,0,0,1,100.0,NoArch
3,208,9,199,217,2,0,2,2,12,1,2,1.174269273,1481,1,1,0,222,203,19,7932,7116,816,70,57,13,1,99.617737,NoArch
1,0,1,1,1,0,0,0,2,57,1,1,0.0,161,1,30,1,13,13,0,787,787,0,12,12,0,1,100.0,NoArch
5,222,88,134,310,2,0,2,19,51,1,3,1.574176516,2726,3,29,9,333,316,17,13469,12677,792,123,116,7,1,98.37662338,NoArch
1,7,0,7,7,1,0,1,59,29,1,1,0.0,1035,12,0,0,117,117,0,3728,3709,19,36,36,0,1,100.0,NoArch
8,103,39,64,142,1,0,1,20,30,1,3,2.474281832,3037,4,67,16,434,423,11,13552,13263,289,212,212,0,1,100.0,NoArch
2,321,54,267,375,1,0,1,3,715,1,2,0.920939448,1076,1,7,1,133,116,17,5660,4433,1227,40,31,9,3,99.83291562,NoArch
0,0,0,0,0,0,0,0,0,0,0,0,0.0,0,0,22,9,0,0,0,0,0,0,0,0,0,0,100.0,NoArch
11,317,35,282,352,2,0,2,12,24,1,3,1.776521764,3343,3,18,0,463,436,27,18116,16568,1548,143,131,12,1,99.77375566,NoArch
0,0,0,0,0,0,0,0,0,0,0,0,0.0,0,0,63,9,0,0,0,0,0,0,0,0,0,0,100.0,NoArch
0,0,0,0,0,0,0,0,0,0,0,0,0.0,0,0,16,3,0,0,0,0,0,0,0,0,0,0,100.0,NoArch
4,167,8,159,175,2,0,2,10,80,1,2,1.138008092,890,1,17,1,150,128,22,4505,3522,983,59,53,6,1,99.72826087,NoArch
0,0,0,0,0,0,0,0,0,0,0,0,0.0,0,0,25,23,0,0,0,0,0,0,0,0,0,0,100.0,NoArch
7,20,1,19,21,6,0,6,3,266,1,4,2.760666827,4312,2,5,0,551,551,0,18762,18597,165,159,159,0,1,100.0,NoArch
0,0,0,0,0,0,0,0,0,0,0,0,0.0,0,0,2,1,0,0,0,0,0,0,0,0,0,2,100.0,NoArch
2,33,16,17,49,0,0,0,9,190,1,2,0.40790598,767,3,37,0,76,76,0,3065,3010,55,34,34,0,1,100.0,NoArch
3,45,52,7,97,1,0,1,47,0,1,1,0.653539341,1615,1,172,1,224,223,1,7585,7663,78,73,73,0,1,100.0,NoArch
0,0,0,0,0,0,0,0,0,0,0,0,0.0,0,0,100,7,0,0,0,0,0,0,0,0,0,1,100.0,NoArch
6,7,15,8,22,0,0,0,9,14,1,3,1.729529055,2366,2,16,0,283,283,0,10339,10339,0,113,113,0,1,100.0,NoArch
2,260,3,257,263,1,0,1,2,178,1,2,0.544897249,406,1,13,0,72,58,14,4493,2396,2097,11,3,8,1,99.92372235,NoArch
1,1,1,0,2,0,0,0,69,445,1,1,0.0,1217,18,17,0,192,192,0,5639,5639,0,88,88,0,1,100.0,NoArch
0,0,0,0,0,0,0,0,0,0,0,0,0.0,0,0,32,2,0,0,0,0,0,0,0,0,0,1,100.0,NoArch
0,0,0,0,0,0,0,0,0,0,0,0,0.0,0,0,71,2,0,0,0,0,0,0,0,0,0,1,100.0,NoArch
0,0,0,0,0,0,0,0,0,0,0,0,0.0,0,0,49,8,0,0,0,0,0,0,0,0,0,0,100.0,NoArch
13,0,0,0,0,13,0,13,1,0,1,6,0.0,2383,1,4,2,264,264,0,9124,9124,0,115,115,0,1,98.48042081,NoArch
5,129,81,48,210,0,0,0,4,298,1,1,1.427413306,790,3,76,5,89,79,10,5958,5685,273,40,34,6,0,98.99193548,NoArch
1,1,0,1,1,1,0,1,3,17,1,1,0.0,432,1,11,4,88,88,0,2867,2854,13,9,9,0,0,100.0,NoArch
2,82,17,65,99,1,0,1,31,38,1,2,0.967294779,908,2,167,2,111,106,5,4214,3865,349,29,28,1,1,100.0,NoArch
4,224,35,189,259,1,0,1,4,115,1,2,1.74419626,3410,1,9,0,512,501,11,15798,14332,1466,204,198,6,1,99.35773924,NoArch
1,4,2,2,6,0,0,0,8,504,1,1,0.0,1676,8,22,0,240,240,0,8451,8441,10,66,66,0,1,100.0,NoArch
0,0,0,0,0,0,0,0,0,0,0,0,0.0,0,0,126,8,0,0,0,0,0,0,0,0,0,0,100.0,NoArch
2,16,1,15,17,1,0,1,16,937,1,2,0.873981048,3615,8,0,0,278,274,4,12257,12162,95,132,130,2,1,100.0,NoArch
0,0,0,0,0,0,0,0,0,0,0,0,0.0,0,0,98,9,0,0,0,0,0,0,0,0,0,1,100.0,NoArch
3,14,7,7,21,0,0,0,15,13,1,1,1.378783493,1272,2,38,5,203,201,2,6964,6949,15,53,52,1,1,100.0,NoArch
1,4,2,2,6,0,0,0,4,167,1,1,0.0,276,2,11,6,65,64,1,1514,1514,0,12,12,0,1,100.0,NoArch
9,83,46,37,129,1,0,1,55,436,1,3,2.754618325,7556,3,1,1,1192,1186,6,37118,36931,187,356,354,2,1,100.0,NoArch
0,0,0,0,0,0,0,0,0,0,0,0,0.0,0,0,35,1,0,0,0,0,0,0,0,0,0,1,100.0,NoArch
1,3,4,1,7,0,0,0,2,17,1,1,0.0,59,2,16,0,4,4,0,228,225,3,3,3,0,0,100.0,NoArch
0,0,0,0,0,0,0,0,0,0,0,0,0.0,0,0,237,6,0,0,0,0,0,0,0,0,0,1,100.0,NoArch
2,163,0,163,163,2,0,2,1,0,1,1,0.949200608,0,1,67,8,9,0,9,624,0,624,4,0,4,1,98.28291087,NoArch
1,27,3,24,30,0,0,0,4,1974,1,1,0.0,110,3,6,1,6,4,2,694,558,136,5,4,1,1,100.0,NoArch
7,22,21,1,43,0,0,0,20,347,1,3,2.240965059,6228,5,0,0,582,582,0,26985,26837,148,241,241,0,1,100.0,NoArch
1,2,1,1,3,0,0,0,2,218,1,1,0.0,184,2,0,0,15,13,2,1115,1092,23,8,8,0,1,100.0,NoArch
0,0,0,0,0,0,0,0,0,0,0,0,0.0,0,0,43,9,0,0,0,0,0,0,0,0,0,0,100.0,NoArch
19,170,272,102,442,0,0,0,20,60,1,7,3.442447751,6888,3,95,5,896,912,16,32406,33029,623,262,264,2,0,100.0,NoArch
2,13,5,8,18,1,0,1,3,4,1,1,0.964078765,521,1,86,9,70,68,2,2614,2608,6,32,30,2,1,100.0,NoArch
0,0,0,0,0,0,0,0,0,0,0,0,0.0,0,0,91,14,0,0,0,0,0,0,0,0,0,1,100.0,NoArch
0,0,0,0,0,0,0,0,0,0,0,0,0.0,0,0,12,0,0,0,0,0,0,0,0,0,0,1,100.0,NoArch
0,0,0,0,0,0,0,0,0,0,0,0,0.0,0,0,22,3,0,0,0,0,0,0,0,0,0,0,100.0,NoArch
0,0,0,0,0,0,0,0,0,0,0,0,0.0,0,0,334,12,0,0,0,0,0,0,0,0,0,0,100.0,NoArch
0,0,0,0,0,0,0,0,0,0,0,0,0.0,0,0,0,0,0,0,0,0,0,0,0,0,0,1,100.0,NoArch
0,0,0,0,0,0,0,0,0,0,0,0,0.0,0,0,28,1,0,0,0,0,0,0,0,0,0,0,100.0,NoArch
1,13,0,13,13,1,0,1,11,6,1,1,0.0,613,4,44,2,64,62,2,2089,2037,52,20,20,0,1,100.0,NoArch
0,0,0,0,0,0,0,0,0,0,0,0,0.0,0,0,62,11,0,0,0,0,0,0,0,0,0,1,100.0,NoArch
19,170,272,102,442,0,0,0,20,60,1,7,3.442447751,6888,3,91,1,896,912,16,32406,33029,623,262,264,2,1,100.0,NoArch
1,2,5,3,7,0,0,0,3,790,1,1,0.0,254,2,3,2,20,20,0,1345,1373,28,10,10,0,1,100.0,NoArch
0,0,0,0,0,0,0,0,0,0,0,0,0.0,0,0,14,1,0,0,0,0,0,0,0,0,0,1,100.0,NoArch
0,0,0,0,0,0,0,0,0,0,0,0,0.0,0,0,1,0,0,0,0,0,0,0,0,0,0,1,100.0,NoArch
2,74,24,50,98,1,0,1,95,94,1,2,0.442571065,2753,12,22,3,493,480,13,14047,13732,315,148,145,3,1,100.0,NoArch
0,0,0,0,0,0,0,0,0,0,0,0,0.0,0,0,0,0,0,0,0,0,0,0,0,0,0,1,100.0,NoArch
3,13,10,3,23,1,0,1,3,294,1,1,1.520375095,1040,2,3,0,124,122,2,5372,5358,14,30,29,1,1,100.0,NoArch
2,73,1,72,74,1,0,1,10,41,1,2,0.179256067,125,1,28,8,14,8,6,814,498,316,12,8,4,1,98.47660501,NoArch
0,0,0,0,0,0,0,0,0,0,0,0,0.0,0,0,218,1,0,0,0,0,0,0,0,0,0,1,100.0,NoArch
2,16,3,13,19,0,0,0,7,1277,1,2,0.949452015,3303,5,0,0,262,258,4,11290,11195,95,123,121,2,1,100.0,NoArch
0,0,0,0,0,0,0,0,0,0,0,0,0.0,0,0,72,28,0,0,0,0,0,0,0,0,0,0,100.0,NoArch
1,10,2,8,12,0,0,0,23,341,1,1,0.0,494,10,12,1,81,80,1,2456,2419,37,31,31,0,1,100.0,NoArch
6,169,48,121,217,1,0,1,7,106,1,1,1.421031297,3237,3,13,6,390,389,1,13638,13581,57,107,105,2,1,100.0,NoArch
2,82,17,65,99,1,0,1,31,38,1,2,0.967294779,908,2,167,2,111,106,5,4214,3865,349,29,28,1,1,100.0,NoArch
0,0,0,0,0,0,0,0,0,0,0,0,0.0,0,0,49,11,0,0,0,0,0,0,0,0,0,1,100.0,NoArch
0,0,0,0,0,0,0,0,0,0,0,0,0.0,0,0,39,0,0,0,0,0,0,0,0,0,0,1,100.0,NoArch
0,0,0,0,0,0,0,0,0,0,0,0,0.0,0,0,14,0,0,0,0,0,0,0,0,0,0,1,100.0,NoArch
0,0,0,0,0,0,0,0,0,0,0,0,0.0,0,0,15,7,0,0,0,0,0,0,0,0,0,1,100.0,NoArch
0,0,0,0,0,0,0,0,0,0,0,0,0.0,0,0,66,15,0,0,0,0,0,0,0,0,0,1,100.0,NoArch
5,249,26,223,275,1,0,1,8,658,1,3,1.997184393,2312,2,0,0,274,251,23,11827,10626,1201,94,83,11,0,99.80457845,NoArch
0,0,0,0,0,0,0,0,0,0,0,0,0.0,0,0,39,0,0,0,0,0,0,0,0,0,0,1,100.0,NoArch
0,0,0,0,0,0,0,0,0,0,0,0,0.0,0,0,20,1,0,0,0,0,0,0,0,0,0,1,100.0,NoArch
0,0,0,0,0,0,0,0,0,0,0,0,0.0,0,0,180,0,0,0,0,0,0,0,0,0,0,1,100.0,NoArch
0,0,0,0,0,0,0,0,0,0,0,0,0.0,0,0,70,26,0,0,0,0,0,0,0,0,0,1,100.0,NoArch
0,0,0,0,0,0,0,0,0,0,0,0,0.0,0,0,7,3,0,0,0,0,0,0,0,0,0,1,100.0,NoArch
0,0,0,0,0,0,0,0,0,0,0,0,0.0,0,0,118,5,0,0,0,0,0,0,0,0,0,1,100.0,NoArch
1,4,2,2,6,0,0,0,46,12,1,1,0.0,975,5,1,0,140,139,1,3590,3574,16,72,72,0,1,100.0,NoArch
3,22,4,18,26,2,0,2,111,1190,1,3,1.512644748,3329,9,3,1,481,480,1,16465,16392,73,183,182,1,1,100.0,NoArch
4,224,35,189,259,1,0,1,4,115,1,2,1.74419626,3410,1,9,0,512,501,11,15798,14332,1466,204,198,6,1,99.35773924,NoArch
0,0,0,0,0,0,0,0,0,0,0,0,0.0,0,0,38,3,0,0,0,0,0,0,0,0,0,0,100.0,NoArch
1,7,10,3,17,0,0,0,18,715,1,1,0.0,293,11,1,1,39,39,0,1540,1546,6,10,10,0,1,100.0,NoArch
0,0,0,0,0,0,0,0,0,0,0,0,0.0,0,0,0,0,0,0,0,0,0,0,0,0,0,1,100.0,NoArch
1,2,21,19,23,0,0,0,13,799,1,1,0.0,838,9,0,0,101,104,3,2932,2996,64,46,47,1,1,100.0,NoArch
1,3,1,2,4,0,0,0,13,265,1,1,0.0,256,7,11,0,19,19,0,1721,1683,38,7,7,0,1,100.0,NoArch
3,66,119,53,185,1,0,1,50,6,1,2,0.509334883,2707,5,29,1,286,295,9,14228,14272,44,91,94,3,0,100.0,NoArch
0,0,0,0,0,0,0,0,0,0,0,0,0.0,0,0,10,0,0,0,0,0,0,0,0,0,0,1,100.0,NoArch
0,0,0,0,0,0,0,0,0,0,0,0,0.0,0,0,9,1,0,0,0,0,0,0,0,0,0,1,100.0,NoArch
0,0,0,0,0,0,0,0,0,0,0,0,0.0,0,0,31,11,0,0,0,0,0,0,0,0,0,1,100.0,NoArch
7,631,207,424,838,3,0,3,31,8,1,2,2.052987521,3469,3,130,10,417,393,24,18600,16879,1721,146,138,8,1,99.24863388,NoArch
0,0,0,0,0,0,0,0,0,0,0,0,0.0,0,0,1,1,0,0,0,0,0,0,0,0,0,1,100.0,NoArch
0,0,0,0,0,0,0,0,0,0,0,0,0.0,0,0,3,0,0,0,0,0,0,0,0,0,0,1,100.0,NoArch
0,0,0,0,0,0,0,0,0,0,0,0,0.0,0,0,119,0,0,0,0,0,0,0,0,0,0,1,100.0,NoArch
3,177,5,172,182,1,0,1,8,608,1,2,0.789719365,3467,2,7,0,459,442,17,19323,18393,930,194,188,6,1,99.9443517,NoArch
0,0,0,0,0,0,0,0,0,0,0,0,0.0,0,0,236,5,0,0,0,0,0,0,0,0,0,1,100.0,NoArch
0,0,0,0,0,0,0,0,0,0,0,0,0.0,0,0,13,3,0,0,0,0,0,0,0,0,0,1,100.0,NoArch
2,42,0,42,42,0,0,0,2,1738,1,2,0.993447238,360,2,0,0,23,20,3,1800,1589,211,16,13,3,1,100.0,NoArch
7,359,118,241,477,2,0,2,45,49,1,2,1.868663602,4148,5,25,0,518,493,25,17617,16664,953,180,171,9,1,100.0,NoArch
2,145,146,1,291,0,0,0,8,1979,1,1,0.999923333,2053,2,49,0,208,208,0,11486,11472,14,78,78,0,1,99.57252779,NoArch
4,4,5,1,9,0,0,0,3,1392,1,1,1.974937501,175,3,12,3,15,15,0,342,359,17,15,15,0,1,100.0,NoArch
0,0,0,0,0,0,0,0,0,0,0,0,0.0,0,0,25,0,0,0,0,0,0,0,0,0,0,1,100.0,NoArch
0,0,0,0,0,0,0,0,0,0,0,0,0.0,0,0,19,3,0,0,0,0,0,0,0,0,0,0,100.0,NoArch
0,0,0,0,0,0,0,0,0,0,0,0,0.0,0,0,15,0,0,0,0,0,0,0,0,0,0,1,100.0,NoArch
1,12,3,9,15,0,0,0,10,1143,1,1,0.0,847,5,19,3,145,144,1,4160,4138,22,60,59,1,1,100.0,NoArch
18,241,122,119,363,1,0,1,21,107,1,6,3.366932222,6517,3,69,2,877,861,16,31607,30971,636,251,249,2,1,100.0,NoArch
1,19,9,10,28,0,0,0,13,0,1,1,0.0,574,4,341,3,81,79,2,2710,2681,29,19,19,0,1,100.0,NoArch
0,0,0,0,0,0,0,0,0,0,0,0,0.0,0,0,265,2,0,0,0,0,0,0,0,0,0,1,100.0,NoArch
5,8,8,0,16,0,0,0,55,205,1,3,2.0,2629,5,271,2,406,406,0,12100,12099,1,142,142,0,1,100.0,NoArch
3,71,32,39,103,0,0,0,26,289,1,2,0.891074266,1907,10,58,1,276,269,7,10402,10188,214,99,96,3,3,100.0,NoArch
1,6,1,5,7,0,0,0,22,132,1,1,0.0,489,9,17,2,80,80,0,2419,2419,0,31,31,0,3,100.0,NoArch
15,597,287,310,884,1,0,1,34,263,1,4,2.16329232,7387,3,73,0,940,876,64,37481,36298,1183,314,296,18,1,99.58088852,NoArch
2,2,2,0,4,0,0,0,90,1989,1,2,1.0,1877,7,9,1,271,271,0,9197,9207,10,72,72,0,1,100.0,NoArch
1,10,2,8,12,0,0,0,6,1187,1,1,0.0,443,4,0,0,64,63,1,2039,1994,45,28,27,1,1,100.0,NoArch
1,4,2,2,6,0,0,0,21,558,1,1,0.0,1752,15,0,0,245,245,0,8866,8856,10,67,67,0,1,100.0,NoArch
0,0,0,0,0,0,0,0,0,0,0,0,0.0,0,0,177,2,0,0,0,0,0,0,0,0,0,1,100.0,NoArch
1,2,1,1,3,0,0,0,2,218,1,1,0.0,184,2,0,0,15,13,2,1115,1092,23,8,8,0,1,100.0,NoArch
0,0,0,0,0,0,0,0,0,0,0,0,0.0,0,0,0,0,0,0,0,0,0,0,0,0,0,3,100.0,NoArch
0,0,0,0,0,0,0,0,0,0,0,0,0.0,0,0,2,2,0,0,0,0,0,0,0,0,0,0,96.52406417,Arch
0,0,0,0,0,0,0,0,0,0,0,0,0.0,0,0,3,3,0,0,0,0,0,0,0,0,0,0,93.58024691,Arch
8,2688,558,2130,3246,5,0,5,6,9,1,1,2.347506472,1010,1,0,0,355,119,236,13180,4533,8647,78,28,50,0,96.68874172,Arch
33,5039,4567,472,9606,4,0,4,8,146,1,6,3.514247401,9270,1,75,4,1293,1219,74,44879,42921,1958,377,326,51,0,94.93927126,Arch
2,194,0,194,194,2,0,2,1,0,1,1,0.995087818,0,1,20,2,22,0,22,989,0,989,20,0,20,0,97.8805395,Arch
36,454,355,99,809,3,0,3,10,125,1,6,4.291909886,12312,1,24,4,1653,1663,10,61480,61296,184,467,475,8,0,94.70899471,Arch
15,7302,7296,6,14598,0,0,0,12,6,1,4,3.613390815,7299,4,2,0,1004,1004,0,36759,36665,94,262,262,0,0,93.03135889,Arch
16,7336,7313,23,14649,0,0,0,1,0,1,4,3.634254822,7928,1,1,1,1071,1068,3,39000,39009,9,279,278,1,0,93.03135889,Arch
16,7313,7336,23,14649,0,0,0,12,3,1,4,3.634254822,7951,4,94,12,1068,1071,3,39009,39000,9,278,279,1,0,93.03135889,Arch
42,2645,0,2645,2645,42,0,42,1,0,1,6,5.116199916,0,1,30,0,196,0,196,8281,0,8281,152,0,152,0,82.29007634,Arch
84,4411,7189,2778,11600,2,42,44,1,0,1,14,4.706920759,15185,1,0,0,1721,1953,232,62887,71839,8952,542,715,173,0,79.22272048,Arch
85,7595,4554,3041,12149,42,0,42,14,80,1,14,4.754863609,12521,2,32,2,2012,1736,276,73295,63392,9903,732,546,186,0,79.22272048,Arch
150,0,0,0,0,150,0,150,1,0,2,17,0.0,24391,1,0,0,3273,3273,0,112962,112962,0,1210,1210,0,1,29.12154031,Arch
93,0,0,0,0,93,0,93,1,0,1,9,0.0,19245,1,2,2,2734,2734,0,89071,89071,0,933,933,0,1,58.10663765,Arch
150,0,0,0,0,150,0,150,1,0,1,17,0.0,24391,1,4,4,3273,3273,0,112962,112962,0,1210,1210,0,1,28.36538462,Arch
93,0,0,0,0,93,0,93,1,0,1,9,0.0,19245,1,7,7,2734,2734,0,89071,89071,0,933,933,0,1,48.8946684,Arch
93,0,0,0,0,93,0,93,1,0,1,9,0.0,19245,1,8,8,2734,2734,0,89071,89071,0,933,933,0,1,51.80572852,Arch
15,0,0,0,0,15,0,15,1,0,1,2,0.0,2501,1,9,9,343,343,0,15610,15610,0,125,125,0,1,92.55583127,Arch
15,0,0,0,0,15,0,15,1,0,1,2,0.0,2501,1,10,10,343,343,0,15610,15610,0,125,125,0,1,92.94710327,Arch
42,0,0,0,0,42,0,42,1,0,1,6,0.0,2645,1,11,11,196,196,0,8281,8281,0,152,152,0,1,77.96610169,Arch
42,0,0,0,0,42,0,42,1,0,1,6,0.0,2645,1,12,12,196,196,0,8281,8281,0,152,152,0,1,75.41401274,Arch
152,1177,667,510,1844,2,0,2,2,0,1,17,5.665497173,24391,1,13,13,3313,3273,40,116503,112962,3541,1229,1210,19,1,96.65841584,Arch
15,956,431,525,1387,7,0,7,8,66,1,7,3.32247111,4186,1,9,5,579,535,44,21040,19294,1746,259,216,43,1,97.73869347,Arch
39,137,97,40,234,11,0,11,11,54,1,8,4.512997343,13620,3,35,1,1741,1740,1,63055,63057,2,561,562,1,1,96.70200236,Arch
19,269,95,174,364,2,0,2,13,42,1,3,3.294084778,5645,3,30,0,705,690,15,30804,30122,682,243,235,8,1,96.92765114,Arch
32,1876,917,959,2793,9,0,9,11,70,1,9,3.707174352,5608,3,42,3,711,656,55,28727,25768,2959,322,274,48,1,91.42318567,Arch
20,242,146,96,388,4,0,4,16,61,1,6,3.191485593,6597,2,6,1,957,935,22,30899,30265,634,359,353,6,1,94.07407407,Arch
10,1422,12,1410,1434,6,0,6,13,6,1,4,2.437079868,1161,1,61,20,285,134,151,12422,5566,6856,113,54,59,1,95.8287596,Arch
297,21352,32799,11447,54151,108,17,125,2,0,2,30,7.554942591,32797,1,0,0,2997,6680,3683,103059,236343,133284,1024,2499,1475,0,21.4379085,Arch
2,83,5,78,88,1,0,1,9,68,1,2,0.811278124,132,1,21,1,25,17,8,951,516,435,8,6,2,1,97.32620321,Arch
5,136,6,130,142,2,0,2,20,99,1,2,1.372473241,2594,4,33,9,305,294,11,11824,11164,660,143,136,7,1,89.33747412,Arch
5,6,136,130,142,0,1,1,19,86,1,2,1.372473241,2724,4,78,3,294,305,11,11164,11824,660,136,143,7,0,89.33747412,Arch
7,142,7,135,149,3,0,3,20,113,1,4,1.621970324,3369,3,34,1,406,395,11,15038,14320,718,202,195,7,1,89.33747412,Arch
4,97,2,95,99,2,0,2,10,76,1,2,1.051376299,921,1,76,1,105,100,5,4299,3900,399,49,46,3,1,96.26352016,Arch
4,125,4,121,129,2,0,2,6,122,1,3,0.975109677,785,1,77,2,86,78,8,3926,3382,544,39,35,4,1,88.24082785,Arch
3,89,8,81,97,1,0,1,6,68,1,2,1.06626413,223,2,46,12,13,8,5,1143,942,201,4,3,1,1,93.1880109,Arch
86,1097,2574,1477,3671,7,26,33,17,212,1,11,5.520306254,12631,3,78,0,1267,1359,92,49340,55284,5944,499,586,87,1,76.15384615,Arch
4,69,7,62,76,1,0,1,21,36,1,4,0.953468187,2236,3,47,2,310,303,7,11588,11350,238,89,86,3,1,90.4451683,Arch
4,228,19,209,247,1,0,1,18,30,1,2,1.134324851,1852,1,55,4,243,220,23,7738,6524,1214,95,88,7,1,96.93779904,Arch
33,6779,0,6779,6779,33,0,33,1,0,1,6,4.607619033,0,1,58,7,691,0,691,29360,0,29360,290,0,290,1,92.75362319,Arch
3,203,19,184,222,0,0,0,25,55,1,3,1.283837502,2266,3,59,8,300,266,34,12459,11425,1034,81,78,3,1,96.11742424,Arch
12,1579,1,1578,1580,11,0,11,23,3,1,3,2.914359347,2007,1,80,1,526,275,251,18764,10446,8318,149,73,76,1,88.58230257,Arch
4,176,15,161,191,3,0,3,7,139,1,3,1.646755896,522,1,81,2,57,44,13,2882,2138,744,26,21,5,1,96.96699376,Arch
16,1374,190,1184,1564,6,0,6,19,36,1,4,3.250100132,3246,1,61,10,561,427,134,23789,18881,4908,168,125,43,1,96.03603604,Arch
176,3717,14068,10351,17785,27,51,78,19,8,1,27,6.535319245,33742,3,79,0,2766,4001,1235,107355,153690,46335,1039,1470,431,0,69.47988224,Arch
1,3,1,2,4,0,0,0,6,63,1,1,0.0,93,3,70,2,6,6,0,375,351,24,2,2,0,1,95.37337662,Arch
7,565,244,321,809,3,0,3,14,100,1,5,2.57097291,1028,1,88,11,187,165,22,7005,5638,1367,51,35,16,1,94.97607656,Arch
5,192,53,139,245,1,0,1,8,258,1,5,1.790011098,583,1,91,1,84,72,12,3543,2827,716,41,36,5,1,97.15517241,Arch
16,1006,448,558,1454,3,0,3,5,74,1,4,3.014308641,4613,2,9,0,503,451,52,22492,20227,2265,187,166,21,1,92.85083848,Arch
21,2126,0,2126,2126,21,0,21,1,0,1,4,4.138755711,0,1,106,7,154,0,154,10268,0,10268,82,0,82,1,95.24253731,Arch
15,1824,168,1656,1992,5,0,5,7,101,1,4,2.102093349,3275,2,114,5,493,329,164,21188,14657,6531,197,128,69,1,92.94710327,Arch
4,5,77,72,82,0,1,1,27,340,1,3,0.787948731,1337,3,127,9,158,168,10,6536,6851,315,45,50,5,1,96.29044988,Arch
20,1786,723,1063,2509,4,0,4,8,90,1,5,3.162661344,6554,3,71,2,785,652,133,33408,27911,5497,295,254,41,1,94.20709631,Arch
15,207,20,187,227,4,0,4,28,298,1,5,3.453835734,5107,3,135,15,713,688,25,24476,23347,1129,248,236,12,1,93.09878214,Arch
183,3711,14129,10418,17840,27,47,74,25,26,1,28,6.395133893,41932,0,96,0,3810,4869,1059,146921,193876,46955,1420,1821,401,1,82.88732394,Arch
5,258,7,251,265,2,0,2,20,716,1,2,1.409417646,1577,1,73,0,214,198,16,8647,6991,1656,98,90,8,1,96.83124539,Arch
184,14188,4050,10138,18238,59,6,65,31,196,1,28,6.418637525,31794,1,112,0,4869,3830,1039,193876,148702,45174,1821,1429,392,0,82.66100495,Arch
184,4027,14165,10138,18192,28,55,83,25,49,1,28,6.419765183,41932,0,101,0,3830,4869,1039,148702,193876,45174,1429,1821,392,0,82.66100495,Arch
42,559,366,193,925,4,0,4,30,311,1,6,4.850988767,8533,3,140,0,902,896,6,46027,45303,724,326,324,2,1,92.01065246,Arch
42,364,557,193,921,1,1,2,29,101,1,6,4.843362421,8726,3,140,0,896,902,6,45303,46027,724,324,326,2,1,92.01065246,Arch
42,559,366,193,925,4,0,4,30,311,1,6,4.850988767,8533,3,142,2,902,896,6,46027,45303,724,326,324,2,1,92.01065246,Arch
42,364,557,193,921,1,1,2,29,101,1,6,4.843362421,8726,3,141,1,896,902,6,45303,46027,724,324,326,2,1,92.01065246,Arch
42,559,366,193,925,4,0,4,30,311,1,6,4.850988767,8533,3,143,3,902,896,6,46027,45303,724,326,324,2,1,92.01065246,Arch
42,364,557,193,921,1,1,2,29,101,1,6,4.843362421,8726,3,142,2,896,902,6,45303,46027,724,324,326,2,1,92.01065246,Arch
42,559,366,193,925,4,0,4,30,311,1,6,4.850988767,8533,3,144,4,902,896,6,46027,45303,724,326,324,2,0,92.01065246,Arch
42,364,557,193,921,1,1,2,29,101,1,6,4.843362421,8726,3,143,3,896,902,6,45303,46027,724,324,326,2,1,92.01065246,Arch
42,559,366,193,925,4,0,4,30,311,1,6,4.850988767,8533,3,1,0,902,896,6,46027,45303,724,326,324,2,1,92.01065246,Arch
42,364,557,193,921,1,1,2,29,101,1,6,4.843362421,8726,3,144,3,896,902,6,45303,46027,724,324,326,2,1,92.01065246,Arch
42,559,366,193,925,4,0,4,30,311,1,6,4.850988767,8533,3,146,4,902,896,6,46027,45303,724,326,324,2,1,92.01065246,Arch
42,364,557,193,921,1,1,2,29,101,1,6,4.843362421,8726,3,145,4,896,902,6,45303,46027,724,324,326,2,1,92.01065246,Arch
43,565,367,198,932,4,0,4,30,287,1,7,4.881877929,8813,3,108,0,936,929,7,46962,46192,770,340,338,2,1,92.01065246,Arch
42,364,557,193,921,1,1,2,29,125,1,6,4.843362421,8728,3,110,0,896,902,6,45335,46059,724,324,326,2,1,92.01065246,Arch
43,581,392,189,973,4,0,4,30,277,1,6,4.895232347,9364,3,109,1,1070,1065,5,51142,50460,682,358,356,2,1,92.01065246,Arch
42,364,557,193,921,1,1,2,29,125,1,6,4.843362421,8728,3,111,1,896,902,6,45335,46059,724,324,326,2,1,92.01065246,Arch
44,848,456,392,1304,5,0,5,30,272,1,7,4.594686626,9111,3,147,3,984,962,22,49139,47563,1576,354,343,11,1,94.65049929,Arch
43,371,563,192,934,1,1,2,29,124,1,6,4.881723341,8884,3,146,3,907,913,6,46099,46821,722,330,332,2,1,94.87179487,Arch
46,619,387,232,1006,6,0,6,30,272,1,7,4.977314567,9016,3,148,4,943,932,11,48027,47214,813,345,339,6,1,94.87179487,Arch
43,372,564,192,936,1,1,2,29,126,1,6,4.882995408,8894,3,147,4,909,915,6,46144,46858,714,332,334,2,1,94.87179487,Arch
43,566,374,192,940,4,0,4,30,275,1,6,4.890430373,8702,3,110,2,915,909,6,46858,46144,714,334,332,2,1,94.87179487,Arch
43,372,564,192,936,1,1,2,29,126,1,6,4.882995408,8894,3,112,2,909,915,6,46144,46858,714,332,334,2,1,94.87179487,Arch
45,787,382,405,1169,5,0,5,30,262,1,7,4.762599407,9394,3,149,5,999,978,21,50214,48526,1688,362,353,9,1,94.73684211,Arch
44,372,760,388,1132,1,2,3,29,120,1,6,4.70237838,9090,3,148,5,909,927,18,46144,47753,1609,332,341,9,1,94.73684211,Arch
46,759,385,374,1144,5,0,5,30,254,1,7,4.804778873,9609,3,150,6,1017,993,24,51202,49502,1700,367,360,7,1,94.897236,Arch
45,386,574,188,960,1,1,2,29,118,1,6,4.954078173,9271,3,150,7,938,944,6,48014,48724,710,344,346,2,1,95.04600142,Arch
45,576,388,188,964,4,0,4,30,260,1,6,4.961184327,9083,3,111,3,944,938,6,48724,48014,710,346,344,2,1,95.04600142,Arch
45,386,574,188,960,1,1,2,29,118,1,6,4.954078173,9271,3,113,3,938,944,6,48014,48724,710,344,346,2,1,95.04600142,Arch
46,580,391,189,971,4,0,4,30,254,1,6,4.98708123,9908,3,112,4,1112,1106,6,53801,53097,704,378,376,2,1,95.04600142,Arch
45,386,574,188,960,1,1,2,29,118,1,6,4.954078173,9271,3,114,4,938,944,6,48014,48724,710,344,346,2,1,95.04600142,Arch
45,576,388,188,964,4,0,4,30,260,1,6,4.961184327,9083,3,72,0,944,938,6,48724,48014,710,346,344,2,1,95.04600142,Arch
45,386,574,188,960,1,1,2,29,118,1,6,4.954078173,9271,3,72,0,938,944,6,48014,48724,710,344,346,2,1,95.04600142,Arch
50,644,401,243,1045,7,0,7,30,249,1,7,5.044301934,10969,3,151,6,1223,1213,10,58395,57358,1037,441,438,3,1,95.04600142,Arch
45,376,593,217,969,1,1,2,29,115,1,6,4.954397685,9310,3,151,7,939,948,9,48140,49029,889,344,347,3,1,95.04600142,Arch
46,648,390,258,1038,4,0,4,32,256,1,6,4.988561661,10363,3,113,5,1047,1038,9,53590,52701,889,395,392,3,1,95.04600142,Arch
45,376,593,217,969,1,1,2,29,115,1,6,4.954397685,9310,3,115,5,939,948,9,48140,49029,889,344,347,3,1,95.04600142,Arch
45,595,378,217,973,4,0,4,30,260,1,6,4.961492024,9126,3,152,7,957,948,9,49218,48329,889,347,344,3,1,95.04600142,Arch
3,105,27,78,132,0,0,0,20,90,1,2,0.886773218,1132,1,153,8,141,137,4,5446,5069,377,47,46,1,1,93.81944444,Arch
45,392,610,218,1002,1,1,2,29,114,1,6,4.981880032,9412,3,153,9,951,960,9,48655,49571,916,345,348,3,1,92.60726073,Arch
45,612,394,218,1006,4,0,4,30,260,1,6,4.988824095,9194,3,154,9,960,951,9,49571,48655,916,348,345,3,1,92.60726073,Arch
45,392,610,218,1002,1,1,2,29,114,1,6,4.981880032,9412,3,154,10,951,960,9,48655,49571,916,345,348,3,1,92.60726073,Arch
2,2,62,60,64,0,0,0,17,0,1,2,0.954434003,295,3,115,7,23,37,14,1124,1584,460,16,17,1,1,92.94195251,Arch
46,400,612,212,1012,1,1,2,29,110,1,7,4.99499006,10128,3,155,11,1023,1032,9,51604,52557,953,367,370,3,1,92.60726073,Arch
64,2206,1375,831,3581,8,0,8,30,223,1,7,4.99384801,13798,3,168,3,1538,1477,61,72913,69410,3503,564,528,36,1,91.28816083,Arch
1,53,17,36,70,0,0,0,2,161,1,1,0.0,194,2,75,2,30,24,6,1132,912,220,14,14,0,1,90.61102832,Arch
9,609,120,489,729,3,0,3,32,106,1,2,2.81178114,2532,1,76,3,391,345,46,14326,12251,2075,138,109,29,1,90.45151739,Arch
91,2114,4976,2862,7090,1,9,10,32,113,1,10,5.363451435,24501,0,73,0,2486,2814,328,105208,117877,12669,907,1042,135,1,90.47619048,Arch
92,4986,2128,2858,7114,20,0,20,35,236,1,11,5.381391984,21673,1,80,7,2815,2486,329,117927,105208,12719,1043,907,136,1,90.47619048,Arch
25,1539,134,1405,1673,12,0,12,30,131,1,4,3.996221296,6085,2,172,2,816,695,121,32672,26931,5741,263,215,48,1,90.60606061,Arch
107,2237,6509,4272,8746,1,19,20,32,96,1,10,5.716782068,28336,0,118,0,2781,3231,450,116023,134449,18426,975,1158,183,1,88.16242257,Arch
108,6497,2263,4234,8760,30,0,30,35,215,1,11,5.728487486,24132,1,126,1,3232,2781,451,134499,116023,18476,1159,975,184,1,88.16242257,Arch
108,2499,6518,4019,9017,2,20,22,32,104,1,10,5.743039375,28336,0,159,0,2797,3231,434,117679,134449,16770,983,1158,175,1,88.00827016,Arch
109,6547,2317,4230,8864,30,0,30,35,212,1,11,5.736760792,24385,1,173,3,3249,2797,452,136191,117679,18512,1167,983,184,1,88.09359945,Arch
108,2291,6559,4268,8850,1,20,21,32,104,1,10,5.725167634,28585,0,125,7,2797,3248,451,117679,136141,18462,983,1166,183,0,88.09359945,Arch
109,6581,2321,4260,8902,30,0,30,35,212,1,11,5.735401812,24385,1,174,4,3254,2797,457,136359,117679,18680,1168,983,185,1,88.09359945,Arch
109,2312,6611,4299,8923,1,20,21,32,111,1,10,5.719486026,28815,0,160,0,2834,3288,454,118422,137072,18650,988,1173,185,1,88.09359945,Arch
110,6583,2339,4244,8922,30,0,30,37,214,1,11,5.735291657,24602,1,85,1,3289,2835,454,137122,118493,18629,1174,989,185,1,88.09359945,Arch
112,2441,6797,4356,9238,1,20,21,32,108,1,11,5.787108716,29917,0,128,2,2954,3422,468,121291,140185,18894,1040,1233,193,0,88.09359945,Arch
113,7022,2581,4441,9603,30,0,30,40,204,1,12,5.815186662,25629,1,87,3,3432,2954,478,140620,121291,19329,1236,1040,196,2,88.66296981,Arch
1,0,236,236,236,0,1,1,2,83,1,1,0.0,236,2,128,1,0,8,8,0,1160,1160,0,4,4,1,97.1659919,Arch
20,761,208,553,969,3,0,3,41,138,1,4,2.541007111,7104,1,185,8,968,922,46,34395,32305,2090,378,341,37,1,95.59748428,Arch
2,133,0,133,133,2,0,2,1,0,1,1,0.998980274,0,1,234,4,7,0,7,436,0,436,6,0,6,1,94.45998881,Arch
70,1249,1175,74,2424,2,2,4,34,307,1,4,5.556300242,12022,3,233,0,1064,1049,15,64367,65815,1448,483,467,16,1,94.45998881,Arch
70,1175,1249,74,2424,2,0,2,35,324,1,4,5.556300242,12096,3,138,0,1049,1064,15,65815,64367,1448,467,483,16,1,94.45998881,Arch
70,1249,1175,74,2424,2,2,4,34,307,1,4,5.556300242,12022,3,140,1,1064,1049,15,64367,65815,1448,483,467,16,1,94.45998881,Arch
70,1175,1249,74,2424,2,0,2,35,324,1,4,5.556300242,12096,3,139,1,1049,1064,15,65815,64367,1448,467,483,16,1,94.45998881,Arch
82,1443,1478,35,2921,3,3,6,39,355,1,7,5.795875636,15796,3,141,2,1450,1440,10,82221,84252,2031,612,598,14,1,94.26183844,Arch
73,1393,1249,144,2642,5,0,5,40,317,1,5,5.599040315,14475,3,140,2,1353,1355,2,77262,74737,2525,561,572,11,1,94.26183844,Arch
73,1249,1393,144,2642,2,3,5,39,290,1,5,5.599040315,14619,3,142,3,1355,1353,2,74737,77262,2525,572,561,11,1,94.26183844,Arch
73,1393,1249,144,2642,5,0,5,40,317,1,5,5.599040315,14475,3,141,3,1353,1355,2,77262,74737,2525,561,572,11,1,94.26183844,Arch
74,1250,1394,144,2644,2,3,5,39,288,1,6,5.603738965,14994,3,143,2,1390,1388,2,76448,78978,2530,585,574,11,1,94.26183844,Arch
74,1411,1253,158,2664,5,0,5,40,315,1,6,5.61899099,14850,3,143,3,1390,1390,0,79068,76448,2620,574,585,11,1,94.26183844,Arch
74,1250,1394,144,2644,2,3,5,39,274,1,6,5.603738965,15008,3,144,3,1392,1390,2,76538,79068,2530,585,574,11,1,94.26183844,Arch
74,1394,1250,144,2644,5,0,5,40,315,1,6,5.603738965,14864,3,144,4,1390,1392,2,79068,76538,2530,574,585,11,1,94.26183844,Arch
74,1250,1394,144,2644,2,3,5,39,274,1,6,5.603738965,15008,3,145,4,1392,1390,2,76538,79068,2530,585,574,11,1,94.26183844,Arch
74,1394,1250,144,2644,5,0,5,40,315,1,6,5.603738965,14864,3,7,2,1390,1392,2,79068,76538,2530,574,585,11,2,94.26183844,Arch
74,1250,1394,144,2644,2,3,5,39,274,1,6,5.603738965,15008,3,5,0,1392,1390,2,76538,79068,2530,585,574,11,2,94.26183844,Arch
74,1394,1250,144,2644,5,0,5,40,315,1,6,5.603738965,14864,3,8,2,1390,1392,2,79068,76538,2530,574,585,11,1,94.26183844,Arch
74,1250,1394,144,2644,2,3,5,39,274,1,6,5.603738965,15008,3,6,1,1392,1390,2,76538,79068,2530,585,574,11,1,94.26183844,Arch
90,1915,1269,646,3184,8,0,8,40,385,1,7,5.766677324,16360,3,145,5,1646,1571,75,90626,84410,6216,741,707,34,1,92.66365688,Arch
90,1269,1915,646,3184,2,4,6,39,369,1,7,5.766677324,17008,3,234,0,1571,1646,75,84416,90632,6216,707,741,34,1,92.66365688,Arch
95,1954,1292,662,3246,8,0,8,41,370,1,7,5.813557813,18632,3,237,1,1921,1845,76,99594,93265,6329,845,811,34,1,92.66365688,Arch
95,1292,1954,662,3246,2,4,6,40,346,1,7,5.813557813,19294,3,146,5,1845,1921,76,93265,99594,6329,811,845,34,1,92.66365688,Arch
90,1913,1259,654,3172,8,0,8,40,386,1,7,5.762625368,16360,3,238,2,1646,1571,75,90701,84436,6265,741,707,34,1,92.66365688,Arch
90,1259,1913,654,3172,2,4,6,39,374,1,7,5.762625368,17014,3,236,2,1571,1646,75,84436,90701,6265,707,741,34,1,92.66365688,Arch
98,2333,1286,1047,3619,12,0,12,40,374,1,10,5.82582156,18407,3,18,0,1956,1831,125,101577,93669,7908,835,791,44,1,92.30769231,Arch
2,243,0,243,243,2,0,2,1,0,1,2,0.914125521,0,1,19,1,23,0,23,793,0,793,8,0,8,1,95.63132658,Arch
34,3220,0,3220,3220,34,0,34,1,0,1,3,4.541918654,0,1,150,0,442,0,442,15754,0,15754,161,0,161,1,96.18514751,Arch
142,1321,6082,4761,7403,2,39,41,48,243,1,16,6.330163519,27229,1,149,0,2420,3034,614,113354,139194,25840,990,1211,221,1,88.12834225,Arch
142,6079,1321,4758,7400,51,0,51,49,295,1,16,6.330685325,22468,2,154,3,3034,2420,614,139194,113354,25840,1211,990,221,1,88.12834225,Arch
156,1347,7480,6133,8827,2,42,44,48,231,1,18,6.254824593,31630,1,104,0,2738,3453,715,126839,158139,31300,1112,1371,259,1,87.96592119,Arch
156,7480,1347,6133,8827,58,0,58,49,281,1,18,6.254824593,25497,2,239,0,3453,2738,715,158139,126839,31300,1371,1112,259,1,87.96592119,Arch
156,1347,7480,6133,8827,2,42,44,48,231,1,18,6.254824593,31630,1,150,0,2738,3453,715,126839,158139,31300,1112,1371,259,0,87.96592119,Arch
156,7480,1347,6133,8827,58,0,58,49,281,1,18,6.254824593,25497,2,241,2,3453,2738,715,158139,126839,31300,1371,1112,259,1,87.96592119,Arch
160,1672,7502,5830,9174,3,42,45,49,228,1,18,6.287514568,33572,1,238,1,3023,3705,682,136589,166286,29697,1222,1470,248,1,87.87234043,Arch
157,7482,1350,6132,8832,58,0,58,50,280,1,18,6.257741387,26066,2,243,4,3529,2813,716,160849,129527,31322,1385,1126,259,1,87.99149841,Arch
158,1353,7536,6183,8889,2,42,44,49,230,1,18,6.267561095,33569,1,239,1,3002,3726,724,136190,167798,31608,1175,1436,261,1,87.99149841,Arch
179,8741,1618,7123,10359,67,0,67,50,274,1,24,6.48310507,28937,2,158,0,3944,3111,833,180587,144562,36025,1553,1225,328,1,86.63567693,Arch
178,1649,8721,7072,10370,2,51,53,49,225,1,24,6.467878355,34728,1,105,0,2929,3754,825,138152,173893,35741,1177,1503,326,1,86.63567693,Arch
178,8686,1614,7072,10300,67,0,67,50,273,1,24,6.474487668,27656,2,159,1,3754,2929,825,173893,138152,35741,1503,1177,326,1,86.63567693,Arch
57,2884,1245,1639,4129,17,0,17,51,354,1,6,3.638941343,17123,3,160,2,2222,1993,229,84916,77578,7338,851,752,99,1,92.99204771,Arch
149,18913,0,18913,18913,149,0,149,1,0,1,37,6.676890144,0,1,245,0,1748,0,1748,84443,0,84443,912,0,912,1,79.33715221,Arch
361,2856,30480,27624,33336,1,208,209,49,92,1,62,7.560094372,64044,1,7,0,4097,6899,2802,175471,302993,127522,1608,2945,1337,1,72.36414306,Arch
363,30460,2834,27626,33294,230,0,230,51,149,1,63,7.563574318,36803,2,246,1,6937,4135,2802,304919,177386,127533,2960,1623,1337,1,72.34544597,Arch
363,2873,30495,27622,33368,1,208,209,49,93,1,63,7.564045797,64432,1,106,0,4137,6937,2800,177433,304932,127499,1623,2960,1337,1,72.34544597,Arch
363,30464,2835,27629,33299,230,0,230,51,150,1,63,7.563587663,36810,2,107,0,6939,4137,2802,304979,177433,127546,2960,1623,1337,1,72.34544597,Arch
363,2863,30489,27626,33352,1,208,209,49,94,1,63,7.562833949,64469,1,151,0,4143,6945,2802,177625,305149,127524,1624,2961,1337,0,72.39755064,Arch
363,30474,2833,27641,33307,230,0,230,51,149,1,63,7.563293017,36843,2,163,2,6947,4143,2804,305256,177625,127631,2961,1624,1337,1,72.39755064,Arch
363,2885,30602,27717,33487,1,208,209,49,93,1,63,7.56712922,64563,1,152,1,4145,6960,2815,177641,305571,127930,1624,2965,1341,1,72.39755064,Arch
363,30572,2855,27717,33427,229,0,229,51,147,1,63,7.567527214,36846,2,248,0,6960,4145,2815,305571,177641,127930,2965,1624,1341,1,72.39755064,Arch
363,2885,30602,27717,33487,1,208,209,49,93,1,63,7.56712922,64563,1,240,0,4145,6960,2815,177641,305571,127930,1624,2965,1341,1,72.39755064,Arch
364,30631,2858,27773,33489,228,0,228,51,151,1,63,7.573230529,36971,2,165,0,6983,4161,2822,306145,177923,128222,2974,1630,1344,1,72.39755064,Arch
364,2903,30614,27711,33517,1,208,209,49,101,1,63,7.570918513,64744,1,153,0,4168,6983,2815,178273,306145,127872,1633,2974,1341,1,72.39755064,Arch
364,30672,2890,27782,33562,228,0,228,51,150,1,63,7.576861086,37033,2,166,1,6993,4168,2825,306551,178273,128278,2975,1633,1342,1,72.39755064,Arch
364,2910,30619,27709,33529,1,208,209,49,106,1,63,7.571249136,64815,1,154,1,4178,6993,2815,178677,306551,127874,1634,2975,1341,1,72.39755064,Arch
364,30600,2880,27720,33480,228,0,228,51,150,1,63,7.571679916,37106,2,109,0,6996,4178,2818,306621,178677,127944,2975,1634,1341,1,72.39755064,Arch
364,2910,30635,27725,33545,1,207,208,49,105,1,63,7.571089822,64830,1,18,0,4178,6997,2819,178671,306627,127956,1634,2975,1341,1,72.39755064,Arch
364,30605,2880,27725,33485,228,0,228,51,150,1,63,7.571489746,37105,2,20,0,6997,4178,2819,306627,178671,127956,2975,1634,1341,1,72.39755064,Arch
364,2910,30637,27727,33547,1,208,209,49,100,1,63,7.571138645,64895,1,155,2,4183,7002,2819,179018,306976,127958,1635,2976,1341,1,72.39755064,Arch
364,30607,2880,27727,33487,228,0,228,51,149,1,63,7.571538478,37168,2,168,1,7002,4183,2819,306976,179018,127958,2976,1635,1341,1,72.39755064,Arch
364,2910,30637,27727,33547,1,208,209,49,100,1,63,7.571138645,64895,1,156,1,4183,7002,2819,179018,306976,127958,1635,2976,1341,1,72.39755064,Arch
364,30607,2880,27727,33487,228,0,228,51,149,1,63,7.571538478,37168,2,169,2,7002,4183,2819,306976,179018,127958,2976,1635,1341,1,72.39755064,Arch
364,2910,30637,27727,33547,1,208,209,49,100,1,63,7.571138645,64895,1,157,2,4183,7002,2819,179018,306976,127958,1635,2976,1341,1,72.39755064,Arch
364,30763,2994,27769,33757,228,0,228,51,149,1,63,7.575677579,37168,2,170,3,7009,4183,2826,307251,179018,128233,2977,1635,1342,1,72.39755064,Arch
364,2909,30635,27726,33544,1,208,209,49,99,1,63,7.571096756,64937,1,158,3,4190,7009,2819,179300,307251,127951,1636,2977,1341,1,72.39755064,Arch
364,30605,2879,27726,33484,228,0,228,51,149,1,63,7.571496782,37211,2,249,0,7009,4190,2819,307251,179300,127951,2977,1636,1341,1,72.39755064,Arch
364,2909,30635,27726,33544,1,208,209,49,99,1,63,7.571096756,64937,1,241,0,4190,7009,2819,179300,307251,127951,1636,2977,1341,1,72.39755064,Arch
364,30610,2884,27726,33494,228,0,228,51,147,1,63,7.57234045,37237,2,250,1,7011,4192,2819,307401,179450,127951,2978,1637,1341,1,72.39755064,Arch
364,2914,30640,27726,33554,1,208,209,49,98,1,63,7.571939804,64963,1,243,2,4192,7011,2819,179450,307401,127951,1637,2978,1341,1,72.39755064,Arch
364,30610,2884,27726,33494,228,0,228,51,147,1,63,7.57234045,37237,2,252,3,7011,4192,2819,307401,179450,127951,2978,1637,1341,1,72.39755064,Arch
364,2914,30640,27726,33554,1,208,209,49,98,1,63,7.571939804,64963,1,244,3,4192,7011,2819,179450,307401,127951,1637,2978,1341,1,72.39755064,Arch
364,30662,2889,27773,33551,228,0,228,51,147,1,63,7.57431001,37237,2,112,0,7018,4192,2826,307828,179450,128378,2980,1637,1343,1,72.39755064,Arch
364,2914,30687,27773,33601,1,208,209,49,97,1,63,7.572608883,65010,1,107,0,4192,7018,2826,179447,307828,128381,1637,2980,1343,1,72.39755064,Arch
367,30663,2890,27773,33553,228,0,228,51,152,1,64,7.574798305,38048,2,113,1,7097,4271,2826,311957,183577,128380,3018,1675,1343,1,72.39755064,Arch
367,2920,30693,27773,33613,1,208,209,49,99,1,64,7.574398503,65821,1,159,0,4271,7097,2826,183577,311957,128380,1675,3018,1343,0,72.39755064,Arch
367,30663,2890,27773,33553,228,0,228,51,152,1,64,7.574798305,38048,2,114,2,7097,4271,2826,311957,183577,128380,3018,1675,1343,1,72.39755064,Arch
371,3554,31625,28071,35179,1,207,208,49,99,1,64,7.581973921,66480,1,160,0,4315,7170,2855,185302,314615,129313,1687,3056,1369,0,73.04997665,Arch
371,31591,3520,28071,35111,229,0,229,51,153,1,64,7.582548293,38409,2,173,1,7170,4315,2855,314615,185302,129313,3056,1687,1369,0,73.04997665,Arch
7,467,83,384,550,5,0,5,48,16,1,3,2.700141943,2785,1,116,0,309,284,25,12478,11245,1233,126,108,18,1,97.97901283,Arch
379,3644,32206,28562,35850,1,216,217,49,99,1,66,7.618913828,67195,1,245,0,4342,7231,2889,186278,317364,131086,1697,3089,1392,1,71.6285581,Arch
379,32172,3610,28562,35782,235,0,235,51,162,1,66,7.619506934,38633,2,256,1,7231,4342,2889,317364,186278,131086,3089,1697,1392,1,71.6285581,Arch
382,3646,32318,28672,35964,1,217,218,49,99,1,67,7.626866498,68210,1,8,0,4447,7340,2893,189537,321224,131687,1742,3136,1394,1,71.32834425,Arch
382,32284,3612,28672,35896,236,0,236,51,164,1,67,7.6274641,39538,2,14,1,7340,4447,2893,321224,189537,131687,3136,1742,1394,1,71.32834425,Arch
382,3646,32318,28672,35964,1,217,218,49,99,1,67,7.626866498,68210,1,10,2,4447,7340,2893,189537,321224,131687,1742,3136,1394,1,71.32834425,Arch
382,32292,3609,28683,35901,236,0,236,51,164,1,67,7.626598301,39538,2,118,0,7343,4447,2896,321265,189537,131728,3137,1742,1395,1,71.32834425,Arch
381,3641,32321,28680,35962,2,217,219,49,104,1,67,7.62504965,67976,1,108,0,4427,7323,2896,189014,320731,131717,1727,3122,1395,2,71.22708039,Arch
381,32271,3705,28566,35976,235,0,235,51,154,1,66,7.62517737,40263,2,174,0,7421,4532,2889,324626,193420,131206,3135,1745,1390,1,71.45539906,Arch
381,3758,31242,27484,35000,1,214,215,49,117,1,66,7.644888451,68674,1,246,0,4603,7419,2816,196815,324082,127267,1777,3136,1359,1,71.69634489,Arch
377,31059,3714,27345,34773,232,0,232,51,152,1,66,7.632542447,40785,2,120,0,7368,4561,2807,322007,195322,126685,3106,1751,1355,1,71.69634489,Arch
377,3744,31089,27345,34833,2,214,216,49,120,1,66,7.631968194,68130,1,110,1,4561,7368,2807,195322,322007,126685,1751,3106,1355,1,71.69634489,Arch
377,31055,3800,27255,34855,232,0,232,51,152,1,66,7.632707901,40875,2,175,0,7368,4571,2797,322007,195883,126124,3106,1756,1350,1,71.69634489,Arch
377,3869,31098,27229,34967,2,214,216,49,123,1,66,7.631831215,68130,1,116,4,4577,7368,2791,195965,322007,126042,1757,3106,1349,1,71.69634489,Arch
377,31068,3839,27229,34907,232,0,232,51,152,1,66,7.632393499,40901,2,260,0,7368,4577,2791,322007,195965,126042,3106,1757,1349,1,71.69634489,Arch
207,0,31076,31076,31076,0,173,173,15,654,1,45,7.163916433,31070,2,124,0,0,3037,3037,0,136945,136945,0,1460,1460,1,72.82913165,Arch
4,524,0,524,524,4,0,4,1,0,1,2,1.790414811,0,1,16,1,45,0,45,2213,0,2213,22,0,22,1,94.2949408,Arch
4,185,13,172,198,2,0,2,32,194,1,3,1.825666607,1665,2,1,1,219,202,17,9107,7910,1197,70,66,4,1,96.27236581,Arch
2,27,0,27,27,2,0,2,19,104,1,2,0.380946586,801,2,2,0,90,89,1,3731,3527,204,35,34,1,1,95.84647739,Arch
1,24,0,24,24,1,0,1,1,0,1,1,0.0,0,1,4,2,1,0,1,29,0,29,1,0,1,1,97.73480663,Arch
14,697,123,574,820,4,0,4,48,177,1,5,3.263123153,5984,2,128,0,799,708,91,29223,25842,3381,307,279,28,3,97.61634506,Arch
314,15681,14002,1679,29683,55,37,92,49,249,1,40,7.196815948,53445,1,0,0,6239,6225,14,255543,254778,765,2439,2409,30,1,77.73183698,Arch
314,13814,15945,2131,29759,59,54,113,54,648,1,40,7.206321938,55618,2,129,1,6231,6239,8,255125,255543,418,2414,2439,25,1,77.73183698,Arch
314,15789,14125,1664,29914,55,55,110,49,253,1,40,7.211532782,53487,1,117,0,6242,6231,11,255657,255125,532,2442,2414,28,1,77.73183698,Arch
314,13814,15945,2131,29759,59,54,113,54,650,1,40,7.206321938,55645,2,130,2,6234,6242,8,255239,255657,418,2417,2442,25,1,77.73183698,Arch
314,15759,14122,1637,29881,55,55,110,49,255,1,40,7.208350224,53524,1,162,0,6244,6236,8,255694,255278,416,2442,2417,25,1,77.73183698,Arch
314,13820,15949,2129,29769,59,54,113,54,649,1,40,7.206565354,55655,2,182,2,6237,6244,7,255292,255694,402,2417,2442,25,1,77.73183698,Arch
314,15760,14122,1638,29882,55,55,110,49,253,1,40,7.208375582,53526,1,163,1,6245,6237,8,255708,255292,416,2442,2417,25,1,77.73183698,Arch
315,13892,16001,2109,29893,59,54,113,54,629,1,40,7.221155703,55828,2,3,0,6254,6258,4,255982,256243,261,2426,2451,25,1,77.73183698,Arch
315,15818,14208,1610,30026,55,55,110,49,252,1,40,7.224108665,53747,1,11,0,6260,6256,4,256329,256069,260,2452,2427,25,1,78.06379407,Arch
315,13901,16005,2104,29906,59,54,113,54,626,1,40,7.222177003,55851,2,267,0,6256,6260,4,256069,256329,260,2427,2452,25,1,78.06379407,Arch
332,15980,17262,1282,33242,55,68,123,49,229,1,42,7.346261599,56936,1,1,0,6281,6635,354,257464,270353,12889,2455,2580,125,1,77.09713024,Arch
332,16964,16176,788,33140,75,54,129,54,595,1,42,7.344309378,56148,2,5,0,6635,6281,354,270353,257464,12889,2580,2455,125,1,77.09713024,Arch
5,20,25,5,45,0,0,0,33,269,1,1,2.276872177,1298,4,276,7,128,128,0,7107,7081,26,35,35,0,1,96.12159329,Arch
345,16030,19935,3905,35965,55,70,125,49,222,1,42,7.429615063,60004,1,248,0,6331,6986,655,259716,283793,24077,2458,2691,233,1,76.60320641,Arch
347,19935,16030,3905,35965,101,54,155,57,561,1,42,7.43943615,56099,2,187,0,6986,6335,651,283793,259849,23944,2691,2460,231,1,76.60320641,Arch
351,16320,20549,4229,36869,57,96,153,49,218,1,42,7.448985871,60906,1,2,0,6411,7089,678,262639,287780,25141,2493,2746,253,2,76.20253165,Arch
351,20516,16287,4229,36803,104,56,160,57,571,1,42,7.451041449,56677,2,194,7,7085,6415,670,287652,262772,24880,2742,2495,247,1,76.20253165,Arch
352,16373,20589,4216,36962,57,97,154,49,224,1,42,7.449143996,61098,1,249,0,6425,7102,677,263824,288959,25135,2498,2751,253,1,76.20010106,Arch
355,20927,16358,4569,37285,107,56,163,57,575,1,42,7.465876767,56954,2,296,5,7146,6439,707,291244,264226,27018,2781,2506,275,1,75.93152064,Arch
355,16395,20968,4573,37363,57,99,156,49,213,1,42,7.465906057,61523,1,3,0,6432,7150,718,264059,291372,27313,2504,2785,281,1,75.93152064,Arch
355,20935,16342,4593,37277,107,56,163,57,568,1,42,7.467961649,56950,2,298,6,7150,6436,714,291364,264192,27172,2782,2506,276,1,75.93152064,Arch
355,16386,20956,4570,37342,57,99,156,49,233,1,42,7.46500183,61543,1,250,1,6436,7154,718,264186,291492,27306,2505,2786,281,1,75.95381526,Arch
355,20922,16340,4582,37262,107,56,163,57,568,1,42,7.464901865,56973,2,299,7,7154,6440,714,291486,264319,27167,2782,2507,275,1,75.95381526,Arch
355,16392,20981,4589,37373,57,98,155,49,233,1,42,7.463926901,61562,1,164,0,6436,7160,724,264186,291642,27456,2505,2787,282,1,75.95381526,Arch
355,20935,16346,4589,37281,107,56,163,57,568,1,42,7.464702696,56973,2,195,0,7156,6440,716,291514,264319,27195,2783,2507,276,1,75.95381526,Arch
355,16392,20969,4577,37361,57,97,154,49,233,1,42,7.463779433,61551,1,165,1,6436,7162,726,264197,291594,27397,2505,2792,287,1,75.95381526,Arch
355,20919,16346,4573,37265,107,56,163,57,568,1,42,7.464266116,56978,2,197,2,7158,6441,717,291466,264360,27106,2788,2507,281,1,75.95381526,Arch
355,16391,20964,4573,37355,57,99,156,50,236,1,42,7.463604705,61551,1,166,1,6437,7162,725,264228,291594,27366,2505,2792,287,1,75.95381526,Arch
355,20919,16346,4573,37265,107,56,163,57,568,1,42,7.464266116,56978,2,301,0,7158,6441,717,291466,264361,27105,2788,2507,281,1,75.95381526,Arch
355,16391,21046,4655,37437,57,98,155,50,239,1,42,7.461989596,61654,1,6,0,6440,7174,734,264439,292106,27667,2506,2797,291,1,75.95381526,Arch
355,21022,16351,4671,37373,107,56,163,57,567,1,42,7.462468053,56999,2,304,3,7173,6444,729,292068,264572,27496,2793,2508,285,1,75.95381526,Arch
357,16398,21301,4903,37699,57,100,157,50,238,1,42,7.474415945,61903,1,167,0,6440,7200,760,264442,293218,28776,2506,2814,308,1,76.13365155,Arch
357,21302,16353,4949,37655,109,56,165,57,535,1,42,7.474845075,57000,2,305,3,7201,6444,757,293430,264575,28855,2811,2508,303,1,76.13365155,Arch
358,16416,21728,5312,38144,57,99,156,50,246,1,42,7.466752736,62430,1,7,0,6449,7240,791,265042,296577,31535,2509,2828,319,1,76.52259332,Arch
358,21683,16369,5314,38052,109,56,165,57,536,1,42,7.467011672,57133,2,17,2,7237,6454,783,296535,265252,31283,2824,2511,313,1,76.52259332,Arch
358,16414,21728,5314,38142,57,101,158,50,248,1,42,7.466427894,62447,1,168,0,6450,7241,791,265119,296663,31544,2509,2828,319,1,76.52259332,Arch
358,21683,16387,5296,38070,109,56,165,57,536,1,42,7.466467101,57151,2,315,6,7237,6454,783,296535,265252,31283,2824,2511,313,0,76.52259332,Arch
359,16514,21766,5252,38280,58,101,159,50,264,1,42,7.472229295,62447,1,171,0,6452,7241,789,265300,296663,31363,2510,2828,318,1,76.40232108,Arch
8,428,11,417,439,2,0,2,39,1200,1,4,1.17750897,2811,4,177,1,425,389,36,14424,12514,1910,163,144,19,1,94.34940384,Arch
13,0,0,0,0,13,0,13,1,0,1,6,0.0,2334,1,3,1,259,259,0,8820,8820,0,114,114,0,1,93.75928678,Arch
90,2,2,0,4,89,0,89,1,0,1,17,0.0,11071,1,4,0,1151,1151,0,50951,50951,0,440,440,0,1,87.64805415,Arch
40,0,0,0,0,40,0,40,1,0,1,4,0.0,6540,1,7,1,1066,1066,0,32263,32263,0,444,444,0,1,95.31039136,Arch
355,0,0,0,0,355,0,355,1,0,4,23,0.0,77825,1,8,0,8342,8342,0,366061,366061,0,3386,3386,0,1,43.18272691,Arch
146,0,0,0,0,146,0,146,1,0,1,8,0.0,30484,1,9,0,3042,3042,0,148087,148087,0,1228,1228,0,1,73.19545823,Arch
23,430,478,48,908,0,0,0,44,448,1,3,2.891217309,6193,4,200,6,656,655,1,34299,34586,287,203,204,1,1,94.39676931,Arch
8,256,297,41,553,1,0,1,44,136,1,3,2.589994214,4744,2,202,8,630,636,6,22971,23121,150,196,196,0,1,95.30776993,Arch
78,3420,1000,2420,4420,28,2,30,53,415,1,14,4.465434076,24269,4,298,6,3498,3019,479,127809,116674,11135,1113,1009,104,1,95.83530525,Arch
81,1025,3433,2408,4458,4,7,11,55,704,1,15,4.501965947,27333,4,299,7,3082,3557,475,119831,130844,11013,1034,1138,104,1,95.83530525,Arch
78,3420,1000,2420,4420,28,2,30,54,415,1,14,4.465434076,24281,4,299,7,3501,3022,479,127916,116781,11135,1113,1009,104,1,95.83530525,Arch
78,1009,3436,2427,4445,3,7,10,55,736,1,14,4.472363773,26708,4,204,9,3022,3503,481,116781,127944,11163,1009,1114,105,1,95.83530525,Arch
78,3418,1001,2417,4419,28,2,30,55,412,1,14,4.464878644,24291,4,12,1,3503,3025,478,127944,116830,11114,1114,1010,104,1,95.83530525,Arch
79,1095,3524,2429,4619,3,7,10,56,718,1,15,4.527974645,26868,4,300,2,3054,3530,476,117696,128869,11173,1019,1118,99,1,95.83530525,Arch
78,3418,1001,2417,4419,28,2,30,55,412,1,14,4.464878644,24291,4,300,2,3503,3025,478,127944,116830,11114,1114,1010,104,1,95.83530525,Arch
78,1005,3421,2416,4426,3,7,10,56,736,1,14,4.465869881,26708,4,205,6,3025,3503,478,116841,127944,11103,1010,1114,104,1,95.83530525,Arch
78,3418,1001,2417,4419,28,2,30,55,411,1,14,4.464878644,24292,4,196,1,3503,3025,478,127955,116841,11114,1114,1010,104,1,95.83530525,Arch
78,1003,3420,2417,4423,3,7,10,56,736,1,14,4.464059778,26709,4,206,2,3025,3503,478,116841,127955,11114,1010,1114,104,1,95.83530525,Arch
78,3418,1001,2417,4419,28,2,30,55,411,1,14,4.464878644,24292,4,197,2,3503,3025,478,127955,116841,11114,1114,1010,104,1,95.83530525,Arch
78,1003,3420,2417,4423,3,7,10,56,736,1,14,4.464059778,26709,4,207,3,3025,3503,478,116841,127955,11114,1010,1114,104,1,95.83530525,Arch
78,3418,1001,2417,4419,28,2,30,55,411,1,14,4.464878644,24292,4,199,4,3503,3025,478,127955,116841,11114,1114,1010,104,1,95.83530525,Arch
78,1051,3491,2440,4542,3,7,10,56,736,1,14,4.498292191,26709,4,15,1,3020,3503,483,116796,127955,11159,1011,1114,103,1,95.83530525,Arch
78,3488,1048,2440,4536,28,2,30,55,411,1,14,4.498892421,24269,4,301,0,3503,3020,483,127955,116796,11159,1114,1011,103,1,95.83530525,Arch
83,1058,4877,3819,5935,3,10,13,56,737,1,14,4.743646826,27323,4,209,1,2935,3567,632,112863,130800,17937,979,1136,157,1,94.97652582,Arch
88,5143,1316,3827,6459,29,2,31,55,457,1,14,4.957075076,24451,4,302,1,3686,3059,627,134537,116738,17799,1183,1031,152,1,94.97652582,Arch
88,1319,5146,3827,6465,3,13,16,56,724,1,14,4.956573466,28278,4,211,2,3059,3686,627,116738,134537,17799,1031,1183,152,1,94.97652582,Arch
88,5143,1316,3827,6459,29,2,31,55,457,1,14,4.957075076,24451,4,303,2,3686,3059,627,134537,116738,17799,1183,1031,152,0,94.97652582,Arch
112,1514,5412,3898,6926,5,13,18,56,726,1,15,5.116467404,33736,4,212,3,3797,4429,632,146183,164490,18307,1249,1403,154,1,94.88262911,Arch
119,5589,1814,3775,7403,42,2,44,55,525,1,15,5.230812169,30889,4,13,0,4506,3880,626,168937,151418,17519,1448,1302,146,1,94.88262911,Arch
119,1762,5515,3753,7277,6,13,19,56,669,1,15,5.22102949,34664,4,16,1,3883,4506,623,151627,168937,17310,1303,1448,145,1,94.88262911,Arch
124,5628,1801,3827,7429,43,2,45,55,521,1,15,5.265810099,31508,4,304,3,4576,3951,625,171782,154171,17611,1469,1321,148,1,94.78383459,Arch
123,1782,5592,3810,7374,6,14,20,56,647,1,15,5.267827525,35094,4,304,3,3942,4564,622,153016,170537,17521,1315,1463,148,1,94.78383459,Arch
124,5739,1796,3943,7535,44,2,46,55,519,1,15,5.300699847,31284,4,14,1,4581,3942,639,171175,153016,18159,1474,1315,159,1,94.60347255,Arch
124,1793,5600,3807,7393,6,14,20,56,645,1,15,5.270197103,35227,4,17,1,3959,4581,622,153659,171175,17516,1326,1474,148,1,94.79850047,Arch
2,110,10,100,120,1,0,1,10,52,1,2,0.934068055,317,1,223,14,61,55,6,1823,1439,384,23,17,6,1,97.72925764,Arch
124,5592,1785,3807,7377,43,2,45,55,519,1,15,5.271044321,31442,4,200,0,4583,3961,622,171216,153700,17516,1476,1328,148,1,94.42609414,Arch
124,1852,5595,3743,7447,6,14,20,56,644,1,15,5.280052081,35295,4,305,3,3972,4588,616,154342,171556,17214,1332,1477,145,1,94.29987608,Arch
124,5586,1734,3852,7320,43,2,45,55,522,1,15,5.25590775,31552,4,306,4,4599,3972,627,172198,154342,17856,1481,1332,149,1,94.34585225,Arch
124,1747,5587,3840,7334,6,14,20,56,644,1,15,5.248527303,35638,4,18,2,3984,4610,626,156083,173877,17794,1338,1486,148,3,95.16334323,Arch
124,5580,1740,3840,7320,43,2,45,55,520,1,15,5.250041543,31798,4,307,5,4610,3984,626,173877,156083,17794,1486,1338,148,0,95.16334323,Arch
124,1744,5570,3826,7314,6,14,20,56,644,1,15,5.249293059,35638,4,224,2,3990,4610,620,156190,173877,17687,1338,1486,148,1,95.16334323,Arch
128,5701,1738,3963,7439,46,2,48,55,532,1,15,5.306865276,32238,4,16,2,4670,4039,631,176384,158047,18337,1517,1364,153,1,95.08266214,Arch
124,1744,5570,3826,7314,6,14,20,56,644,1,15,5.249293059,35645,4,19,2,3991,4611,620,156212,173899,17687,1339,1487,148,1,95.17153748,Arch
124,5580,1737,3843,7317,43,2,45,55,520,1,15,5.261501974,31819,4,17,2,4612,3991,621,173985,156212,17773,1487,1339,148,1,95.17153748,Arch
124,1744,5570,3826,7314,6,14,20,56,645,1,15,5.249293059,35662,4,20,2,3992,4612,620,156298,173985,17687,1339,1487,148,1,95.17153748,Arch
124,5563,1737,3826,7300,43,2,45,55,520,1,15,5.25078653,31836,4,308,3,4612,3992,620,173985,156298,17687,1487,1339,148,0,95.17153748,Arch
124,1744,5570,3826,7314,6,14,20,56,645,1,15,5.249293059,35662,4,306,1,3992,4612,620,156298,173985,17687,1339,1487,148,1,95.17153748,Arch
124,5563,1737,3826,7300,43,2,45,55,520,1,15,5.25078653,31836,4,310,5,4612,3992,620,173985,156298,17687,1487,1339,148,1,95.17153748,Arch
124,1744,5570,3826,7314,6,14,20,56,645,1,15,5.249293059,35662,4,225,0,3992,4612,620,156298,173985,17687,1339,1487,148,1,95.17153748,Arch
124,5563,1737,3826,7300,43,2,45,55,520,1,15,5.25078653,31836,4,311,0,4612,3992,620,173985,156298,17687,1487,1339,148,1,95.17153748,Arch
124,1744,5570,3826,7314,6,14,20,56,645,1,15,5.249293059,35662,4,308,1,3992,4612,620,156298,173985,17687,1339,1487,148,1,95.17153748,Arch
124,5563,1737,3826,7300,43,2,45,55,520,1,15,5.25078653,31836,4,312,1,4612,3992,620,173985,156298,17687,1487,1339,148,1,95.17153748,Arch
124,1744,5570,3826,7314,6,14,20,56,645,1,15,5.249293059,35662,4,310,3,3992,4612,620,156298,173985,17687,1339,1487,148,1,95.17153748,Arch
124,5563,1737,3826,7300,43,2,45,55,520,1,15,5.25078653,31836,4,313,2,4612,3992,620,173985,156298,17687,1487,1339,148,1,95.17153748,Arch
124,1744,5570,3826,7314,6,14,20,56,645,1,15,5.249293059,35662,4,311,4,3992,4612,620,156298,173985,17687,1339,1487,148,1,95.17153748,Arch
124,5563,1737,3826,7300,43,2,45,55,520,1,15,5.25078653,31836,4,314,3,4612,3992,620,173985,156298,17687,1487,1339,148,1,95.17153748,Arch
124,1857,5576,3719,7433,6,14,20,56,645,1,15,5.271655033,35662,4,312,5,3994,4612,618,157097,173985,16888,1341,1487,146,1,95.17153748,Arch
124,5563,1737,3826,7300,43,2,45,55,520,1,15,5.25078653,31943,4,315,4,4614,3994,620,174784,157097,17687,1489,1341,148,1,95.17153748,Arch
124,1819,5601,3782,7420,6,14,20,56,646,1,15,5.268281799,35769,4,313,6,3997,4614,617,157510,174784,17274,1341,1489,148,1,94.87505294,Arch
124,5563,1737,3826,7300,43,2,45,55,527,1,15,5.25078653,31987,4,316,5,4617,3997,620,175197,157510,17687,1489,1341,148,1,95.03816794,Arch
124,1744,5570,3826,7314,6,14,20,56,646,1,15,5.249293059,35813,4,226,1,3997,4617,620,157512,175197,17685,1341,1489,148,1,95.03816794,Arch
124,5563,1737,3826,7300,43,2,45,55,527,1,15,5.25078653,31987,4,202,1,4617,3997,620,175197,157512,17685,1489,1341,148,1,95.03816794,Arch
125,1744,5611,3867,7355,6,15,21,56,647,1,15,5.269786543,35854,4,228,3,3997,4619,622,157512,175339,17827,1341,1490,149,1,94.94906621,Arch
135,5971,2588,3383,8559,45,5,50,55,497,1,19,5.472684395,34273,4,319,8,4755,4178,577,183779,167517,16262,1536,1416,120,1,93.69519833,Arch
135,2555,5869,3314,8424,9,16,25,56,698,1,19,5.44472596,37656,4,314,7,4185,4755,570,167901,183783,15882,1417,1536,119,1,88.47262248,Arch
135,5862,2548,3314,8410,45,5,50,55,497,1,19,5.446008007,34342,4,321,10,4755,4185,570,183783,167901,15882,1536,1417,119,0,88.47262248,Arch
135,2730,6001,3271,8731,9,16,25,56,699,1,19,5.468696164,37656,4,139,0,4189,4755,566,167800,183783,15983,1421,1536,115,1,88.47262248,Arch
138,6077,2780,3297,8857,46,5,51,55,497,1,20,5.515581371,34685,4,203,1,4771,4205,566,185564,169534,16030,1544,1428,116,1,87.57961783,Arch
135,2753,6006,3253,8759,8,16,24,56,701,1,19,5.472791084,37619,4,235,9,4188,4752,564,167782,183633,15851,1420,1535,115,1,89.42518649,Arch
135,5994,2741,3253,8735,44,5,49,55,495,1,19,5.474714459,34366,4,204,1,4752,4188,564,183633,167782,15851,1535,1420,115,1,89.42518649,Arch
135,2879,6050,3171,8929,8,16,24,56,701,1,19,5.493190378,37619,4,140,1,4196,4752,556,168080,183633,15553,1425,1535,110,1,89.42518649,Arch
135,6018,2767,3251,8785,44,5,49,55,495,1,19,5.493059973,34448,4,138,0,4760,4196,564,183931,168080,15851,1540,1425,115,1,89.42518649,Arch
135,2779,6030,3251,8809,8,16,24,56,701,1,19,5.491119937,37699,4,238,7,4196,4760,564,168080,183931,15851,1425,1540,115,1,89.42518649,Arch
136,6027,2868,3159,8895,44,6,50,55,502,1,19,5.524867858,34540,4,18,0,4760,4208,552,183931,168470,15461,1540,1429,111,1,89.24967091,Arch
136,2911,6078,3167,8989,9,16,25,56,689,1,19,5.531751996,37699,4,24,1,4207,4760,553,168412,183931,15519,1428,1540,112,1,89.133304,Arch
136,6021,2828,3193,8849,44,6,50,55,506,1,19,5.510909288,34532,4,19,1,4763,4207,556,184115,168412,15703,1542,1428,114,1,89.133304,Arch
136,2844,6034,3190,8878,9,16,25,56,689,1,19,5.508912406,37725,4,240,0,4207,4763,556,168436,184115,15679,1428,1542,114,1,89.133304,Arch
136,6021,2828,3193,8849,44,6,50,55,506,1,19,5.510909288,34535,4,207,0,4763,4207,556,184139,168436,15703,1542,1428,114,1,89.133304,Arch
137,2991,6050,3059,9041,9,16,25,56,689,1,19,5.53025477,38209,4,315,0,4265,4815,550,171981,186630,14649,1446,1555,109,1,89.133304,Arch
136,6019,2827,3192,8846,44,6,50,55,531,1,19,5.510350494,34668,4,322,0,4769,4213,556,185203,169492,15711,1547,1433,114,1,89.133304,Arch
136,2839,6031,3192,8870,9,16,25,56,688,1,19,5.508403991,37860,4,316,1,4213,4769,556,169492,185203,15711,1433,1547,114,1,89.133304,Arch
136,6019,2827,3192,8846,44,6,50,55,531,1,19,5.510350494,34668,4,323,1,4769,4213,556,185203,169492,15711,1547,1433,114,1,89.133304,Arch
140,3250,6068,2818,9318,12,16,28,57,681,1,20,5.625579806,38215,4,317,2,4281,4812,531,172806,186967,14161,1458,1561,103,1,89.01050788,Arch
136,6019,2827,3192,8846,44,6,50,56,534,1,19,5.510350494,34665,4,324,2,4769,4213,556,185233,169522,15711,1547,1433,114,1,89.1503268,Arch
136,2914,6090,3176,9004,9,16,25,57,699,1,19,5.537121836,37857,4,318,3,4212,4769,557,169676,185233,15557,1433,1547,114,1,89.1503268,Arch
135,5999,2812,3187,8811,43,6,49,56,545,1,19,5.51042616,34020,4,325,3,4683,4127,556,182909,167226,15683,1512,1398,114,1,89.1503268,Arch
135,2875,6088,3213,8963,9,16,25,57,704,1,19,5.537123134,37207,4,319,4,4127,4683,556,166992,182909,15917,1398,1512,114,1,89.1503268,Arch
134,5995,2813,3182,8808,42,6,48,56,541,1,19,5.507224487,33910,4,326,4,4680,4124,556,182334,166694,15640,1510,1396,114,1,89.25294889,Arch
137,2864,6022,3158,8886,11,16,27,57,705,1,19,5.529121071,39597,4,320,5,4359,4915,556,174130,189770,15640,1511,1625,114,1,89.25294889,Arch
134,5995,2813,3182,8808,42,6,48,56,541,1,19,5.507224487,33910,4,327,5,4680,4124,556,182334,166694,15640,1510,1396,114,1,89.25294889,Arch
135,2826,6008,3182,8834,9,16,25,57,705,1,20,5.507183274,37509,4,321,6,4182,4738,556,168318,183958,15640,1418,1532,114,1,89.25294889,Arch
134,5995,2813,3182,8808,42,6,48,56,541,1,19,5.507224487,33910,4,328,6,4680,4124,556,182334,166694,15640,1510,1396,114,1,89.25294889,Arch
134,2832,6013,3181,8845,9,16,25,57,704,1,19,5.505281522,37092,4,322,7,4124,4680,556,166689,182334,15645,1396,1510,114,1,89.25294889,Arch
134,5998,2817,3181,8815,42,6,48,56,543,1,19,5.507050596,33911,4,329,7,4680,4124,556,182329,166689,15640,1510,1396,114,1,89.25294889,Arch
134,2829,6010,3181,8839,9,16,25,57,704,1,19,5.505182746,37092,4,323,8,4124,4680,556,166689,182329,15640,1396,1510,114,1,89.25294889,Arch
134,5998,2817,3181,8815,42,6,48,56,543,1,19,5.507050596,33911,4,330,8,4680,4124,556,182329,166689,15640,1510,1396,114,1,89.25294889,Arch
134,2914,6015,3101,8929,9,16,25,57,703,1,19,5.525760486,37092,4,324,9,4131,4680,549,167242,182329,15087,1397,1510,113,1,89.25294889,Arch
134,5998,2817,3181,8815,42,6,48,56,539,1,19,5.507050596,33991,4,331,9,4687,4131,556,182882,167242,15640,1511,1397,114,1,89.25294889,Arch
135,2878,6018,3140,8896,9,16,25,57,707,1,19,5.527201565,37357,4,325,10,4167,4720,553,168154,183495,15341,1419,1531,112,1,89.25294889,Arch
134,5998,2817,3181,8815,42,6,48,56,539,1,19,5.507050596,34032,4,332,10,4690,4134,556,183178,167538,15640,1513,1399,114,1,89.25294889,Arch
143,2882,6023,3141,8905,13,16,29,60,666,1,19,5.542924966,40652,4,25,0,4640,5191,551,183010,198490,15480,1615,1724,109,1,89.25294889,Arch
135,6006,2825,3181,8831,42,6,48,56,558,1,19,5.508252175,34183,4,20,0,4715,4159,556,183715,168075,15640,1533,1419,114,1,89.25294889,Arch
135,2837,6018,3181,8855,10,16,26,57,703,1,19,5.506391524,37364,4,241,0,4159,4715,556,168075,183715,15640,1419,1533,114,1,89.25294889,Arch
135,6006,2825,3181,8831,42,6,48,56,558,1,19,5.508252175,34183,4,208,0,4715,4159,556,183715,168075,15640,1533,1419,114,1,89.25294889,Arch
135,2837,6018,3181,8855,10,16,26,57,703,1,19,5.506391524,37364,4,26,0,4159,4715,556,168075,183715,15640,1419,1533,114,1,89.25294889,Arch
135,6006,2825,3181,8831,42,6,48,56,558,1,19,5.508252175,34183,4,21,0,4715,4159,556,183715,168075,15640,1533,1419,114,1,89.25294889,Arch
138,2911,6054,3143,8965,10,16,26,61,707,1,19,5.514025321,39426,4,27,1,4499,5049,550,177405,192928,15523,1549,1657,108,1,89.25294889,Arch
138,6042,2899,3143,8941,42,6,48,58,557,1,19,5.515868277,36283,4,22,1,5049,4499,550,192928,177405,15523,1657,1549,108,1,89.25294889,Arch
138,3025,6076,3051,9101,10,16,26,61,711,1,19,5.544755466,39426,4,19,0,4507,5049,542,177861,192928,15067,1552,1657,105,1,89.25294889,Arch
138,6052,3010,3042,9062,42,6,48,58,564,1,19,5.547163054,36440,4,209,0,5060,4518,542,193181,178201,14980,1658,1553,105,1,89.18447449,Arch
138,3149,6064,2915,9213,10,16,26,61,707,1,19,5.560022348,39482,4,243,1,4531,5060,529,178832,193181,14349,1561,1658,97,1,88.83025506,Arch
137,6050,3009,3041,9059,41,6,47,58,559,1,19,5.545951147,36465,4,210,1,5061,4519,542,193527,178556,14971,1656,1551,105,1,88.93315626,Arch
140,3185,6070,2885,9255,11,16,27,61,697,1,19,5.595207486,41638,4,244,2,4727,5252,525,186439,200401,13962,1656,1751,95,1,88.93315626,Arch
139,6055,3014,3041,9069,41,6,47,58,558,1,19,5.55260492,38690,4,211,2,5263,4721,542,201173,186202,14971,1755,1650,105,1,88.92334958,Arch
139,3064,6067,3003,9131,10,16,26,61,701,1,19,5.553440728,41731,4,245,3,4729,5263,534,186435,201173,14738,1652,1755,103,1,88.92334958,Arch
139,6055,3014,3041,9069,41,6,47,58,566,1,19,5.55260492,38728,4,212,3,5271,4729,542,201406,186435,14971,1757,1652,105,1,88.92334958,Arch
139,3030,6080,3050,9110,10,16,26,61,700,1,19,5.550215514,41769,4,29,0,4731,5271,540,186375,201406,15031,1652,1757,105,1,88.92334958,Arch
139,6054,3013,3041,9067,41,6,47,58,565,1,19,5.552567928,38719,4,23,0,5273,4731,542,201346,186375,14971,1757,1652,105,1,88.92334958,Arch
139,3024,6065,3041,9089,10,16,26,61,700,1,19,5.549988311,41760,4,30,1,4731,5273,542,186375,201346,14971,1652,1757,105,1,88.92334958,Arch
21,1716,277,1439,1993,19,0,19,37,0,1,3,4.106770402,1230,4,246,4,292,209,83,12651,7671,4980,114,47,67,1,89.98287671,Arch
157,6278,4676,1602,10954,40,24,64,58,489,1,20,5.944580894,40158,4,213,4,5273,4814,459,201346,191355,9991,1757,1719,38,1,89.40527767,Arch
157,4687,6289,1602,10976,28,15,43,61,601,1,20,5.942205137,41760,4,248,6,4814,5273,459,191355,201346,9991,1719,1757,38,1,89.40527767,Arch
157,6278,4676,1602,10954,40,24,64,58,489,1,20,5.944580894,40158,4,214,5,5273,4814,459,201346,191355,9991,1757,1719,38,1,89.40527767,Arch
158,4825,6291,1466,11116,29,15,44,61,594,1,20,5.970064207,41760,4,32,3,4828,5273,445,192165,201346,9181,1728,1757,29,1,89.33910307,Arch
157,6281,4678,1603,10959,40,24,64,58,491,1,20,5.946776235,40170,4,24,1,5274,4815,459,201420,191429,9991,1758,1720,38,1,89.4302554,Arch
157,4689,6292,1603,10981,28,15,43,61,600,1,20,5.944398479,41773,4,249,7,4815,5274,459,191429,201420,9991,1720,1758,38,1,89.4302554,Arch
157,6281,4678,1603,10959,40,24,64,58,491,1,20,5.946776235,40170,4,215,6,5274,4815,459,201420,191429,9991,1758,1720,38,1,89.4302554,Arch
157,4689,6292,1603,10981,28,15,43,61,598,1,20,5.944398479,41781,4,33,4,4815,5274,459,191431,201422,9991,1720,1758,38,1,89.47162427,Arch
156,6279,4678,1601,10957,39,24,63,58,487,1,20,5.945331384,40061,4,216,7,5265,4806,459,200819,190840,9979,1756,1718,38,1,89.47162427,Arch
156,4689,6290,1601,10979,28,15,43,61,605,1,20,5.942955563,41662,4,21,0,4806,5265,459,190840,200819,9979,1718,1756,38,0,89.47162427,Arch
156,6279,4678,1601,10957,39,24,63,58,487,1,20,5.945331384,40061,4,18,0,5265,4806,459,200819,190840,9979,1756,1718,38,1,89.47162427,Arch
156,4689,6290,1601,10979,28,15,43,61,605,1,20,5.942955563,41662,4,23,2,4806,5265,459,190840,200819,9979,1718,1756,38,1,89.47162427,Arch
156,6279,4678,1601,10957,39,24,63,58,487,1,20,5.945331384,40061,4,19,1,5265,4806,459,200819,190840,9979,1756,1718,38,1,89.47162427,Arch
156,4702,6290,1588,10992,28,15,43,61,605,1,20,5.942483624,41662,4,6,0,4807,5265,458,190877,200819,9942,1718,1756,38,1,89.47162427,Arch
156,6353,4670,1683,11023,39,23,62,58,487,1,20,5.944406296,40074,4,26,0,5276,4807,469,201212,190877,10335,1760,1718,42,2,89.55807587,Arch
163,5766,6696,930,12462,28,15,43,61,626,1,20,6.05747726,42781,4,141,0,5021,5342,321,201344,206665,5321,1786,1788,2,1,89.48808128,Arch
163,6685,5755,930,12440,35,24,59,58,490,1,20,6.059413879,41851,4,6,0,5342,5021,321,206665,201344,5321,1788,1786,2,1,89.48808128,Arch
163,5766,6696,930,12462,28,15,43,61,626,1,20,6.05747726,42781,4,10,3,5021,5342,321,201344,206665,5321,1786,1788,2,1,89.48808128,Arch
163,6695,5767,928,12462,35,24,59,58,490,1,20,6.064129864,41853,4,7,1,5342,5022,320,206665,201351,5314,1788,1786,2,1,89.48808128,Arch
163,5778,6706,928,12484,28,15,43,61,624,1,20,6.062192835,42781,4,12,4,5022,5342,320,201351,206665,5314,1786,1788,2,1,89.48808128,Arch
163,6695,5767,928,12462,35,24,59,58,490,1,20,6.064129864,41853,4,20,0,5342,5022,320,206665,201351,5314,1788,1786,2,1,89.48808128,Arch
163,5778,6706,928,12484,28,15,43,61,624,1,20,6.062192835,42781,4,24,0,5022,5342,320,201351,206665,5314,1786,1788,2,1,89.48808128,Arch
163,6695,5767,928,12462,35,24,59,58,490,1,20,6.064129864,41853,4,9,0,5342,5022,320,206665,201351,5314,1788,1786,2,1,89.48808128,Arch
163,5779,6707,928,12486,28,15,43,61,624,1,20,6.062537787,42781,4,326,0,5022,5342,320,201352,206665,5313,1786,1788,2,1,89.48808128,Arch
163,6695,5767,928,12462,35,24,59,58,494,1,20,6.064129864,41853,4,336,0,5342,5022,320,206666,201352,5314,1788,1786,2,1,89.48808128,Arch
163,5778,6706,928,12484,28,15,43,61,624,1,20,6.062192835,42781,4,250,0,5022,5342,320,201352,206666,5314,1786,1788,2,1,89.48808128,Arch
163,6695,5767,928,12462,35,24,59,58,494,1,20,6.064129864,41853,4,217,0,5342,5022,320,206666,201352,5314,1788,1786,2,1,89.48808128,Arch
163,5778,6706,928,12484,28,15,43,61,624,1,20,6.062192835,42781,4,251,1,5022,5342,320,201352,206666,5314,1786,1788,2,1,89.48808128,Arch
165,6746,5773,973,12519,36,24,60,58,494,1,21,6.081871871,42270,4,219,2,5402,5080,322,208441,202976,5465,1811,1808,3,1,89.37914877,Arch
163,5778,6706,928,12484,28,15,43,61,624,1,20,6.062192835,42781,4,252,2,5022,5342,320,201352,206666,5314,1786,1788,2,1,89.48188547,Arch
163,6695,5767,928,12462,35,24,59,58,494,1,20,6.064129864,41853,4,220,3,5342,5022,320,206666,201352,5314,1788,1786,2,1,89.48188547,Arch
163,5778,6706,928,12484,28,15,43,61,624,1,20,6.062192835,42781,4,254,4,5022,5342,320,201352,206666,5314,1786,1788,2,1,89.48188547,Arch
163,6694,5766,928,12460,35,24,59,58,497,1,20,6.063925328,42017,4,27,0,5367,5047,320,207603,202289,5314,1791,1789,2,1,89.48188547,Arch
166,6263,6706,443,12969,31,15,46,61,615,1,21,6.125480095,42945,4,255,0,5089,5367,278,203974,207603,3629,1808,1791,17,1,89.31623932,Arch
163,6683,5755,928,12438,35,24,59,58,499,1,20,6.065845215,42064,4,222,0,5373,5053,320,207812,202484,5328,1793,1791,2,1,89.5389384,Arch
166,6435,6740,305,13175,30,15,45,61,627,1,20,6.130609291,43146,4,256,1,5124,5384,260,206623,208796,2173,1815,1797,18,1,90.25619488,Arch
165,6688,5759,929,12447,35,24,59,58,520,1,20,6.07217279,42636,4,223,1,5415,5095,320,210882,205577,5305,1812,1810,2,1,90.48616932,Arch
165,5774,6700,926,12474,28,15,43,61,628,1,20,6.070144739,43565,4,257,2,5095,5415,320,205573,210882,5309,1810,1812,2,1,90.48616932,Arch
165,6685,5756,929,12441,35,24,59,58,517,1,20,6.071845668,42639,4,224,2,5415,5095,320,210878,205573,5305,1812,1810,2,1,90.48616932,Arch
165,5767,6696,929,12463,28,15,43,61,628,1,20,6.069911922,43568,4,258,3,5095,5415,320,205573,210878,5305,1810,1812,2,1,90.48616932,Arch
165,6685,5756,929,12441,35,24,59,58,517,1,20,6.071845668,42639,4,225,3,5415,5095,320,210878,205573,5305,1812,1810,2,1,90.48616932,Arch
165,5794,6709,915,12503,28,15,43,61,627,1,20,6.072945456,43568,4,259,2,5099,5415,316,205649,210878,5229,1810,1812,2,1,90.48616932,Arch
165,6685,5756,929,12441,35,24,59,58,515,1,20,6.071845668,42653,4,226,2,5419,5099,320,210954,205649,5305,1812,1810,2,1,90.48616932,Arch
167,5767,6728,961,12495,28,15,43,61,634,1,20,6.082665817,43871,4,260,3,5116,5436,320,206785,212240,5455,1821,1823,2,1,90.48616932,Arch
165,6685,5756,929,12441,35,24,59,58,515,1,20,6.071845668,42653,4,227,3,5419,5099,320,210954,205649,5305,1812,1810,2,1,90.48616932,Arch
166,5786,6704,918,12490,28,15,43,61,629,1,21,6.079099579,44017,4,261,4,5154,5472,318,207835,213095,5260,1827,1828,1,1,90.48616932,Arch
165,6685,5756,929,12441,35,24,59,58,517,1,20,6.071845668,42657,4,228,4,5420,5100,320,210977,205672,5305,1812,1810,2,1,90.48616932,Arch
166,5780,6701,921,12481,29,15,44,61,624,1,21,6.075553992,44028,4,262,5,5155,5474,319,207849,213140,5291,1828,1829,1,1,90.48616932,Arch
165,6685,5756,929,12441,35,24,59,59,515,1,20,6.071845668,42661,4,229,5,5421,5101,320,210991,205686,5305,1813,1811,2,1,90.48616932,Arch
167,6019,6752,733,12771,30,15,45,61,630,1,20,6.116870192,43590,4,25,0,5108,5421,313,206579,210991,4412,1814,1813,1,1,90.18789144,Arch
165,6665,5739,926,12404,35,24,59,59,522,1,20,6.062644885,42605,4,21,0,5416,5096,320,210716,205441,5275,1810,1808,2,1,91.16579266,Arch
165,5750,6676,926,12426,28,15,43,61,633,1,20,6.06071407,43531,4,15,0,5096,5416,320,205441,210716,5275,1808,1810,2,1,91.16579266,Arch
165,6665,5739,926,12404,35,24,59,59,518,1,20,6.062644885,42613,4,230,0,5417,5097,320,210744,205469,5275,1811,1809,2,1,91.20128566,Arch
165,5750,6676,926,12426,28,15,43,61,635,1,20,6.06071407,43539,4,16,0,5097,5417,320,205469,210744,5275,1809,1811,2,1,91.20128566,Arch
165,6665,5739,926,12404,35,24,59,59,518,1,20,6.062644885,42613,4,10,0,5417,5097,320,210744,205469,5275,1811,1809,2,1,91.20128566,Arch
165,5750,6676,926,12426,28,15,43,61,635,1,20,6.06071407,43539,4,17,1,5097,5417,320,205469,210744,5275,1809,1811,2,1,91.20128566,Arch
165,6665,5739,926,12404,35,24,59,59,518,1,20,6.062644885,42613,4,11,1,5417,5097,320,210744,205469,5275,1811,1809,2,1,91.20128566,Arch
167,5761,6680,919,12441,28,15,43,61,621,1,20,6.068155439,43791,4,327,0,5109,5429,320,206673,211882,5209,1815,1817,2,1,91.20128566,Arch
167,6669,5750,919,12419,34,24,58,59,508,1,20,6.070094018,42872,4,12,2,5429,5109,320,211882,206673,5209,1817,1815,2,1,91.20128566,Arch
167,5761,6680,919,12441,28,15,43,61,621,1,20,6.068155439,43791,4,328,1,5109,5429,320,206673,211882,5209,1815,1817,2,1,91.20128566,Arch
167,6669,5750,919,12419,34,24,58,59,508,1,20,6.070094018,42872,4,338,1,5429,5109,320,211882,206673,5209,1817,1815,2,1,91.20128566,Arch
167,5761,6680,919,12441,28,15,43,61,621,1,20,6.068155439,43791,4,330,3,5109,5429,320,206673,211882,5209,1815,1817,2,1,91.20128566,Arch
174,6993,5853,1140,12846,34,24,58,60,510,1,21,6.127654557,44041,4,339,2,5564,5211,353,217593,211768,5825,1872,1863,9,1,91.20128566,Arch
167,5761,6680,919,12441,28,15,43,61,626,1,20,6.068155439,43932,4,331,4,5123,5443,320,207027,212236,5209,1821,1823,2,1,91.2886391,Arch
167,6669,5750,919,12419,34,24,58,60,513,1,20,6.070094018,43013,4,340,3,5443,5123,320,212236,207027,5209,1823,1821,2,1,91.2886391,Arch
167,5761,6680,919,12441,28,15,43,61,626,1,20,6.068155439,43932,4,333,6,5123,5443,320,207027,212236,5209,1821,1823,2,1,91.2886391,Arch
167,6669,5750,919,12419,34,24,58,60,513,1,20,6.070094018,43013,4,341,4,5443,5123,320,212236,207027,5209,1823,1821,2,1,91.2886391,Arch
167,5761,6680,919,12441,28,15,43,61,626,1,20,6.068155439,43932,4,19,1,5123,5443,320,207027,212236,5209,1821,1823,2,1,91.2886391,Arch
167,6669,5750,919,12419,34,24,58,60,513,1,20,6.070094018,43013,4,13,1,5443,5123,320,212236,207027,5209,1823,1821,2,1,91.2886391,Arch
166,5847,6643,796,12490,29,15,44,61,618,1,20,6.090314856,42182,4,334,6,4844,5159,315,199891,204581,4690,1721,1723,2,1,91.21540313,Arch
164,6628,5671,957,12299,34,24,58,60,519,1,20,6.06564982,40951,4,344,7,5115,4789,326,203134,197808,5326,1705,1697,8,1,91.30260521,Arch
165,5684,6640,956,12324,28,15,43,61,616,1,20,6.06548269,42307,4,26,0,4849,5175,326,199790,205115,5325,1718,1726,8,1,91.30260521,Arch
165,6629,5676,953,12305,34,23,57,60,528,1,20,6.067470838,41363,4,347,5,5177,4853,324,205148,199854,5294,1728,1720,8,1,91.30260521,Arch
165,5740,6691,951,12431,28,15,43,61,618,1,20,6.075574434,42316,4,264,0,4856,5177,321,199868,205148,5280,1720,1728,8,1,91.30260521,Arch
165,6629,5676,953,12305,34,24,58,60,530,1,20,6.067470838,41381,4,231,0,5182,4858,324,205230,199936,5294,1729,1721,8,1,91.30260521,Arch
167,6210,6662,452,12872,29,15,44,61,640,1,21,6.124082673,42496,4,27,0,4924,5194,270,202689,205608,2919,1736,1733,3,1,91.30260521,Arch
167,6650,6198,452,12848,34,24,58,60,522,1,21,6.12601398,42044,4,232,0,5194,4924,270,205608,202689,2919,1733,1736,3,1,91.33732535,Arch
167,6210,6662,452,12872,29,15,44,61,640,1,21,6.124082673,42496,4,21,1,4924,5194,270,202689,205608,2919,1736,1733,3,1,91.33732535,Arch
6,946,109,837,1055,2,0,2,48,451,1,3,1.840364951,1766,1,268,2,338,240,98,11061,7799,3262,96,48,48,1,95.51833409,Arch
170,6737,7122,385,13859,34,26,60,60,528,1,21,6.165041698,43061,4,233,1,5210,5038,172,206370,206713,343,1741,1792,51,1,87.21991701,Arch
170,7143,6753,390,13896,31,15,46,61,637,1,21,6.163947435,42676,4,270,4,5038,5210,172,206736,206370,366,1792,1741,51,1,87.21991701,Arch
170,6737,7122,385,13859,34,26,60,60,530,1,21,6.165041698,43066,4,234,2,5210,5038,172,206393,206736,343,1741,1792,51,1,87.21991701,Arch
172,7274,6762,512,14036,32,15,47,61,655,1,21,6.187995705,42812,4,271,3,5075,5237,162,207846,206936,910,1821,1762,59,1,87.15824358,Arch
170,6737,7122,385,13859,34,26,60,60,530,1,21,6.165041698,43066,4,235,2,5210,5038,172,206393,206736,343,1741,1792,51,1,87.22084367,Arch
170,7136,6751,385,13887,31,15,46,61,637,1,21,6.163137343,42681,4,272,4,5038,5210,172,206736,206393,343,1792,1741,51,1,87.22084367,Arch
170,6737,7122,385,13859,34,26,60,60,530,1,21,6.165041698,43066,4,236,3,5210,5038,172,206393,206736,343,1741,1792,51,1,87.22084367,Arch
172,7144,6756,388,13900,31,15,46,61,657,1,22,6.169031746,42933,4,273,5,5060,5232,172,208034,207637,397,1800,1749,51,1,87.22084367,Arch
170,6737,7122,385,13859,34,26,60,60,530,1,21,6.165041698,43066,4,237,4,5210,5038,172,206393,206736,343,1741,1792,51,1,87.22084367,Arch
170,7136,6751,385,13887,31,15,46,61,637,1,21,6.163137343,42681,4,274,6,5038,5210,172,206736,206393,343,1792,1741,51,1,87.22084367,Arch
170,6737,7122,385,13859,34,26,60,60,530,1,21,6.165041698,43066,4,238,5,5210,5038,172,206393,206736,343,1741,1792,51,1,87.22084367,Arch
170,7136,6751,385,13887,31,15,46,61,637,1,21,6.163137343,42681,4,275,7,5038,5210,172,206736,206393,343,1792,1741,51,1,87.22084367,Arch
170,6737,7122,385,13859,34,26,60,60,530,1,21,6.165041698,43066,4,239,6,5210,5038,172,206393,206736,343,1741,1792,51,1,87.22084367,Arch
170,7136,6751,385,13887,31,15,46,61,637,1,21,6.163137343,42681,4,276,8,5038,5210,172,206736,206393,343,1792,1741,51,1,87.22084367,Arch
170,6737,7122,385,13859,34,26,60,60,530,1,21,6.165041698,43066,4,240,7,5210,5038,172,206393,206736,343,1741,1792,51,1,87.22084367,Arch
170,7143,6764,379,13907,31,15,46,61,640,1,21,6.166006086,42681,4,277,9,5037,5210,173,206684,206393,291,1792,1741,51,1,87.22084367,Arch
170,6737,7122,385,13859,34,26,60,60,526,1,21,6.165041698,43060,4,241,8,5209,5037,172,206341,206684,343,1741,1792,51,1,87.22084367,Arch
170,7177,6752,425,13929,31,15,46,61,639,1,21,6.165823161,42675,4,278,10,5039,5209,170,206996,206341,655,1794,1741,53,1,87.22084367,Arch
170,6747,7125,378,13872,34,26,60,60,524,1,21,6.166177442,43100,4,242,9,5211,5039,172,206712,206996,284,1743,1794,51,1,87.22084367,Arch
170,7139,6761,378,13900,31,15,46,61,639,1,21,6.164275301,42722,4,279,11,5039,5211,172,206996,206712,284,1794,1743,51,1,87.22084367,Arch
170,6747,7125,378,13872,34,26,60,60,524,1,21,6.166177442,43100,4,243,10,5211,5039,172,206712,206996,284,1743,1794,51,1,87.22084367,Arch
170,7141,6756,385,13897,31,15,46,61,638,1,21,6.164506015,42722,4,280,12,5040,5211,171,207034,206712,322,1795,1743,52,1,87.22084367,Arch
170,6744,7128,384,13872,34,26,60,60,524,1,21,6.166644257,43107,4,352,0,5211,5040,171,206725,207034,309,1743,1795,52,1,87.22084367,Arch
170,7141,6756,385,13897,31,15,46,61,638,1,21,6.164506015,42723,4,337,1,5040,5211,171,207047,206725,322,1795,1743,52,1,87.39148408,Arch
170,6742,7127,385,13869,34,26,60,60,524,1,21,6.166411193,43108,4,244,11,5211,5040,171,206725,207047,322,1743,1795,52,1,87.39148408,Arch
177,8610,7295,1315,15905,35,15,50,63,623,1,21,6.200577098,44916,4,282,14,5490,5522,32,219874,216282,3592,1972,1867,105,1,90.43381535,Arch
185,7314,9214,1900,16528,32,30,62,60,513,1,21,6.283831968,48183,4,28,0,5687,5731,44,222595,229862,7267,1991,2124,133,1,90.36680252,Arch
185,9361,7408,1953,16769,40,15,55,63,704,1,21,6.277951029,46283,4,28,0,5740,5687,53,229906,222595,7311,2127,1991,136,1,90.36680252,Arch
185,7431,9274,1843,16705,32,30,62,60,517,1,21,6.281269108,48183,4,27,0,5697,5731,34,222676,229862,7186,1994,2124,130,1,90.36680252,Arch
185,9306,7463,1843,16769,40,15,55,63,702,1,21,6.277951029,46340,4,22,0,5731,5697,34,229862,222676,7186,2124,1994,130,1,90.36680252,Arch
4,100,7,93,107,2,0,2,48,296,1,3,1.520052267,1809,4,286,0,231,225,6,10295,9893,402,102,98,4,1,96.60321015,Arch
184,7429,9274,1845,16703,31,30,61,60,527,1,21,6.280288526,47436,4,245,0,5627,5661,34,217748,224943,7195,1977,2107,130,1,89.84056359,Arch
184,9306,7461,1845,16767,40,15,55,63,699,1,21,6.276973136,45591,4,287,1,5661,5627,34,224943,217748,7195,2107,1977,130,1,89.84056359,Arch
190,7436,9583,2147,17019,31,34,65,60,498,1,23,6.332767214,47927,4,246,1,5665,5730,65,218440,226810,8370,1982,2138,156,1,89.53789279,Arch
190,9615,7468,2147,17083,44,15,59,63,713,1,23,6.329414539,45780,4,292,6,5729,5667,62,226683,218582,8101,2137,1983,154,1,89.53789279,Arch
190,7436,9583,2147,17019,31,34,65,60,498,1,23,6.332767214,47927,4,247,2,5665,5730,65,218440,226810,8370,1982,2138,156,1,89.53789279,Arch
190,9615,7468,2147,17083,44,15,59,63,713,1,23,6.329414539,45780,4,293,7,5729,5667,62,226683,218582,8101,2137,1983,154,1,89.53789279,Arch
190,7436,9583,2147,17019,31,34,65,60,498,1,23,6.332767214,47927,4,248,3,5665,5730,65,218440,226810,8370,1982,2138,156,1,89.53789279,Arch
191,9828,7523,2305,17351,45,15,60,63,694,1,23,6.342551849,45843,4,36,0,5756,5673,83,227905,218819,9086,2151,1989,162,1,89.53402367,Arch
191,7490,9795,2305,17285,31,34,65,60,497,1,23,6.345856602,48148,4,249,1,5671,5757,86,218677,228032,9355,1988,2152,164,1,89.53402367,Arch
191,9828,7523,2305,17351,45,15,60,63,694,1,23,6.342551849,45843,4,297,3,5756,5673,83,227905,218819,9086,2151,1989,162,1,89.53402367,Arch
191,7490,9795,2305,17285,31,34,65,60,504,1,23,6.345856602,48157,4,250,1,5672,5758,86,218708,228063,9355,1989,2153,164,1,89.53402367,Arch
192,9858,7538,2320,17396,45,15,60,63,703,1,23,6.352104623,45984,4,299,3,5780,5686,94,228879,219628,9251,2157,1995,162,1,89.53402367,Arch
191,7490,9795,2305,17285,31,34,65,60,504,1,23,6.345856602,48157,4,251,2,5672,5758,86,218708,228063,9355,1989,2153,164,1,89.53402367,Arch
191,9828,7523,2305,17351,45,15,60,63,701,1,23,6.342551849,45852,4,300,4,5757,5674,83,227936,218850,9086,2152,1990,162,1,89.53402367,Arch
191,7490,9795,2305,17285,31,34,65,60,504,1,23,6.345856602,48157,4,252,3,5672,5758,86,218708,228063,9355,1989,2153,164,1,89.53402367,Arch
191,9828,7523,2305,17351,45,15,60,63,701,1,23,6.342551849,45852,4,301,5,5757,5674,83,227936,218850,9086,2152,1990,162,1,89.53402367,Arch
44,3096,356,2740,3452,18,0,18,62,630,1,9,4.10358323,18050,1,143,0,2707,2335,372,96174,80341,15833,809,737,72,1,93.9453125,Arch
201,7864,12795,4931,20659,30,38,68,60,486,1,23,6.432714108,52248,4,14,0,5852,6299,447,224134,248735,24601,2058,2289,231,1,88.39285714,Arch
201,12826,7894,4932,20720,51,15,66,63,699,1,23,6.430310639,47317,4,30,0,6298,5854,444,248622,224276,24346,2288,2059,229,1,88.39285714,Arch
201,7880,12804,4924,20684,30,40,70,60,486,1,23,6.433241807,52249,4,28,0,5852,6299,447,224167,248749,24582,2058,2289,231,1,88.39285714,Arch
201,12824,7893,4931,20717,51,15,66,63,698,1,23,6.430159433,47325,4,31,1,6298,5854,444,248644,224309,24335,2288,2059,229,1,88.39285714,Arch
201,7865,12796,4931,20661,30,40,70,60,486,1,23,6.432464513,52256,4,29,1,5852,6299,447,224167,248771,24604,2058,2289,231,1,88.39285714,Arch
201,12828,7825,5003,20653,51,15,66,63,700,1,23,6.433388352,47325,4,33,3,6306,5854,452,248685,224309,24376,2292,2059,233,1,88.39285714,Arch
201,7797,12800,5003,20597,30,40,70,60,483,1,23,6.435711176,52352,4,29,0,5853,6308,455,224189,248834,24645,2058,2293,235,1,88.39285714,Arch
201,12828,7825,5003,20653,51,15,66,63,701,1,23,6.433388352,47349,4,41,1,6307,5855,452,248707,224331,24376,2292,2059,233,1,88.39285714,Arch
201,7797,12800,5003,20597,30,40,70,60,483,1,23,6.435711176,52352,4,30,1,5853,6308,455,224189,248834,24645,2058,2293,235,1,88.39285714,Arch
201,12828,7825,5003,20653,51,15,66,63,701,1,23,6.433388352,47349,4,43,0,6307,5855,452,248707,224331,24376,2292,2059,233,1,88.39285714,Arch
201,7797,12800,5003,20597,30,40,70,60,483,1,23,6.435711176,52352,4,31,0,5853,6308,455,224189,248834,24645,2058,2293,235,1,88.39285714,Arch
201,12828,7825,5003,20653,51,15,66,63,701,1,23,6.433388352,47349,4,45,1,6307,5855,452,248707,224331,24376,2292,2059,233,2,88.39285714,Arch
201,7797,12800,5003,20597,30,40,70,60,483,1,23,6.435711176,52352,4,32,1,5853,6308,455,224189,248834,24645,2058,2293,235,2,88.39285714,Arch
206,14376,7956,6420,22332,55,15,70,63,731,1,23,6.483021098,48131,4,0,0,6502,5940,562,258317,226918,31399,2382,2094,288,1,88.37022133,Arch
206,7927,14347,6420,22274,30,43,73,60,473,1,23,6.485023747,54562,4,253,0,5941,6506,565,226801,258469,31668,2093,2383,290,1,88.37022133,Arch
207,14433,8280,6153,22713,56,15,71,63,741,1,23,6.507594705,48347,4,46,0,6508,5972,536,257865,227989,29876,2375,2099,276,1,86.68818072,Arch
205,7927,14353,6426,22280,30,43,73,60,475,1,23,6.485511012,54246,4,33,0,5915,6480,565,225242,256946,31704,2081,2371,290,1,86.75282714,Arch
205,14382,7956,6426,22338,55,15,70,63,736,1,23,6.483508643,47820,4,47,1,6479,5917,562,256819,225384,31435,2370,2082,288,1,86.75282714,Arch
205,7928,14352,6424,22280,30,43,73,60,477,1,23,6.485511012,54246,4,35,0,5915,6480,565,225251,256946,31695,2081,2371,290,1,86.75282714,Arch
205,14380,7956,6424,22336,55,15,70,63,736,1,23,6.483239151,47822,4,34,0,6479,5917,562,256819,225393,31426,2370,2082,288,1,86.75282714,Arch
205,7928,14352,6424,22280,30,43,73,60,477,1,23,6.485511012,54246,4,30,0,5915,6480,565,225251,256946,31695,2081,2371,290,1,86.75282714,Arch
205,14380,7956,6424,22336,55,15,70,63,736,1,23,6.483239151,47822,4,36,2,6479,5917,562,256819,225393,31426,2370,2082,288,1,86.75282714,Arch
205,7947,14372,6425,22319,30,43,73,60,480,1,23,6.486067393,54270,4,31,1,5918,6483,565,225394,257089,31695,2082,2372,290,1,86.75282714,Arch
205,14400,7975,6425,22375,55,15,70,63,745,1,23,6.483804406,47845,4,38,4,6482,5920,562,256962,225536,31426,2371,2083,288,1,86.75282714,Arch
207,7996,14372,6376,22368,32,43,75,60,505,1,23,6.495755342,54637,4,33,3,5961,6523,562,227102,258450,31348,2102,2390,288,1,88.24242424,Arch
205,14400,7975,6425,22375,55,15,70,63,746,1,23,6.483804406,47846,4,39,3,6482,5920,562,256968,225542,31426,2371,2083,288,1,88.95776831,Arch
208,8045,14460,6415,22505,30,44,74,60,491,1,23,6.513414588,54993,4,36,0,6010,6571,561,228778,260391,31613,2105,2396,291,1,88.88888889,Arch
206,14467,7980,6487,22447,56,15,71,64,746,1,23,6.493068845,47846,4,48,0,6484,5920,564,257213,225542,31671,2372,2083,289,1,88.88888889,Arch
206,7948,14373,6425,22321,30,43,73,61,487,1,23,6.487173488,54341,4,15,0,5921,6486,565,225683,257379,31696,2083,2373,290,1,88.78504673,Arch
207,14401,7976,6425,22377,55,15,70,64,750,1,23,6.485233253,48200,4,40,1,6500,5939,561,258766,227344,31422,2379,2091,288,1,88.41957057,Arch
207,7955,14376,6421,22331,30,43,73,61,502,1,23,6.488461276,54625,4,353,0,5939,6501,562,227232,258893,31661,2090,2380,290,1,88.41957057,Arch
207,14401,7976,6425,22377,55,15,70,64,753,1,23,6.485233253,48204,4,338,0,6502,5941,561,258796,227374,31422,2379,2091,288,1,88.41957057,Arch
209,8048,14389,6341,22437,32,43,75,62,496,1,23,6.503909527,55188,4,35,2,6026,6581,555,230173,261565,31392,2112,2398,286,1,88.35736898,Arch
207,14401,7976,6425,22377,55,15,70,65,750,1,23,6.485233253,48211,4,41,2,6504,5943,561,258820,227398,31422,2379,2091,288,1,88.43585237,Arch
207,7967,14377,6410,22344,30,43,73,63,497,1,23,6.48955749,54636,4,36,3,5945,6505,560,227321,258947,31626,2090,2380,290,1,88.43585237,Arch
207,14401,7976,6425,22377,55,15,70,66,750,1,23,6.485233253,48226,4,42,3,6508,5947,561,258885,227463,31422,2379,2091,288,1,88.43585237,Arch
209,7997,14445,6448,22442,30,43,73,63,523,1,24,6.497368504,54888,4,37,3,5967,6532,565,228125,260009,31884,2101,2389,288,1,88.43585237,Arch
209,14470,7982,6488,22452,55,15,70,66,761,1,24,6.497379799,48440,4,43,3,6539,5969,570,260085,228267,31818,2391,2102,289,1,88.43585237,Arch
209,7954,14442,6488,22396,30,43,73,63,523,1,24,6.499653992,54928,4,354,1,5967,6540,573,228125,260212,32087,2101,2392,291,1,88.43585237,Arch
209,14621,7992,6629,22613,55,15,70,66,764,1,24,6.495207577,48440,4,44,4,6554,5969,585,261032,228267,32765,2397,2102,295,1,88.43585237,Arch
209,7972,14447,6475,22419,30,43,73,63,525,1,24,6.500082507,55069,4,38,4,5982,6555,573,229166,261159,31993,2107,2398,291,1,88.43585237,Arch
209,14463,8001,6462,22464,55,15,70,66,764,1,24,6.497815916,48607,4,340,2,6554,5986,568,261032,229425,31607,2397,2108,289,1,88.43585237,Arch
209,7971,14433,6462,22404,30,43,73,63,539,1,24,6.500084264,55069,4,356,3,5984,6555,571,229283,261159,31876,2107,2398,291,1,88.43585237,Arch
209,14468,8001,6467,22469,55,15,70,66,748,1,24,6.498280499,48607,4,50,1,6554,5986,568,261049,229425,31624,2397,2108,289,1,88.43585237,Arch
5,94,12,82,106,2,0,2,65,766,1,2,1.92753334,2569,7,1,0,442,431,11,11602,11415,187,162,159,3,1,97.90672053,Arch
209,7971,14438,6467,22409,30,43,73,63,525,1,24,6.500548724,55139,4,0,0,5991,6562,571,229442,261335,31893,2110,2401,291,1,88.78753326,Arch
209,14468,8001,6467,22469,55,15,70,66,751,1,24,6.498280499,48672,4,2,1,6561,5993,568,261208,229584,31624,2400,2111,289,1,88.78753326,Arch
209,7971,14438,6467,22409,30,43,73,63,525,1,24,6.500548724,55139,4,1,1,5991,6562,571,229442,261335,31893,2110,2401,291,1,88.78753326,Arch
210,14473,8001,6472,22474,55,15,70,66,768,1,25,6.49982871,49524,4,304,0,6683,6115,568,264974,233330,31644,2430,2141,289,1,88.69695832,Arch
210,7977,14449,6472,22426,30,43,73,63,520,1,25,6.503505611,55996,4,40,5,6113,6684,571,233188,265105,31917,2140,2431,291,1,88.54675178,Arch
210,14479,8007,6472,22486,55,15,70,66,754,1,25,6.501234126,49524,4,306,2,6683,6115,568,264978,233330,31648,2430,2141,289,1,88.54675178,Arch
210,7977,14449,6472,22426,30,43,73,63,524,1,25,6.503505611,56007,4,254,0,6114,6685,571,233251,265168,31917,2141,2432,291,1,88.54675178,Arch
210,14488,8009,6479,22497,55,15,70,66,757,1,25,6.5010218,49535,4,308,4,6684,6116,568,265075,233393,31682,2431,2142,289,1,88.54675178,Arch
210,7979,14489,6510,22468,30,43,73,63,524,1,25,6.508952392,56045,4,41,4,6114,6689,575,233251,265383,32132,2141,2432,291,1,88.54675178,Arch
210,14519,8009,6510,22528,55,15,70,66,739,1,25,6.506656497,49535,4,45,2,6688,6116,572,265256,233393,31863,2431,2142,289,1,88.54675178,Arch
215,8017,14521,6504,22538,30,43,73,63,550,1,25,6.516195245,57894,4,2,2,6358,6933,575,242582,274716,32134,2235,2526,291,1,88.98910184,Arch
216,14685,8048,6637,22733,55,15,70,66,753,1,25,6.527391675,51390,4,311,7,6942,6360,582,275133,242724,32409,2531,2236,295,1,88.92226812,Arch
215,8017,14521,6504,22538,30,43,73,63,551,1,25,6.516195245,57901,4,255,1,6359,6934,575,242606,274740,32134,2235,2526,291,1,87.87339972,Arch
215,14551,8047,6504,22598,54,15,69,66,767,1,25,6.513894433,51397,4,313,9,6933,6361,572,274613,242748,31865,2525,2236,289,1,87.87339972,Arch
215,8017,14491,6474,22508,30,43,73,63,578,1,25,6.510870107,57901,4,257,3,6364,6935,571,242795,274748,31953,2235,2526,291,1,87.87339972,Arch
215,14521,8047,6474,22568,54,15,69,66,767,1,25,6.508575292,51427,4,315,11,6934,6366,568,274621,242937,31684,2525,2236,289,1,87.87339972,Arch
215,8017,14491,6474,22508,30,43,73,63,578,1,25,6.510870107,57901,4,258,4,6364,6935,571,242795,274748,31953,2235,2526,291,1,87.87339972,Arch
215,14521,8047,6474,22568,54,15,69,66,767,1,25,6.508575292,51427,4,316,12,6934,6366,568,274621,242937,31684,2525,2236,289,1,87.87339972,Arch
39,2370,222,2148,2592,11,0,11,67,565,1,7,4.690040877,11172,1,4,3,1835,1580,255,63004,53620,9384,610,507,103,1,94.35517099,Arch
227,8203,16825,8622,25028,30,52,82,63,552,1,25,6.716980212,60226,4,259,5,6375,7201,826,243309,284646,41337,2246,2640,394,1,85.12495042,Arch
228,17009,8233,8776,25242,64,15,79,67,746,1,25,6.726040538,51604,4,51,1,7210,6377,833,285391,243451,41940,2643,2247,396,1,86.25228519,Arch
228,8221,16979,8758,25200,30,54,84,63,554,1,25,6.727496849,60380,4,37,0,6378,7211,833,243377,285518,42141,2246,2644,398,1,86.25228519,Arch
229,17011,8253,8758,25264,64,15,79,67,743,1,25,6.726393975,52206,4,318,14,7291,6461,830,288120,246229,41891,2662,2266,396,1,86.25228519,Arch
228,8221,16979,8758,25200,30,54,84,63,554,1,25,6.727496849,60380,4,260,6,6378,7211,833,243377,285530,42153,2246,2644,398,1,86.25228519,Arch
228,17021,8254,8767,25275,64,15,79,67,740,1,25,6.72810589,51622,4,319,15,7211,6380,831,285425,243519,41906,2644,2247,397,1,86.25228519,Arch
228,8224,16991,8767,25215,30,54,84,63,554,1,25,6.730374683,60389,4,261,6,6378,7212,834,243377,285552,42175,2246,2645,399,1,86.25228519,Arch
4,108,6,102,114,1,0,1,46,37,1,3,1.053590413,3631,6,42,0,413,405,8,19503,19011,492,171,169,2,1,95.21805662,Arch
229,17029,8363,8666,25392,64,15,79,68,745,1,25,6.731655427,52049,4,46,0,7249,6426,823,286737,245323,41414,2653,2258,395,1,86.61481785,Arch
230,8547,17023,8476,25570,31,54,85,63,547,1,25,6.747135543,60715,4,44,2,6432,7250,818,246324,286864,40540,2265,2654,389,1,86.54946852,Arch
229,17033,8364,8669,25397,64,15,79,68,743,1,25,6.731633096,52027,4,47,1,7244,6421,823,286632,245213,41419,2653,2258,395,1,85.33750559,Arch
229,8334,17003,8669,25337,30,54,84,63,549,1,25,6.733883606,60696,4,262,3,6419,7245,826,245071,286759,41688,2257,2654,397,1,85.33750559,Arch
229,17033,8364,8669,25397,64,15,79,68,743,1,25,6.731633096,52027,4,323,7,7244,6421,823,286632,245213,41419,2653,2258,395,1,85.33750559,Arch
229,8334,17003,8669,25337,30,54,84,63,549,1,25,6.733883606,60696,4,263,4,6419,7245,826,245071,286759,41688,2257,2654,397,1,85.33750559,Arch
231,17131,8401,8730,25532,65,15,80,68,733,1,25,6.748117851,52140,4,324,6,7252,6428,824,287305,245660,41645,2659,2263,396,1,86.75412611,Arch
229,8334,17003,8669,25337,30,54,84,63,549,1,25,6.733883606,60696,4,264,4,6419,7245,826,245071,286759,41688,2257,2654,397,1,86.80761099,Arch
229,17033,8364,8669,25397,64,15,79,68,743,1,25,6.731633096,52027,4,325,7,7244,6421,823,286632,245213,41419,2653,2258,395,1,86.80761099,Arch
229,8334,17003,8669,25337,30,54,84,63,549,1,25,6.733883606,60696,4,265,5,6419,7245,826,245071,286759,41688,2257,2654,397,1,86.80761099,Arch
229,17046,8364,8682,25410,64,15,79,69,746,1,25,6.730829069,52027,4,326,8,7246,6421,825,286755,245213,41542,2654,2258,396,1,86.80761099,Arch
229,8334,17016,8682,25350,30,54,84,63,549,1,25,6.733074772,60720,4,3,0,6422,7250,828,245123,286934,41811,2257,2655,398,1,86.80761099,Arch
229,17085,8364,8721,25449,64,15,79,69,747,1,25,6.730657143,52038,4,52,0,7256,6424,832,287057,245265,41792,2657,2258,399,1,86.80761099,Arch
229,8342,17102,8760,25444,30,52,82,63,532,1,25,6.731727505,60800,4,266,0,6423,7269,846,245131,287367,42236,2257,2657,400,1,86.80761099,Arch
229,17129,8367,8762,25496,64,15,79,70,745,1,25,6.728199216,52040,4,327,0,7269,6425,844,287248,245273,41975,2656,2258,398,1,86.80761099,Arch
229,8362,17078,8716,25440,30,54,84,63,513,1,25,6.730451991,60802,4,38,0,6430,7270,840,245399,287375,41976,2260,2657,397,1,86.80761099,Arch
229,17109,8385,8724,25494,64,15,79,70,736,1,25,6.729609151,52086,4,6,0,7272,6432,840,287279,245541,41738,2657,2261,396,1,86.80761099,Arch
229,8362,17078,8716,25440,30,54,84,63,502,1,25,6.730451991,60810,4,4,0,6433,7273,840,245430,287406,41976,2261,2658,397,1,86.80761099,Arch
229,17101,8385,8716,25486,64,15,79,70,736,1,25,6.728243467,52094,4,48,0,7272,6435,837,287279,245572,41707,2657,2262,395,1,86.80761099,Arch
229,8362,17078,8716,25440,30,54,84,63,502,1,25,6.730451991,60810,4,45,0,6433,7273,840,245430,287406,41976,2261,2658,397,1,86.80761099,Arch
235,17231,8886,8345,26117,64,16,80,70,764,1,25,6.762738816,53154,4,30,0,7336,6534,802,290413,250703,39710,2688,2309,379,1,86.2803579,Arch
236,9255,17250,7995,26505,32,54,86,63,473,1,25,6.777225633,61499,4,48,3,6553,7337,784,252477,290540,38063,2323,2689,366,1,86.20689655,Arch
236,17271,9425,7846,26696,64,17,81,70,755,1,25,6.77183715,53653,4,49,1,7336,6575,761,290413,253544,36869,2688,2327,361,1,86.12765957,Arch
236,9403,17249,7846,26652,32,54,86,64,466,1,25,6.774130488,61499,4,50,5,6573,7337,764,253402,290540,37138,2326,2689,363,1,86.12765957,Arch
236,17271,9425,7846,26696,64,17,81,70,755,1,25,6.77183715,53653,4,31,0,7336,6575,761,290413,253544,36869,2688,2327,361,1,86.12765957,Arch
236,9403,17249,7846,26652,32,54,86,64,466,1,25,6.774130488,61499,4,16,0,6573,7337,764,253402,290540,37138,2326,2689,363,1,86.12765957,Arch
237,17298,9427,7871,26725,64,17,81,70,771,1,25,6.776794143,53791,4,50,1,7352,6584,768,291145,254156,36989,2696,2333,363,1,86.12765957,Arch
236,9403,17250,7847,26653,32,54,86,64,475,1,25,6.77426187,61505,4,51,3,6574,7338,764,253423,290566,37143,2326,2689,363,1,86.12765957,Arch
236,17272,9425,7847,26697,64,17,81,70,762,1,25,6.771973768,53658,4,32,1,7337,6576,761,290439,253565,36874,2688,2327,361,1,86.12765957,Arch
236,9403,17250,7847,26653,32,54,86,64,475,1,25,6.77426187,61505,4,17,1,6574,7338,764,253423,290566,37143,2326,2689,363,1,86.12765957,Arch
236,17275,9425,7850,26700,64,17,81,70,758,1,25,6.772205486,53658,4,33,2,7338,6576,762,290455,253565,36890,2688,2327,361,1,86.12765957,Arch
236,9403,17250,7847,26653,32,54,86,64,482,1,25,6.77426187,61508,4,18,2,6575,7339,764,253439,290582,37143,2326,2689,363,1,86.12765957,Arch
240,17739,9437,8302,27176,67,17,84,70,744,1,25,6.80001942,53694,4,53,0,7370,6577,793,292592,253581,39011,2713,2327,386,1,85.83545377,Arch
239,9448,17376,7928,26824,32,54,86,64,473,1,25,6.79369286,61950,4,39,0,6596,7370,774,254998,292538,37540,2344,2713,369,1,86.04651163,Arch
239,17396,9512,7884,26908,64,17,81,70,746,1,25,6.796000349,54069,4,34,3,7367,6601,766,292460,255206,37254,2710,2346,364,1,86.04651163,Arch
239,9453,17367,7914,26820,32,54,86,64,489,1,25,6.793094077,61953,4,20,4,6599,7370,771,255084,292558,37474,2345,2713,368,1,86.04651163,Arch
239,17369,9488,7881,26857,64,17,81,70,746,1,25,6.789747957,54072,4,328,0,7367,6601,766,292461,255227,37234,2710,2346,364,1,86.04651163,Arch
8,610,194,416,804,1,0,1,89,51,1,3,2.1850816,3890,6,2,1,604,569,35,21956,19654,2302,208,197,11,1,91.55524279,Arch
36,307,115,192,422,2,0,2,90,1331,1,8,4.239625206,18071,4,102,0,2428,2418,10,88116,87184,932,772,765,7,1,93.8225256,Arch
20,974,977,3,1951,17,0,17,68,52,1,3,3.58829988,2749,8,23,4,334,402,68,11403,12429,1026,142,170,28,1,97.38857939,Arch
53,262,164,98,426,8,0,8,60,1963,1,12,4.92815227,10644,2,25,3,951,943,8,58454,57677,777,524,518,6,1,95.67099567,Arch
10,40,48,8,88,0,0,0,109,1299,1,9,2.522928166,3668,3,1,0,521,524,3,16662,16682,20,209,210,1,1,97.43510507,Arch
1,2,9,7,11,0,0,0,4,3800,1,1,0.0,250,3,4,0,29,30,1,813,853,40,12,12,0,1,97.43290548,Arch
95,2,2,0,4,94,0,94,1,0,1,19,0.0,11853,1,5,0,1211,1211,0,53816,53816,0,477,477,0,1,88.80813953,Arch
33,0,0,0,0,33,0,33,1,0,1,3,0.0,4113,1,8,1,587,587,0,21349,21349,0,331,331,0,1,96.16055846,Arch
509,0,0,0,0,509,0,509,1,0,4,28,0.0,107075,1,10,0,11407,11407,0,505793,505793,0,4754,4754,0,1,38.87530562,Arch
2,33,6,27,39,1,0,1,2,38,1,1,0.89049164,179,2,17,2,19,15,4,1032,947,85,15,11,4,1,97.2046589,Arch
225,0,0,0,0,225,0,225,1,0,1,11,0.0,47189,1,11,0,4646,4646,0,229024,229024,0,1992,1992,0,1,68.27427822,Arch
19,139,38,101,177,1,0,1,37,146,1,8,3.234895668,8998,5,33,1,1201,1198,3,44167,43735,432,418,415,3,1,96.99882767,Arch
744,30487,58886,28399,89373,14,144,158,9,19,6,55,8.545445599,151301,0,1,0,13159,16135,2976,578906,734573,155667,5701,7379,1678,1,82.60207963,Arch
744,58752,30629,28123,89381,142,14,156,38,262,6,55,8.536498879,123200,1,1,0,15960,13315,2645,721775,588816,132959,7313,5761,1552,0,82.55696203,Arch
744,30458,58709,28251,89167,14,154,168,9,24,6,55,8.546897543,151340,0,35,0,13186,16138,2952,579911,734717,154806,5711,7381,1670,1,82.65691959,Arch
744,58643,30602,28041,89245,142,14,156,38,262,6,55,8.53803681,123377,1,10,2,15968,13342,2626,722124,589821,132303,7317,5771,1546,1,82.65691959,Arch
744,30458,58787,28329,89245,14,154,168,9,24,6,55,8.547147018,151418,0,4,0,13186,16146,2960,579911,735013,155102,5711,7385,1674,1,82.65691959,Arch
745,58590,30606,27984,89196,141,14,155,38,262,6,55,8.541325445,123518,1,2,0,15972,13355,2617,722563,590490,132073,7320,5782,1538,1,83.25370883,Arch
745,30461,58733,28272,89194,14,153,167,9,26,6,55,8.550386287,151502,0,26,0,13199,16150,2951,580580,735452,154872,5722,7388,1666,1,83.25370883,Arch
745,58590,30606,27984,89196,141,14,155,38,262,6,55,8.541325445,123518,1,36,1,15972,13355,2617,722563,590490,132073,7320,5782,1538,1,83.25370883,Arch
745,30461,58733,28272,89194,14,153,167,9,26,6,55,8.550386287,151502,0,0,0,13199,16150,2951,580580,735452,154872,5722,7388,1666,1,83.25370883,Arch
745,58590,30606,27984,89196,141,14,155,38,262,6,55,8.541325445,123518,1,38,1,15972,13355,2617,722563,590490,132073,7320,5782,1538,1,83.25370883,Arch
745,30461,58733,28272,89194,14,153,167,9,26,6,55,8.550386287,151502,0,28,0,13199,16150,2951,580580,735452,154872,5722,7388,1666,1,83.25370883,Arch
749,59984,30687,29297,90671,144,14,158,39,262,6,55,8.545631836,123894,1,39,0,16156,13419,2737,731816,592717,139099,7406,5802,1604,1,84.76786646,Arch
749,30540,60103,29563,90643,14,156,170,9,24,6,55,8.554546492,153191,0,29,1,13263,16334,3071,582867,744705,161838,5742,7474,1732,1,84.76786646,Arch
749,59958,30683,29275,90641,144,14,158,39,262,6,55,8.545531478,123916,1,37,0,16156,13419,2737,731816,592777,139039,7406,5802,1604,1,84.76786646,Arch
749,30540,60103,29563,90643,14,156,170,9,24,6,55,8.554546492,153191,0,5,0,13263,16334,3071,582867,744705,161838,5742,7474,1732,3,84.76786646,Arch
749,59754,31437,28317,91191,144,15,159,39,262,6,55,8.536318806,123916,1,1,0,16044,13419,2625,727157,592777,134380,7388,5802,1586,1,84.70772443,Arch
748,31325,59835,28510,91160,15,155,170,9,24,6,55,8.543734764,152138,0,27,0,13263,16213,2950,582867,739600,156733,5742,7452,1710,1,84.63949843,Arch
748,59681,31506,28175,91187,142,15,157,39,261,6,55,8.535125874,123988,1,3,0,16037,13419,2618,726854,592777,134077,7385,5802,1583,3,84.63949843,Arch
748,31325,59835,28510,91160,15,155,170,9,26,6,55,8.543734764,152163,0,1,0,13265,16215,2950,583010,739743,156733,5743,7453,1710,1,84.63949843,Arch
749,59752,31506,28246,91258,143,15,158,39,261,6,55,8.537122617,124013,1,4,1,16043,13421,2622,727284,592920,134364,7391,5803,1588,1,81.65038002,Arch
748,31325,59835,28510,91160,15,155,170,9,25,6,55,8.543734764,152163,0,2,1,13265,16215,2950,583014,739747,156733,5743,7453,1710,1,81.68746609,Arch
748,59659,31509,28150,91168,142,15,157,39,261,6,55,8.53395866,124013,1,0,0,16037,13421,2616,726845,592924,133921,7385,5803,1582,3,81.68746609,Arch
750,31333,59847,28514,91180,15,155,170,9,28,6,55,8.544132586,152587,0,2,0,13291,16241,2950,585231,741985,156754,5763,7473,1710,2,82.09468395,Arch
750,59667,31513,28154,91180,142,15,157,39,258,6,55,8.534535409,124433,1,16,0,16063,13447,2616,729096,595141,133955,7405,5823,1582,1,82.09468395,Arch
750,31333,59847,28514,91180,15,155,170,9,28,6,55,8.544132586,152587,0,18,0,13291,16241,2950,585231,741985,156754,5763,7473,1710,1,82.09468395,Arch
750,59769,31514,28255,91283,142,15,157,39,258,6,55,8.533518694,124433,1,12,1,16080,13447,2633,729572,595141,134431,7415,5823,1592,1,82.09468395,Arch
750,31335,59950,28615,91285,15,155,170,9,28,6,55,8.543128055,152688,0,19,1,13291,16260,2969,585231,742479,157248,5763,7483,1720,1,82.09468395,Arch
750,59769,31514,28255,91283,142,15,157,39,258,6,55,8.533518694,124433,1,13,2,16082,13449,2633,729590,595159,134431,7415,5823,1592,1,82.09468395,Arch
750,31333,59948,28615,91281,15,155,170,9,28,6,55,8.543132612,152688,0,3,1,13293,16260,2967,585249,742479,157230,5763,7483,1720,1,82.09468395,Arch
750,59854,31531,28323,91385,142,15,157,39,258,6,55,8.533609724,124433,1,42,1,16086,13449,2637,730003,595159,134844,7416,5823,1593,1,82.13340392,Arch
750,31350,60033,28683,91383,15,155,170,9,28,6,55,8.543213205,152756,0,4,2,13293,16264,2971,585249,742892,157643,5763,7484,1721,1,82.13340392,Arch
750,59854,31531,28323,91385,142,15,157,39,258,6,55,8.533609724,124433,1,41,2,16086,13449,2637,730003,595159,134844,7416,5823,1593,1,82.13340392,Arch
750,31349,60078,28729,91427,15,155,170,9,31,6,55,8.542708805,152832,0,37,1,13295,16271,2976,585312,743344,158032,5763,7489,1726,1,82.13340392,Arch
750,59899,31530,28369,91429,142,15,157,39,258,6,55,8.533130308,124463,1,42,2,16093,13451,2642,730455,595222,135233,7421,5823,1598,1,82.13340392,Arch
750,31349,60078,28729,91427,15,155,170,9,32,6,55,8.542708805,152832,0,0,0,13295,16271,2976,585309,743341,158032,5763,7489,1726,1,82.13340392,Arch
750,59899,31530,28369,91429,142,15,157,39,258,6,55,8.533130308,124463,1,18,2,16093,13451,2642,730452,595219,135233,7421,5823,1598,1,82.13340392,Arch
750,31351,60080,28729,91431,15,155,170,9,32,6,55,8.542731451,152832,0,0,0,13295,16271,2976,585309,743345,158036,5763,7489,1726,1,82.13340392,Arch
750,59901,31532,28369,91433,142,15,157,39,258,6,55,8.533153675,124463,1,43,2,16093,13451,2642,730456,595219,135237,7421,5823,1598,1,82.13340392,Arch
750,31349,60078,28729,91427,15,155,170,9,34,6,55,8.542708805,152832,0,5,2,13295,16271,2976,585313,743345,158032,5763,7489,1726,1,82.13340392,Arch
750,59899,31530,28369,91429,142,15,157,39,258,6,55,8.533130308,124463,1,32,0,16093,13451,2642,730460,595223,135237,7421,5823,1598,3,82.13340392,Arch
14,142,19,123,161,0,0,0,32,169,1,3,3.177072265,8525,4,16,1,1065,1046,19,43031,42345,686,429,420,9,1,96.54839488,Arch
750,31351,60203,28852,91554,15,155,170,9,34,6,55,8.541994921,152955,0,28,0,13295,16290,2995,585313,744035,158722,5763,7498,1735,1,80.95358864,Arch
750,60024,31532,28492,91556,142,15,157,39,258,6,55,8.532428393,124463,1,45,1,16112,13451,2661,731146,595223,135923,7430,5823,1607,1,80.95358864,Arch
750,31361,60215,28854,91576,15,155,170,9,35,6,55,8.542586697,152955,0,0,0,13295,16290,2995,585313,744035,158722,5763,7498,1735,1,80.95358864,Arch
3,325,4,321,329,1,0,1,7,291,1,3,0.59472708,1977,1,31,0,328,286,42,11405,9719,1686,123,112,11,1,96.61590525,Arch
3,4,325,321,329,0,1,1,8,3,1,3,0.59472708,2298,2,30,0,286,328,42,9719,11405,1686,112,123,11,1,96.61590525,Arch
413,6867,9593,2726,16460,20,16,36,42,271,6,37,7.487601554,105299,1,6,0,10457,10711,254,538042,559337,21295,4674,4780,106,1,89.07582938,Arch
404,9373,6928,2445,16301,39,4,43,45,560,7,36,7.446079335,100880,2,51,0,10496,10267,229,551323,531301,20022,4658,4569,89,1,89.30430667,Arch
404,6926,9371,2445,16297,20,15,35,42,275,6,36,7.44685912,103325,1,51,0,10267,10496,229,531301,551323,20022,4569,4658,89,1,89.30430667,Arch
416,10154,7503,2651,17657,42,4,46,45,588,7,39,7.505573853,102070,2,14,2,10674,10414,260,559506,538068,21438,4730,4616,114,1,89.08533711,Arch
416,7499,10150,2651,17649,21,18,39,42,273,7,39,7.506625081,104721,1,28,1,10414,10674,260,538068,559506,21438,4616,4730,114,1,89.08533711,Arch
416,10154,7503,2651,17657,42,4,46,45,588,7,39,7.505573853,102070,2,7,0,10674,10414,260,559506,538068,21438,4730,4616,114,1,89.08533711,Arch
416,7499,10150,2651,17649,21,18,39,42,273,7,39,7.506625081,104721,1,29,2,10414,10674,260,538068,559506,21438,4616,4730,114,1,89.08533711,Arch
416,10154,7503,2651,17657,42,4,46,45,588,7,39,7.505573853,102070,2,0,0,10674,10414,260,559506,538068,21438,4730,4616,114,1,89.08533711,Arch
416,7499,10150,2651,17649,21,18,39,42,273,7,39,7.506625081,104721,1,0,0,10414,10674,260,538068,559506,21438,4616,4730,114,1,89.08533711,Arch
416,10154,7503,2651,17657,42,4,46,45,588,7,39,7.505573853,102070,2,1,1,10674,10414,260,559506,538068,21438,4730,4616,114,0,89.08533711,Arch
16,1917,3,1914,1920,14,0,14,36,39,1,4,3.652855901,4296,1,42,0,915,698,217,26131,17919,8212,388,277,111,1,97.75445448,Arch
429,7502,12067,4565,19569,21,31,52,42,266,7,41,7.586722876,106635,1,67,0,10414,10891,477,538068,567718,29650,4616,4841,225,1,88.95472861,Arch
431,12526,7536,4990,20062,57,4,61,46,581,7,41,7.600554803,102070,2,11,0,10938,10414,524,569998,538068,31930,4866,4616,250,1,88.89152061,Arch
433,7557,12528,4971,20085,21,33,54,42,266,7,41,7.606849821,107971,1,5,0,10527,11048,521,541421,573296,31875,4670,4919,249,1,88.89152061,Arch
433,12534,7562,4972,20096,57,4,61,47,584,7,41,7.606045438,103000,2,43,1,11048,10527,521,573296,541421,31875,4919,4670,249,1,88.89152061,Arch
433,7559,12530,4971,20089,21,33,54,42,267,7,41,7.606960934,107972,1,40,0,10527,11048,521,541421,573296,31875,4670,4919,249,1,88.89152061,Arch
436,12715,7563,5152,20278,60,4,64,47,587,7,42,7.613899749,103203,2,12,1,11071,10530,541,574836,542056,32780,4931,4672,259,1,88.84943182,Arch
468,7806,13312,5506,21118,22,36,58,43,220,7,45,7.698370123,119358,1,41,0,11782,12359,577,589514,624788,35274,5150,5440,290,1,88.73405763,Arch
468,13313,7806,5507,21119,62,4,66,50,546,7,45,7.697811942,113852,2,0,0,12359,11782,577,624806,589514,35292,5440,5150,290,1,88.73405763,Arch
468,7806,13312,5506,21118,22,36,58,43,221,7,45,7.698370123,119359,1,0,0,11782,12359,577,589532,624806,35274,5150,5440,290,1,88.73405763,Arch
471,13450,7833,5617,21283,63,4,67,50,545,7,46,7.711919436,114171,2,14,1,12423,11837,586,626948,591281,35667,5464,5167,297,1,88.70283019,Arch
3,96,2,94,98,2,0,2,52,104,1,3,1.101083755,2313,1,0,0,351,349,2,11495,10992,503,161,159,2,1,96.97038724,Arch
474,7869,13607,5738,21476,22,38,60,44,235,7,47,7.733886005,120212,1,0,0,11863,12453,590,592928,629245,36317,5184,5487,303,1,88.29127933,Arch
484,14750,7878,6872,22628,72,4,76,53,523,7,50,7.785394169,114599,2,51,0,12569,11870,699,635551,593218,42333,5541,5189,352,1,87.90748899,Arch
485,7893,14767,6874,22660,22,46,68,44,199,7,50,7.790514797,121765,1,0,0,11907,12606,699,594754,637124,42370,5197,5549,352,1,87.90748899,Arch
485,14789,7917,6872,22706,71,4,75,53,524,7,50,7.795070616,114891,2,2,1,12606,11907,699,637086,594754,42332,5549,5197,352,1,87.90748899,Arch
485,7929,14777,6848,22706,21,46,67,44,200,7,50,7.796120393,121763,1,0,0,11910,12606,696,594878,637086,42208,5198,5549,351,1,87.90748899,Arch
485,14923,7930,6993,22853,71,4,75,54,524,7,50,7.783607282,114915,2,46,1,12621,11910,711,637924,594878,43046,5550,5198,352,1,87.90748899,Arch
485,7930,14923,6993,22853,21,46,67,44,200,7,50,7.784301808,121908,1,52,0,11910,12621,711,594878,637924,43046,5198,5550,352,1,87.90748899,Arch
485,14923,7930,6993,22853,71,4,75,54,524,7,50,7.783607282,114915,2,15,0,12621,11910,711,637924,594878,43046,5550,5198,352,1,87.90748899,Arch
485,7930,14923,6993,22853,21,46,67,44,200,7,50,7.784301808,121908,1,7,0,11910,12621,711,594878,637924,43046,5198,5550,352,1,87.90748899,Arch
485,14928,7937,6991,22865,70,4,74,54,524,7,50,7.784632798,114915,2,0,0,12620,11910,710,637917,594878,43039,5550,5198,352,1,87.90748899,Arch
486,8014,15149,7135,23163,21,47,68,44,201,7,50,7.785529755,122050,1,5,0,11910,12636,726,594882,638586,43704,5198,5560,362,1,87.86878027,Arch
486,15149,8014,7135,23163,71,4,75,54,523,7,50,7.784844525,114915,2,0,0,12636,11910,726,638586,594882,43704,5560,5198,362,1,87.86878027,Arch
486,8014,15149,7135,23163,21,47,68,44,201,7,50,7.785529755,122050,1,0,0,11910,12636,726,594882,638586,43704,5198,5560,362,1,87.86878027,Arch
486,15149,8014,7135,23163,71,4,75,54,523,7,50,7.784844525,114915,2,35,0,12636,11910,726,638586,594882,43704,5560,5198,362,1,87.86878027,Arch
486,8014,15149,7135,23163,21,47,68,44,201,7,50,7.785529755,122050,1,0,0,11910,12636,726,594882,638586,43704,5198,5560,362,1,87.86878027,Arch
486,15149,8014,7135,23163,71,4,75,54,523,7,50,7.784844525,114915,2,17,1,12636,11910,726,638586,594882,43704,5560,5198,362,3,87.86878027,Arch
486,8014,15149,7135,23163,21,47,68,44,201,7,50,7.785529755,122050,1,8,0,11910,12636,726,594882,638586,43704,5198,5560,362,3,87.86878027,Arch
486,15149,8014,7135,23163,71,4,75,54,523,7,50,7.784844525,114915,2,52,0,12636,11910,726,638586,594882,43704,5560,5198,362,1,87.86878027,Arch
17,1275,214,1061,1489,8,0,8,55,404,1,6,3.268486381,7883,5,36,1,1214,1076,138,43625,38208,5417,427,375,52,6,89.63128492,Arch
493,8256,16475,8219,24731,21,50,71,44,202,7,51,7.816566292,124395,1,53,0,12067,12935,868,600279,649508,49229,5247,5662,415,1,84.92450639,Arch
493,16477,8258,8219,24735,74,4,78,55,532,7,51,7.816050735,116176,2,10,0,12935,12067,868,649508,600279,49229,5662,5247,415,1,84.92450639,Arch
493,8256,16475,8219,24731,21,50,71,44,202,7,51,7.816566292,124395,1,0,0,12067,12935,868,600279,649508,49229,5247,5662,415,1,84.92450639,Arch
493,16484,8265,8219,24749,74,4,78,55,531,7,51,7.817416265,116176,2,27,0,12935,12067,868,649508,600279,49229,5662,5247,415,1,84.92450639,Arch
493,8272,16319,8047,24591,21,49,70,44,203,7,51,7.81482232,124395,1,9,0,12084,12935,851,601220,649508,48288,5253,5662,409,2,84.92450639,Arch
494,16404,8304,8100,24708,73,4,77,56,531,7,51,7.823074751,116441,2,0,0,12957,12095,862,650279,601621,48658,5674,5263,411,1,84.92450639,Arch
493,8278,16452,8174,24730,21,49,70,44,206,7,51,7.816283079,124538,1,9,0,12085,12952,867,601340,650452,49112,5254,5669,415,2,84.92450639,Arch
493,15934,8303,7631,24237,73,4,77,57,529,7,51,7.838372079,116933,2,32,3,12954,12155,799,650598,604190,46408,5670,5284,386,3,85.05447655,Arch
493,8305,15933,7628,24238,21,48,69,45,213,7,51,7.839465064,124564,1,11,2,12155,12954,799,604217,650598,46381,5284,5670,386,1,85.05447655,Arch
494,15938,8308,7630,24246,73,4,77,57,533,7,52,7.839944214,117087,2,0,0,12967,12168,799,651367,604959,46408,5676,5290,386,1,85.05447655,Arch
493,8305,15933,7628,24238,21,48,69,45,213,7,51,7.839465064,124564,1,3,3,12155,12954,799,604217,650598,46381,5284,5670,386,1,85.05447655,Arch
493,15981,8308,7673,24289,73,4,77,57,531,7,51,7.838832825,116936,2,1,1,12963,12155,808,650863,604217,46646,5671,5284,387,1,85.05447655,Arch
493,8309,15940,7631,24249,21,48,69,45,213,7,51,7.839330814,124609,1,4,4,12164,12963,799,604486,650863,46377,5285,5671,386,1,85.05447655,Arch
493,15941,8307,7634,24248,73,4,77,57,531,7,51,7.838238293,116978,2,14,1,12963,12164,799,650890,604486,46404,5671,5285,386,1,85.05447655,Arch
493,8305,15939,7634,24244,21,48,69,45,213,7,51,7.83877659,124614,1,1,0,12164,12963,799,604508,650912,46404,5285,5671,386,1,85.05447655,Arch
493,15941,8307,7634,24248,73,4,77,57,531,7,51,7.838238293,116980,2,34,5,12963,12164,799,650912,604508,46404,5671,5285,386,0,85.05447655,Arch
494,8306,15940,7634,24246,21,48,69,45,212,7,51,7.839367971,124643,1,12,0,12164,12963,799,604576,650980,46404,5285,5671,386,1,85.05447655,Arch
17,1275,214,1061,1489,8,0,8,55,404,1,6,3.268486381,7883,5,36,1,1214,1076,138,43625,38208,5417,427,375,52,6,89.63128492,Arch
28,1082,176,906,1258,6,0,6,58,468,1,8,3.337391475,14578,3,0,0,2305,2188,117,75989,70936,5053,789,745,44,1,93.92534765,Arch
28,176,1082,906,1258,1,3,4,56,497,1,8,3.337391475,15484,2,13,0,2188,2305,117,70936,75989,5053,745,789,44,1,93.92534765,Arch
32,1158,183,975,1341,8,0,8,59,462,1,9,3.560316017,16636,3,0,0,2563,2434,129,86538,81015,5523,873,826,47,1,93.92534765,Arch
28,176,1082,906,1258,1,3,4,57,493,1,8,3.337391475,15488,2,0,0,2189,2306,117,70950,76003,5053,746,790,44,1,93.92534765,Arch
28,1068,170,898,1238,6,0,6,59,455,1,7,3.268496841,15901,3,30,0,2473,2357,116,81070,76037,5033,839,796,43,1,93.92534765,Arch
27,169,1067,898,1236,1,3,4,57,464,1,7,3.256446958,15314,2,30,0,2177,2293,116,69918,74949,5031,738,781,43,1,93.92534765,Arch
27,1067,169,898,1236,6,0,6,59,460,1,7,3.256446958,14416,3,0,0,2293,2177,116,74949,69918,5031,781,738,43,1,93.92534765,Arch
27,169,1067,898,1236,1,3,4,57,464,1,7,3.256446958,15314,2,29,5,2177,2293,116,69918,74949,5031,738,781,43,3,93.92534765,Arch
27,1067,169,898,1236,6,0,6,59,460,1,7,3.256446958,14416,3,1,1,2293,2177,116,74949,69918,5031,781,738,43,1,93.92534765,Arch
27,169,1067,898,1236,1,3,4,57,464,1,7,3.256446958,15314,2,30,6,2177,2293,116,69918,74949,5031,738,781,43,3,93.92534765,Arch
28,1071,170,901,1241,6,0,6,59,456,1,8,3.281179823,14509,3,14,1,2298,2182,116,75491,70433,5058,785,742,43,1,93.92534765,Arch
28,170,1071,901,1241,1,3,4,57,441,1,8,3.281179823,15410,2,0,0,2182,2298,116,70433,75491,5058,742,785,43,1,93.92534765,Arch
30,1117,171,946,1288,7,0,7,59,467,1,10,3.423603523,15707,3,1,1,2433,2308,125,83420,78097,5323,854,810,44,1,93.92534765,Arch
28,170,1071,901,1241,1,3,4,57,441,1,8,3.281179823,15410,2,1,1,2182,2298,116,70433,75491,5058,742,785,43,1,93.92534765,Arch
28,1070,170,900,1240,6,0,6,59,444,1,8,3.277285807,14512,3,1,0,2298,2182,116,75513,70460,5053,785,742,43,1,93.92534765,Arch
27,169,1067,898,1236,1,3,4,57,464,1,7,3.256446958,15314,2,1,0,2177,2293,116,69918,74949,5031,738,781,43,1,93.92534765,Arch
29,1116,176,940,1292,7,0,7,59,475,1,9,3.415060019,14978,3,31,0,2328,2206,122,78062,72793,5269,802,756,46,2,93.92534765,Arch
27,169,1067,898,1236,1,3,4,57,464,1,7,3.256446958,15314,2,31,0,2177,2293,116,69918,74949,5031,738,781,43,2,93.92534765,Arch
29,1069,171,898,1240,6,0,6,59,510,1,7,3.280511613,14477,3,15,0,2293,2177,116,75114,70083,5031,781,738,43,1,93.92534765,Arch
27,169,1067,898,1236,1,3,4,57,464,1,7,3.256446958,15314,2,15,1,2177,2293,116,69918,74949,5031,738,781,43,1,93.92534765,Arch
27,1067,169,898,1236,6,0,6,59,460,1,7,3.256446958,14416,3,16,1,2293,2177,116,74949,69918,5031,781,738,43,1,93.92534765,Arch
27,169,1067,898,1236,1,3,4,57,464,1,7,3.256446958,15314,2,16,2,2177,2293,116,69918,74949,5031,738,781,43,1,93.92534765,Arch
29,1075,170,905,1245,7,0,7,59,442,1,8,3.300234166,15317,3,17,2,2365,2249,116,80878,75778,5100,831,788,43,3,93.87655526,Arch
27,169,1067,898,1236,1,3,4,57,464,1,7,3.256446958,15314,2,17,3,2177,2293,116,69918,74949,5031,738,781,43,3,93.96235639,Arch
28,1070,169,901,1239,7,0,7,59,547,2,8,3.273092232,14466,3,2,0,2297,2180,117,75033,69991,5042,783,740,43,1,93.96235639,Arch
27,169,1067,898,1236,1,3,4,57,464,1,7,3.256446958,15314,2,2,0,2177,2293,116,69918,74949,5031,738,781,43,1,93.96235639,Arch
27,1067,169,898,1236,6,0,6,59,460,1,7,3.256446958,14416,3,0,0,2293,2177,116,74949,69918,5031,781,738,43,3,93.96235639,Arch
27,169,1067,898,1236,1,3,4,57,477,1,7,3.256446958,15317,2,0,0,2177,2293,116,69929,74960,5031,738,781,43,1,93.86837121,Arch
28,1094,176,918,1270,6,0,6,59,463,1,7,3.347200499,16298,3,18,3,2444,2325,119,86115,80962,5153,822,779,43,1,93.86837121,Arch
27,169,1067,898,1236,1,3,4,57,477,1,7,3.256446958,15317,2,18,4,2177,2293,116,69929,74960,5031,738,781,43,1,93.86837121,Arch
27,1067,169,898,1236,6,0,6,59,467,1,7,3.256446958,14419,3,1,1,2293,2177,116,74960,69929,5031,781,738,43,1,93.86837121,Arch
27,169,1067,898,1236,1,3,4,57,477,1,7,3.256446958,15317,2,1,1,2177,2293,116,69929,74960,5031,738,781,43,1,93.86837121,Arch
29,1199,174,1025,1373,7,0,7,59,486,1,8,3.438324636,14543,3,19,4,2312,2189,123,76009,70331,5678,790,742,48,1,93.80028396,Arch
27,169,1067,898,1236,1,3,4,57,484,1,7,3.256446958,15326,2,19,4,2178,2294,116,70002,75033,5031,738,781,43,1,93.87417219,Arch
27,1067,169,898,1236,6,0,6,59,466,1,7,3.256446958,14428,3,20,5,2294,2178,116,75033,70002,5031,781,738,43,1,93.87417219,Arch
27,169,1067,898,1236,1,3,4,57,484,1,7,3.256446958,15326,2,20,5,2178,2294,116,70002,75033,5031,738,781,43,1,93.87417219,Arch
27,1068,170,898,1238,6,0,6,60,469,1,7,3.260280094,14428,3,0,0,2294,2178,116,75033,70002,5031,781,738,43,1,93.87417219,Arch
28,187,1068,881,1255,2,3,5,57,460,1,8,3.319287565,15603,2,32,1,2209,2322,113,71206,76130,4924,750,791,41,1,93.87417219,Arch
28,1068,187,881,1255,6,0,6,60,501,1,8,3.319287565,14722,3,2,2,2322,2209,113,76130,71206,4924,791,750,41,1,93.87417219,Arch
28,187,1068,881,1255,2,3,5,57,460,1,8,3.319287565,15603,2,2,2,2209,2322,113,71206,76130,4924,750,791,41,1,93.87417219,Arch
28,1068,187,881,1255,6,0,6,60,501,1,8,3.319287565,14722,3,0,0,2322,2209,113,76130,71206,4924,791,750,41,1,93.87417219,Arch
28,187,1068,881,1255,2,3,5,57,460,1,8,3.319287565,15603,2,31,0,2209,2322,113,71206,76130,4924,750,791,41,1,93.87417219,Arch
29,1070,187,883,1257,7,0,7,60,490,1,9,3.331090315,16462,3,0,0,2568,2455,113,85050,80120,4930,859,818,41,1,93.87417219,Arch
28,187,1068,881,1255,2,3,5,57,460,1,8,3.319287565,15603,2,0,0,2209,2322,113,71206,76130,4924,750,791,41,1,93.87417219,Arch
30,1096,188,908,1284,7,0,7,60,540,1,10,3.408218438,15038,3,0,0,2348,2233,115,77358,72306,5052,807,765,42,1,93.8268685,Arch
28,187,1068,881,1255,2,3,5,57,460,1,8,3.319287565,15603,2,0,0,2209,2322,113,71206,76130,4924,750,791,41,1,93.87417219,Arch
28,1069,188,881,1257,6,0,6,60,497,1,8,3.325347052,14722,3,1,0,2322,2209,113,76131,71206,4925,791,750,41,1,93.87417219,Arch
3,73,2,71,75,2,0,2,4,869,1,2,0.589751865,705,4,0,0,72,69,3,4106,3791,315,36,33,3,1,97.76004119,Arch
36,206,1171,965,1377,2,4,6,58,481,2,12,3.614224605,19858,2,47,0,2732,2850,118,90420,95714,5294,948,992,44,3,94.16586307,Arch
36,1171,206,965,1377,8,0,8,61,522,2,12,3.614224605,18893,3,4,0,2850,2732,118,95714,90420,5294,992,948,44,1,94.16586307,Arch
36,228,1182,954,1410,2,4,6,58,481,2,12,3.648368091,19846,2,53,0,2732,2846,114,90411,95663,5252,948,992,44,1,94.16586307,Arch
37,1189,230,959,1419,8,0,8,63,513,2,12,3.680654408,20377,3,0,0,3026,2912,114,101797,96532,5265,1050,1006,44,1,94.16586307,Arch
36,228,1182,954,1410,2,4,6,58,481,2,12,3.648368091,19846,2,0,0,2732,2846,114,90411,95663,5252,948,992,44,1,94.16586307,Arch
36,1182,228,954,1410,8,0,8,63,524,2,12,3.648368091,18892,3,41,1,2846,2732,114,95663,90411,5252,992,948,44,1,94.16586307,Arch
39,279,1209,930,1488,2,4,6,58,475,2,14,3.821359036,20569,2,0,0,2802,2913,111,94359,99539,5180,977,1020,43,1,94.11764706,Arch
38,1202,269,933,1471,8,0,8,64,576,2,14,3.774383573,19346,3,0,0,2874,2763,111,98003,92813,5190,1010,967,43,1,94.11764706,Arch
38,282,1420,1138,1702,2,4,6,58,479,2,14,4.000751515,20484,2,54,0,2763,2894,131,92813,99329,6516,967,1020,53,1,94.09353905,Arch
39,1428,290,1138,1718,7,0,7,64,519,2,15,4.03969651,19797,3,2,0,2948,2817,131,102808,96308,6500,1029,976,53,1,94.09353905,Arch
38,282,1420,1138,1702,2,4,6,58,479,2,14,4.000751515,20484,2,2,0,2763,2894,131,92813,99329,6516,967,1020,53,1,94.09353905,Arch
54,2789,307,2482,3096,22,0,22,65,554,2,21,4.562116493,21603,7,3,1,3205,2941,264,117984,103455,14529,1199,1072,127,1,90.25341131,Arch
54,307,2789,2482,3096,2,10,12,58,433,2,21,4.562116493,24085,6,0,0,2941,3205,264,103455,117984,14529,1072,1199,127,1,90.25341131,Arch
55,2792,307,2485,3099,23,0,23,65,557,2,21,4.568788811,21672,7,0,0,3210,2946,264,118323,103767,14556,1204,1077,127,1,90.25341131,Arch
55,307,2792,2485,3099,2,10,12,58,434,2,21,4.568788811,24157,6,0,0,2946,3210,264,103767,118323,14556,1077,1204,127,1,90.25341131,Arch
59,2801,313,2488,3114,24,0,24,65,618,2,21,4.59845156,23388,7,1,0,3408,3144,264,124881,110354,14527,1323,1196,127,1,90.25341131,Arch
59,313,2801,2488,3114,5,10,15,58,404,2,21,4.59845156,25876,6,32,0,3144,3408,264,110354,124881,14527,1196,1323,127,1,90.25341131,Arch
60,2804,316,2488,3120,24,0,24,65,626,2,21,4.609730835,23736,7,30,1,3436,3172,264,126555,112028,14527,1335,1208,127,1,90.25341131,Arch
59,313,2801,2488,3114,5,10,15,58,404,2,21,4.59845156,25876,6,33,1,3144,3408,264,110354,124881,14527,1196,1323,127,1,90.25341131,Arch
59,2801,313,2488,3114,24,0,24,65,618,2,21,4.59845156,23388,7,0,0,3408,3144,264,124881,110354,14527,1323,1196,127,1,90.25341131,Arch
59,313,2801,2488,3114,5,10,15,58,404,2,21,4.59845156,25876,6,0,0,3144,3408,264,110354,124881,14527,1196,1323,127,1,90.25341131,Arch
59,2801,313,2488,3114,24,0,24,65,618,2,21,4.59845156,23388,7,1,1,3408,3144,264,124881,110354,14527,1323,1196,127,1,90.25341131,Arch
59,313,2801,2488,3114,5,10,15,58,404,2,21,4.59845156,25876,6,1,1,3144,3408,264,110354,124881,14527,1196,1323,127,1,90.25341131,Arch
59,2801,313,2488,3114,24,0,24,65,618,2,21,4.59845156,23388,7,31,2,3408,3144,264,124881,110354,14527,1323,1196,127,1,90.25341131,Arch
59,313,2801,2488,3114,5,10,15,58,404,2,21,4.59845156,25876,6,34,2,3144,3408,264,110354,124881,14527,1196,1323,127,1,90.25341131,Arch
59,2801,313,2488,3114,24,0,24,65,618,2,21,4.59845156,23388,7,32,3,3408,3144,264,124881,110354,14527,1323,1196,127,2,90.25341131,Arch
1,34,26,8,60,0,0,0,12,1844,1,1,0.0,301,10,0,0,38,36,2,1414,1365,49,22,21,1,1,97.97063903,Arch
59,313,2801,2488,3114,5,10,15,58,404,2,21,4.59845156,25876,6,0,0,3144,3408,264,110354,124881,14527,1196,1323,127,1,89.86021744,Arch
59,2801,313,2488,3114,24,0,24,65,618,2,21,4.59845156,23388,7,6,0,3408,3144,264,124881,110354,14527,1323,1196,127,1,89.86021744,Arch
60,318,2800,2482,3118,4,9,13,58,406,2,21,4.61038513,26542,6,0,0,3215,3478,263,112819,127328,14509,1227,1354,127,1,89.86021744,Arch
61,2801,319,2482,3120,24,0,24,65,614,2,21,4.615153833,25802,7,3,0,3724,3461,263,136248,121739,14509,1422,1295,127,1,89.86021744,Arch
60,318,2800,2482,3118,4,10,14,58,406,2,21,4.61038513,26542,6,3,0,3215,3478,263,112819,127328,14509,1227,1354,127,1,89.86021744,Arch
65,2827,330,2497,3157,24,0,24,65,628,2,22,4.672203534,29985,7,0,0,4066,3802,264,150700,136088,14612,1594,1465,129,1,89.83802973,Arch
60,318,2800,2482,3118,4,10,14,58,406,2,21,4.61038513,26542,6,0,0,3215,3478,263,112819,127328,14509,1227,1354,127,1,89.86021744,Arch
62,2810,320,2490,3130,24,0,24,65,647,3,23,4.632761081,24392,7,0,0,3505,3240,265,129304,114718,14586,1369,1242,127,1,89.86021744,Arch
62,320,2810,2490,3130,4,10,14,58,409,3,23,4.632761081,26882,6,55,0,3240,3505,265,114718,129304,14586,1242,1369,127,1,89.86021744,Arch
62,2833,321,2512,3154,24,0,24,65,667,3,23,4.62789005,24392,7,43,0,3508,3240,268,129478,114718,14760,1371,1242,129,1,89.86021744,Arch
62,320,2832,2512,3152,4,10,14,58,409,3,23,4.627948953,26904,6,38,0,3240,3508,268,114718,129478,14760,1242,1371,129,1,89.86021744,Arch
62,2833,321,2512,3154,24,0,24,65,667,3,23,4.62789005,24392,7,0,0,3508,3240,268,129478,114718,14760,1371,1242,129,1,89.86021744,Arch
62,320,2832,2512,3152,4,10,14,58,427,3,23,4.627948953,26907,6,0,0,3241,3509,268,114727,129487,14760,1242,1371,129,2,89.82487253,Arch
62,2833,321,2512,3154,24,0,24,65,657,3,23,4.62789005,24395,7,0,0,3509,3241,268,129487,114727,14760,1371,1242,129,0,89.82487253,Arch
62,320,2832,2512,3152,4,10,14,58,427,3,23,4.627948953,26907,6,1,0,3241,3509,268,114727,129487,14760,1242,1371,129,1,89.82487253,Arch
63,3267,785,2482,4052,24,0,24,65,667,3,23,4.365374566,24964,7,21,0,3509,3241,268,130647,115887,14760,1371,1242,129,1,89.82487253,Arch
67,792,3274,2482,4066,4,10,14,58,428,3,24,4.389933235,30030,6,2,0,3575,3843,268,128178,142958,14780,1335,1464,129,2,89.82487253,Arch
66,3273,791,2482,4064,24,0,24,65,709,3,23,4.383254128,27481,7,1,0,3837,3569,268,142676,127896,14780,1461,1332,129,1,89.82487253,Arch
66,790,3272,2482,4062,4,10,14,58,403,3,23,4.382999266,29963,6,56,0,3569,3837,268,127896,142676,14780,1332,1461,129,1,89.82487253,Arch
74,3542,1105,2437,4647,24,0,24,65,712,3,24,4.585393733,30651,7,55,0,4103,3830,273,160842,146281,14561,1567,1432,135,1,89.60088692,Arch
74,1113,3550,2437,4663,4,11,15,58,381,3,24,4.583944635,33088,6,57,1,3830,4103,273,146281,160842,14561,1432,1567,135,3,89.60088692,Arch
74,3542,1105,2437,4647,24,0,24,65,712,3,24,4.585393733,30651,7,59,2,4103,3830,273,160842,146281,14561,1567,1432,135,1,89.60088692,Arch
74,1113,3550,2437,4663,4,11,15,58,381,3,24,4.583944635,33088,6,58,2,3830,4103,273,146281,160842,14561,1432,1567,135,1,89.60088692,Arch
86,3873,1112,2761,4985,32,0,32,65,764,3,27,4.838667239,35042,7,4,0,4507,4211,296,185205,168924,16281,1809,1655,154,1,89.55323405,Arch
86,1120,3881,2761,5001,4,13,17,58,408,3,27,4.836829306,37803,6,59,3,4211,4507,296,168924,185205,16281,1655,1809,154,1,89.55323405,Arch
87,3875,1114,2761,4989,32,0,32,65,804,4,28,4.844189776,35433,7,56,1,4575,4279,296,187252,170971,16281,1832,1678,154,1,89.55323405,Arch
107,1969,4670,2701,6639,7,15,22,58,355,4,35,5.164628414,42514,6,60,4,4704,4995,291,189997,206100,16103,1815,1981,166,1,89.24205379,Arch
107,4662,1961,2701,6623,34,3,37,65,1240,4,35,5.165814851,39813,7,63,6,4995,4704,291,206100,189997,16103,1981,1815,166,0,89.24205379,Arch
107,1969,4670,2701,6639,7,15,22,58,355,4,35,5.164628414,42514,6,32,0,4704,4995,291,189997,206100,16103,1815,1981,166,1,89.24205379,Arch
