NMF,TotalAddLines,TotalDeleteLines,LC,LC_1,FileAdd,FileDelete,NAD,NUC,AGE,NMS,NMD,Entropy ,MLMF,NDVE,EXP,REXP,CommitComplexity,LastCommitComplexity,CFC,CommitTokenCount,LastCommitTokenCount,NCC,CommitMethodNum,LastCommitMethodNum,NFC,NIR,a2a,Tag
1,5,5,0,10,0,0,0,89,133,1,1,0.0,1038,11,27,27,208,208,0,4998,4998,0,90,90,0,0,100.0,NoArch
4,65,51,14,116,1,0,1,5,0,1,4,0.984268642,1240,1,29,29,163,162,1,5344,5258,86,92,92,0,0,100.0,NoArch
1,6,16,10,22,0,0,0,2,1669,1,1,0.0,252,2,62,3,34,36,2,888,926,38,15,15,0,1,100.0,NoArch
0,0,0,0,0,0,0,0,0,0,0,0,0.0,0,0,739,71,0,0,0,0,0,0,0,0,0,0,100.0,NoArch
0,0,0,0,0,0,0,0,0,0,0,0,0.0,0,0,66,7,0,0,0,0,0,0,0,0,0,0,100.0,NoArch
0,0,0,0,0,0,0,0,0,0,0,0,0.0,0,0,716,67,0,0,0,0,0,0,0,0,0,1,100.0,NoArch
0,0,0,0,0,0,0,0,0,0,0,0,0.0,0,0,140,140,0,0,0,0,0,0,0,0,0,0,100.0,NoArch
4,7,5,2,12,0,0,0,330,110,1,4,1.79248125,4858,1,2043,37,1148,1147,1,32146,32116,30,211,211,0,0,100.0,NoArch
0,0,0,0,0,0,0,0,0,0,0,0,0.0,0,0,161,161,0,0,0,0,0,0,0,0,0,0,100.0,NoArch
2,88,30,58,118,0,0,0,2,2,1,2,0.95285881,386,1,19,12,73,56,17,3441,2960,481,31,26,5,0,100.0,NoArch
1,1,1,0,2,0,0,0,5,0,1,1,0.0,264,3,41,6,42,42,0,995,988,7,14,14,0,0,100.0,NoArch
0,0,0,0,0,0,0,0,0,0,0,0,0.0,0,0,188,13,0,0,0,0,0,0,0,0,0,0,100.0,NoArch
0,0,0,0,0,0,0,0,0,0,0,0,0.0,0,0,15,5,0,0,0,0,0,0,0,0,0,0,100.0,NoArch
1,32,24,8,56,0,0,0,112,10,1,1,0.0,2572,15,41,5,526,526,0,12620,12562,58,83,83,0,0,100.0,NoArch
0,0,0,0,0,0,0,0,0,0,0,0,0.0,0,0,79,65,0,0,0,0,0,0,0,0,0,0,100.0,NoArch
1,14,4,10,18,0,0,0,383,0,1,1,0.0,11038,27,11,9,1309,1305,4,35642,35549,93,663,663,0,1,100.0,NoArch
1,19,28,9,47,0,0,0,81,20,1,1,0.0,854,12,530,11,120,122,2,3153,3199,46,61,61,0,0,100.0,NoArch
0,0,0,0,0,0,0,0,0,0,0,0,0.0,0,0,88,5,0,0,0,0,0,0,0,0,0,0,100.0,NoArch
0,0,0,0,0,0,0,0,0,0,0,0,0.0,0,0,6,6,0,0,0,0,0,0,0,0,0,1,100.0,NoArch
2,8,0,8,8,2,0,2,68,433,1,2,1.0,1336,5,2023,36,220,217,3,5340,5309,31,91,90,1,0,100.0,NoArch
0,0,0,0,0,0,0,0,0,0,0,0,0.0,0,0,185,3,0,0,0,0,0,0,0,0,0,0,100.0,NoArch
1,56,0,56,56,1,0,1,42,0,1,1,0.0,0,9,214,4,0,0,0,86,0,86,0,0,0,0,99.5532646,NoArch
1,16,14,2,30,0,0,0,80,158,1,1,0.0,2303,9,522,10,457,456,1,12004,11967,37,101,101,0,0,100.0,NoArch
1,12,0,12,12,1,0,1,186,37,1,1,0.0,2752,3,561,10,772,771,1,18281,18187,94,94,94,0,0,100.0,NoArch
3,3,3,0,6,0,0,0,29,114,1,2,1.584962501,1565,3,650,46,264,264,0,6187,6196,9,57,57,0,0,100.0,NoArch
1,1,1,0,2,0,0,0,9,0,1,1,0.0,229,1,596,98,24,24,0,837,837,0,14,14,0,0,100.0,NoArch
4,46,3,43,49,2,0,2,21,65,1,3,1.040614201,646,1,485,111,76,66,10,2835,2603,232,30,26,4,1,100.0,NoArch
1,1,1,0,2,0,0,0,131,0,1,1,0.0,2663,15,198,8,583,583,0,13904,13908,4,88,88,0,0,100.0,NoArch
0,0,0,0,0,0,0,0,0,0,0,0,0.0,0,0,15,0,0,0,0,0,0,0,0,0,0,0,100.0,NoArch
0,0,0,0,0,0,0,0,0,0,0,0,0.0,0,0,11,9,0,0,0,0,0,0,0,0,0,0,100.0,NoArch
1,1,1,0,2,0,0,0,14,0,1,1,0.0,222,3,132,8,27,27,0,935,939,4,18,18,0,0,100.0,NoArch
1,1,0,1,1,1,0,1,142,16,1,1,0.0,2715,9,740,5,660,659,1,15646,15637,9,133,133,0,1,100.0,NoArch
1,0,2,2,2,0,0,0,4,1,1,1,0.0,100,2,776,48,8,8,0,269,278,9,7,7,0,0,100.0,NoArch
0,0,0,0,0,0,0,0,0,0,0,0,0.0,0,0,143,15,0,0,0,0,0,0,0,0,0,0,100.0,NoArch
1,81,76,5,157,0,0,0,26,18,1,1,0.0,1105,2,269,35,194,191,3,4958,4880,78,86,85,1,0,100.0,NoArch
2,2,0,2,2,2,0,2,51,30,1,2,1.0,2271,10,92,7,405,404,1,11774,11757,17,95,95,0,1,100.0,NoArch
0,0,0,0,0,0,0,0,0,0,0,0,0.0,0,0,191,183,0,0,0,0,0,0,0,0,0,0,100.0,NoArch
0,0,0,0,0,0,0,0,0,0,0,0,0.0,0,0,633,25,0,0,0,0,0,0,0,0,0,0,100.0,NoArch
2,14,5,9,19,0,0,0,45,0,1,1,0.831474388,1647,1,627,23,307,306,1,7692,7645,47,78,78,0,0,100.0,NoArch
0,0,0,0,0,0,0,0,0,0,0,0,0.0,0,0,26,4,0,0,0,0,0,0,0,0,0,1,100.0,NoArch
0,0,0,0,0,0,0,0,0,0,0,0,0.0,0,0,830,2,0,0,0,0,0,0,0,0,0,0,100.0,NoArch
1,0,7,7,7,0,0,0,23,0,1,1,0.0,311,7,252,4,29,31,2,1274,1309,35,21,21,0,1,100.0,NoArch
0,0,0,0,0,0,0,0,0,0,0,0,0.0,0,0,86,4,0,0,0,0,0,0,0,0,0,0,100.0,NoArch
1,1,1,0,2,0,0,0,28,299,1,1,0.0,486,8,58,7,52,51,1,2108,2104,4,12,12,0,0,100.0,NoArch
1,43,7,36,50,0,0,0,4,0,1,1,0.0,177,2,5,5,47,35,12,1012,757,255,21,18,3,1,100.0,NoArch
1,9,3,6,12,0,0,0,34,40,1,1,0.0,606,3,49,5,90,89,1,2084,2059,25,50,50,0,0,100.0,NoArch
1,4,0,4,4,1,0,1,10,458,1,1,0.0,264,4,148,2,44,43,1,913,901,12,16,15,1,0,100.0,NoArch
1,1,1,0,2,0,0,0,10,44,1,1,0.0,353,6,177,0,81,80,1,2137,2133,4,9,9,0,1,100.0,NoArch
2,4,1,3,5,1,0,1,202,229,1,2,0.970950594,3219,10,532,16,650,648,2,17742,17722,20,148,148,0,0,100.0,NoArch
2,45,31,14,76,0,0,0,14,293,1,1,0.485460761,310,5,54,2,28,27,1,668,640,28,20,20,0,1,100.0,NoArch
1,2,2,0,4,0,0,0,4,1281,1,1,0.0,124,2,4,3,8,8,0,329,329,0,6,6,0,0,100.0,NoArch
1,9,4,5,13,0,0,0,10,902,1,1,0.0,163,7,12,4,22,21,1,782,764,18,11,11,0,1,100.0,NoArch
4,80,96,16,176,1,0,1,8,38,1,2,1.79290898,969,1,13,13,110,111,1,3639,3683,44,81,76,5,0,99.55473098,NoArch
9,379,331,48,710,0,0,0,150,0,1,6,1.169036566,9300,1,682,57,1355,1337,18,39185,38936,249,546,540,6,0,99.8034076,NoArch
1,5,1,4,6,0,0,0,5,83,1,1,0.0,176,2,624,17,26,25,1,674,640,34,15,15,0,1,100.0,NoArch
2,2,5,3,7,0,0,0,209,60,1,2,0.985228136,4771,4,792,2,857,859,2,26810,26842,32,213,213,0,1,100.0,NoArch
79,2273,3225,952,5498,0,1,1,705,342,2,26,5.055313414,41488,2,518,4,7076,7203,127,193969,198939,4970,2521,2574,53,0,99.73290598,NoArch
0,0,0,0,0,0,0,0,0,0,0,0,0.0,0,0,933,44,0,0,0,0,0,0,0,0,0,0,100.0,NoArch
0,0,0,0,0,0,0,0,0,0,0,0,0.0,0,0,217,169,0,0,0,0,0,0,0,0,0,0,100.0,NoArch
5,73,5,68,78,3,0,3,12,137,1,3,1.560097905,486,1,122,32,16,10,6,3854,3556,298,16,10,6,0,99.82940976,NoArch
0,0,0,0,0,0,0,0,0,0,0,0,0.0,0,0,634,26,0,0,0,0,0,0,0,0,0,0,100.0,NoArch
1,51,16,35,67,0,0,0,9,20,1,1,0.0,379,1,415,16,83,74,9,2777,2515,262,25,23,2,0,100.0,NoArch
2,12,2,10,14,1,0,1,53,74,1,2,0.985228136,1597,1,177,37,229,227,2,8473,8443,30,69,69,0,0,100.0,NoArch
0,0,0,0,0,0,0,0,0,0,0,0,0.0,0,0,186,4,0,0,0,0,0,0,0,0,0,0,100.0,NoArch
0,0,0,0,0,0,0,0,0,0,0,0,0.0,0,0,866,1,0,0,0,0,0,0,0,0,0,0,100.0,NoArch
0,0,0,0,0,0,0,0,0,0,0,0,0.0,0,0,866,1,0,0,0,0,0,0,0,0,0,0,100.0,NoArch
1,1,1,0,2,0,0,0,302,10,1,1,0.0,7751,24,245,1,1084,1084,0,29271,29271,0,523,523,0,1,100.0,NoArch
11,109,119,10,228,1,0,1,74,310,1,4,2.379812847,5778,2,351,7,896,907,11,25284,25482,198,297,299,2,0,99.73544974,NoArch
0,0,0,0,0,0,0,0,0,0,0,0,0.0,0,0,186,11,0,0,0,0,0,0,0,0,0,0,100.0,NoArch
0,0,0,0,0,0,0,0,0,0,0,0,0.0,0,0,13,0,0,0,0,0,0,0,0,0,0,0,100.0,NoArch
3,20,2,18,22,1,0,1,47,300,1,2,0.865856617,1676,4,45,3,262,259,3,7077,6959,118,117,116,1,0,100.0,NoArch
0,0,0,0,0,0,0,0,0,0,0,0,0.0,0,0,4,2,0,0,0,0,0,0,0,0,0,0,100.0,NoArch
4,165,193,28,358,0,0,0,15,79,1,1,1.111402203,1111,6,10,0,74,75,1,2693,2769,76,19,19,0,1,99.76156414,NoArch
1,15,36,21,51,0,0,0,28,10,1,1,0.0,829,9,3,3,125,131,6,4930,5050,120,22,22,0,1,100.0,NoArch
6,96,17,79,113,2,0,2,5,0,1,5,2.314716936,5400,2,15,15,622,606,16,16559,16253,306,333,330,3,0,100.0,NoArch
5,111,5,106,116,4,0,4,26,9,1,3,1.348866089,1798,1,86,69,238,229,9,8473,8263,210,105,96,9,0,99.53125,NoArch
0,0,0,0,0,0,0,0,0,0,0,0,0.0,0,0,175,8,0,0,0,0,0,0,0,0,0,0,100.0,NoArch
0,0,0,0,0,0,0,0,0,0,0,0,0.0,0,0,2153,9,0,0,0,0,0,0,0,0,0,0,100.0,NoArch
3,86,10,76,96,1,0,1,4,0,1,2,0.74299334,201,1,155,155,25,15,10,839,559,280,17,11,6,0,99.94275902,NoArch
2,62,23,39,85,1,0,1,92,16,1,2,0.983060555,684,1,407,16,144,141,3,3984,3745,239,52,49,3,1,99.94285714,NoArch
2,2,2,0,4,0,0,0,26,12,1,2,1.0,1446,2,282,43,243,243,0,6505,6501,4,51,51,0,0,100.0,NoArch
0,0,0,0,0,0,0,0,0,0,0,0,0.0,0,0,34,5,0,0,0,0,0,0,0,0,0,0,100.0,NoArch
1,0,2,2,2,0,0,0,7,280,1,1,0.0,578,1,350,6,70,70,0,2190,2201,11,36,36,0,0,100.0,NoArch
2,5,0,5,5,2,0,2,24,83,1,1,0.721928095,963,7,500,23,191,189,2,4973,4947,26,100,99,1,0,99.68619247,NoArch
0,0,0,0,0,0,0,0,0,0,0,0,0.0,0,0,18,18,0,0,0,0,0,0,0,0,0,0,100.0,NoArch
1,8,1,7,9,0,0,0,22,100,1,1,0.0,303,5,5,3,94,90,4,1874,1829,45,16,16,0,1,100.0,NoArch
0,0,0,0,0,0,0,0,0,0,0,0,0.0,0,0,2167,7,0,0,0,0,0,0,0,0,0,0,100.0,NoArch
0,0,0,0,0,0,0,0,0,0,0,0,0.0,0,0,971,47,0,0,0,0,0,0,0,0,0,0,100.0,NoArch
1,7,6,1,13,0,0,0,68,275,1,1,0.0,2204,7,354,10,425,425,0,11417,11414,3,96,96,0,0,100.0,NoArch
0,0,0,0,0,0,0,0,0,0,0,0,0.0,0,0,64,16,0,0,0,0,0,0,0,0,0,1,100.0,NoArch
6,38,1,37,39,5,0,5,2,0,1,4,2.091340039,1718,1,22,22,215,209,6,7221,7032,189,111,106,5,0,99.82698962,NoArch
2,7,2,5,9,1,0,1,20,9,1,2,0.764204507,473,1,526,10,99,98,1,3421,3391,30,19,19,0,0,100.0,NoArch
0,0,0,0,0,0,0,0,0,0,0,0,0.0,0,0,149,56,0,0,0,0,0,0,0,0,0,0,100.0,NoArch
0,0,0,0,0,0,0,0,0,0,0,0,0.0,0,0,959,35,0,0,0,0,0,0,0,0,0,0,100.0,NoArch
0,0,0,0,0,0,0,0,0,0,0,0,0.0,0,0,142,14,0,0,0,0,0,0,0,0,0,0,100.0,NoArch
1,9,12,3,21,0,0,0,48,5,1,1,0.0,676,11,2,1,96,96,0,2806,2812,6,29,29,0,1,100.0,NoArch
3,5,3,2,8,0,0,0,19,341,1,3,1.5,2114,2,55,8,366,366,0,10431,10413,18,97,97,0,0,99.23139159,NoArch
0,0,0,0,0,0,0,0,0,0,0,0,0.0,0,0,210,23,0,0,0,0,0,0,0,0,0,1,100.0,NoArch
0,0,0,0,0,0,0,0,0,0,0,0,0.0,0,0,167,4,0,0,0,0,0,0,0,0,0,0,100.0,NoArch
3,649,639,10,1288,0,0,0,3,3,1,1,0.625815078,16122,2,25,17,4883,4882,1,82131,82055,76,408,407,1,1,100.0,NoArch
0,0,0,0,0,0,0,0,0,0,0,0,0.0,0,0,268,5,0,0,0,0,0,0,0,0,0,1,100.0,NoArch
1,6,5,1,11,0,0,0,23,22,1,1,0.0,506,6,68,9,57,56,1,1996,1988,8,24,24,0,1,100.0,NoArch
1,9,1,8,10,0,0,0,25,1,1,1,0.0,654,6,683,14,73,72,1,1663,1647,16,37,36,1,0,100.0,NoArch
1,7,3,4,10,0,0,0,17,2239,1,1,0.0,426,5,2067,4,53,53,0,1304,1304,0,40,40,0,0,100.0,NoArch
2,36,100,64,136,0,0,0,3,274,1,2,0.936667382,585,1,2081,15,75,94,19,1998,2408,410,28,29,1,1,99.89337125,NoArch
0,0,0,0,0,0,0,0,0,0,0,0,0.0,0,0,134,7,0,0,0,0,0,0,0,0,0,0,100.0,NoArch
1,0,36,36,36,0,0,0,12,377,1,1,0.0,186,5,512,0,21,27,6,378,537,159,19,25,6,0,100.0,NoArch
0,0,0,0,0,0,0,0,0,0,0,0,0.0,0,0,859,22,0,0,0,0,0,0,0,0,0,0,100.0,NoArch
0,0,0,0,0,0,0,0,0,0,0,0,0.0,0,0,200,13,0,0,0,0,0,0,0,0,0,0,100.0,NoArch
0,0,0,0,0,0,0,0,0,0,0,0,0.0,0,0,210,23,0,0,0,0,0,0,0,0,0,1,100.0,NoArch
0,0,0,0,0,0,0,0,0,0,0,0,0.0,0,0,2,2,0,0,0,0,0,0,0,0,0,0,100.0,NoArch
1,1,1,0,2,0,0,0,20,0,1,1,0.0,185,1,220,36,14,14,0,906,906,0,9,9,0,0,100.0,NoArch
1,1,0,1,1,1,0,1,32,0,1,1,0.0,292,7,165,18,1,1,0,2042,2033,9,1,1,0,0,100.0,NoArch
0,0,0,0,0,0,0,0,0,0,0,0,0.0,0,0,484,8,0,0,0,0,0,0,0,0,0,0,100.0,NoArch
1,17,5,12,22,0,0,0,25,8,1,1,0.0,521,2,6,4,78,77,1,1718,1620,98,47,46,1,0,100.0,NoArch
1,17,1,16,18,0,0,0,77,0,1,1,0.0,3118,10,309,8,463,459,4,16615,16527,88,121,120,1,0,100.0,NoArch
1,7,4,3,11,0,0,0,14,1051,1,1,0.0,115,7,65,2,19,18,1,488,480,8,16,16,0,0,100.0,NoArch
4,14,10,4,24,0,0,0,81,0,1,3,1.614005463,3416,1,250,26,508,507,1,16673,16648,25,204,203,1,0,100.0,NoArch
2,11,16,5,27,0,0,0,54,37,1,2,0.975119065,942,2,694,53,158,159,1,4220,4233,13,39,39,0,1,100.0,NoArch
1,0,1,1,1,0,0,0,2,216,1,1,0.0,27,2,7,2,1,1,0,174,181,7,1,1,0,0,100.0,NoArch
0,0,0,0,0,0,0,0,0,0,0,0,0.0,0,0,267,16,0,0,0,0,0,0,0,0,0,0,100.0,NoArch
1,12,7,5,19,0,0,0,10,54,1,1,0.0,229,1,609,5,25,24,1,859,837,22,14,14,0,0,100.0,NoArch
1,23,4,19,27,0,0,0,33,16,1,1,0.0,796,10,268,14,184,179,5,4892,4739,153,91,89,2,1,100.0,NoArch
0,0,0,0,0,0,0,0,0,0,0,0,0.0,0,0,216,168,0,0,0,0,0,0,0,0,0,0,100.0,NoArch
1,1,3,2,4,0,0,0,3,4,1,1,0.0,327,1,12,5,48,48,0,824,841,17,6,6,0,1,99.76261128,NoArch
2,16,21,5,37,0,0,0,140,0,1,2,0.639457132,6066,5,18,11,945,955,10,21163,21257,94,351,351,0,0,100.0,NoArch
1,349,302,47,651,0,0,0,180,0,1,1,0.0,2316,3,2080,16,670,664,6,15581,15326,255,81,80,1,0,100.0,NoArch
2,12,115,103,127,1,0,1,18,10,1,2,0.161320671,1214,5,643,4,316,337,21,7020,7748,728,62,62,0,1,100.0,NoArch
1,1,1,0,2,0,0,0,23,2,1,1,0.0,965,6,537,10,310,310,0,6902,6886,16,38,38,0,1,100.0,NoArch
1,19,0,19,19,1,0,1,47,0,1,1,0.0,1428,4,631,27,268,265,3,6849,6802,47,56,54,2,0,100.0,NoArch
38,106,3060,2954,3166,0,22,22,317,63,1,11,4.529922295,17658,1,2006,21,3192,3656,464,88751,105904,17153,652,774,122,1,98.44748858,NoArch
0,0,0,0,0,0,0,0,0,0,0,0,0.0,0,0,194,54,0,0,0,0,0,0,0,0,0,0,100.0,NoArch
1,1,1,0,2,0,0,0,17,0,1,1,0.0,135,7,38,9,1,1,0,685,698,13,1,1,0,0,100.0,NoArch
0,0,0,0,0,0,0,0,0,0,0,0,0.0,0,0,765,65,0,0,0,0,0,0,0,0,0,0,100.0,NoArch
0,0,0,0,0,0,0,0,0,0,0,0,0.0,0,0,80,66,0,0,0,0,0,0,0,0,0,0,100.0,NoArch
1,56,120,64,176,0,0,0,14,385,1,1,0.0,284,5,507,2,14,13,1,895,807,88,5,5,0,0,100.0,NoArch
0,0,0,0,0,0,0,0,0,0,0,0,0.0,0,0,932,43,0,0,0,0,0,0,0,0,0,0,100.0,NoArch
27,459,427,32,886,3,0,3,113,85,1,6,3.553641724,7357,5,31,2,1510,1477,33,38131,37495,636,527,518,9,0,98.69565217,NoArch
0,0,0,0,0,0,0,0,0,0,0,0,0.0,0,0,713,64,0,0,0,0,0,0,0,0,0,1,100.0,NoArch
0,0,0,0,0,0,0,0,0,0,0,0,0.0,0,0,263,31,0,0,0,0,0,0,0,0,0,0,100.0,NoArch
0,0,0,0,0,0,0,0,0,0,0,0,0.0,0,0,272,8,0,0,0,0,0,0,0,0,0,0,100.0,NoArch
1,5,1,4,6,0,0,0,16,134,1,1,0.0,897,7,9,3,130,129,1,5069,5045,24,19,19,0,0,100.0,NoArch
1,1,1,0,2,0,0,0,20,11,1,1,0.0,576,9,37,4,77,77,0,2158,2159,1,37,37,0,0,100.0,NoArch
1,8,8,0,16,0,0,0,157,11,1,1,0.0,3704,13,685,16,601,596,5,20292,20206,86,155,154,1,0,100.0,NoArch
2,3,2,1,5,1,0,1,14,422,1,2,0.721928095,373,1,648,20,51,51,0,2268,2261,7,16,16,0,1,100.0,NoArch
0,0,0,0,0,0,0,0,0,0,0,0,0.0,0,0,262,0,0,0,0,0,0,0,0,0,0,0,100.0,NoArch
0,0,0,0,0,0,0,0,0,0,0,0,0.0,0,0,36,36,0,0,0,0,0,0,0,0,0,0,100.0,NoArch
5,0,760,760,760,0,5,5,7,2374,1,2,2.008378681,760,3,48,4,0,74,74,0,2345,2345,0,41,41,0,99.24734861,NoArch
1,6,5,1,11,0,0,0,17,1662,1,1,0.0,174,4,2033,1,38,38,0,1197,1177,20,10,10,0,1,100.0,NoArch
1,5,5,0,10,0,0,0,12,35,1,1,0.0,473,2,84,3,125,125,0,2624,2624,0,81,81,0,0,100.0,NoArch
1,30,5,25,35,0,0,0,20,0,1,1,0.0,346,2,671,56,61,52,9,1097,995,102,27,27,0,0,100.0,NoArch
1,7,0,7,7,1,0,1,6,126,1,1,0.0,303,2,12,4,52,51,1,2317,2307,10,19,18,1,0,100.0,NoArch
1,2,0,2,2,1,0,1,7,156,1,1,0.0,184,3,582,27,24,24,0,1159,1126,33,21,21,0,0,100.0,NoArch
1,97,4,93,101,0,0,0,11,60,1,1,0.0,610,1,723,67,84,69,15,2601,2229,372,42,40,2,0,100.0,NoArch
2,18,1,17,19,1,0,1,30,48,1,2,0.485460761,1131,6,55,19,269,262,7,6367,6243,124,62,59,3,1,99.79994284,NoArch
0,0,0,0,0,0,0,0,0,0,0,0,0.0,0,0,1014,24,0,0,0,0,0,0,0,0,0,0,100.0,NoArch
1,1,1,0,2,0,0,0,50,8,1,1,0.0,899,6,203,173,209,209,0,5899,5899,0,44,44,0,0,100.0,NoArch
1,1,1,0,2,0,0,0,2,0,1,1,0.0,121,1,294,55,13,13,0,363,363,0,4,4,0,0,100.0,NoArch
2,14,1,13,15,1,0,1,118,46,1,1,0.970950594,2630,1,431,68,389,385,4,13612,13553,59,105,103,2,0,100.0,NoArch
1,24,1,23,25,0,0,0,73,2,1,1,0.0,2939,4,11,5,418,415,3,10835,10742,93,218,217,1,1,100.0,NoArch
3,513,530,17,1043,0,0,0,5,6,1,1,1.043921424,16140,2,28,11,4882,4902,20,82062,82229,167,407,407,0,1,100.0,NoArch
3,81,216,135,297,1,0,1,10,0,1,2,0.211159523,1017,1,79,6,220,279,59,4132,4492,360,144,140,4,0,100.0,NoArch
0,0,0,0,0,0,0,0,0,0,0,0,0.0,0,0,34,1,0,0,0,0,0,0,0,0,0,0,100.0,NoArch
1,1,1,0,2,0,0,0,6,0,1,1,0.0,282,1,396,20,54,54,0,1763,1767,4,19,19,0,0,100.0,NoArch
0,0,0,0,0,0,0,0,0,0,0,0,0.0,0,0,382,8,0,0,0,0,0,0,0,0,0,0,100.0,NoArch
1,1,1,0,2,0,0,0,29,18,1,1,0.0,833,9,251,16,180,180,0,4771,4771,0,89,89,0,0,100.0,NoArch
2,31,9,22,40,1,0,1,42,7,1,2,0.992774454,926,1,79,9,176,172,4,4169,4105,64,79,75,4,0,100.0,NoArch
0,0,0,0,0,0,0,0,0,0,0,0,0.0,0,0,67,7,0,0,0,0,0,0,0,0,0,0,100.0,NoArch
0,0,0,0,0,0,0,0,0,0,0,0,0.0,0,0,213,29,0,0,0,0,0,0,0,0,0,0,100.0,NoArch
1,16,0,16,16,1,0,1,134,11,1,1,0.0,4495,12,28,12,580,576,4,15567,15471,96,331,327,4,0,100.0,NoArch
1,11,3,8,14,0,0,0,10,7,1,1,0.0,232,2,17,17,51,49,2,1164,1116,48,25,24,1,0,100.0,NoArch
1,561,0,561,561,1,0,1,1,0,1,1,0.0,0,1,50,3,69,0,69,2808,0,2808,31,0,31,0,99.8973306,NoArch
0,0,0,0,0,0,0,0,0,0,0,0,0.0,0,0,7,1,0,0,0,0,0,0,0,0,0,0,100.0,NoArch
0,0,0,0,0,0,0,0,0,0,0,0,0.0,0,0,610,6,0,0,0,0,0,0,0,0,0,0,100.0,NoArch
0,0,0,0,0,0,0,0,0,0,0,0,0.0,0,0,25,0,0,0,0,0,0,0,0,0,0,0,100.0,NoArch
1,13,10,3,23,0,0,0,2,0,1,1,0.0,47,1,878,8,4,3,1,101,98,3,1,1,0,0,100.0,NoArch
3,4,15,11,19,0,0,0,84,103,1,1,1.215533232,3930,4,331,4,624,626,2,20079,20125,46,175,176,1,0,100.0,NoArch
6,64,27,37,91,2,0,2,97,33,1,5,1.762108483,2838,1,682,13,566,554,12,16345,16019,326,176,172,4,0,100.0,NoArch
4,71,27,44,98,0,0,0,60,78,1,3,1.70254277,5910,10,239,1,967,952,15,29647,29304,343,243,242,1,0,100.0,NoArch
0,0,0,0,0,0,0,0,0,0,0,0,0.0,0,0,12,12,0,0,0,0,0,0,0,0,0,0,100.0,NoArch
0,0,0,0,0,0,0,0,0,0,0,0,0.0,0,0,249,22,0,0,0,0,0,0,0,0,0,0,100.0,NoArch
1,2,2,0,4,0,0,0,10,1340,1,1,0.0,229,6,228,3,20,20,0,849,849,0,7,7,0,0,100.0,NoArch
0,0,0,0,0,0,0,0,0,0,0,0,0.0,0,0,464,98,0,0,0,0,0,0,0,0,0,0,100.0,NoArch
1,1,1,0,2,0,0,0,48,0,1,1,0.0,312,10,243,5,3,3,0,2180,2178,2,1,1,0,0,100.0,NoArch
0,0,0,0,0,0,0,0,0,0,0,0,0.0,0,0,358,9,0,0,0,0,0,0,0,0,0,0,100.0,NoArch
2,29,9,20,38,0,0,0,25,0,1,2,0.926819064,1167,3,106,7,285,281,4,6280,6150,130,214,212,2,0,100.0,NoArch
2,47,3,44,50,0,0,0,16,8,1,1,0.826746372,1958,2,33,28,296,291,5,7664,7515,149,89,89,0,0,100.0,NoArch
2,14,5,9,19,0,0,0,45,0,1,1,0.831474388,1647,1,627,23,307,306,1,7692,7645,47,78,78,0,0,100.0,NoArch
1,28,22,6,50,0,0,0,713,0,1,1,0.0,13337,36,2072,7,1622,1622,0,44558,44558,0,988,988,0,1,100.0,NoArch
0,0,0,0,0,0,0,0,0,0,0,0,0.0,0,0,433,28,0,0,0,0,0,0,0,0,0,0,100.0,NoArch
1,1,1,0,2,0,0,0,171,13,1,1,0.0,5751,15,85,2,799,799,0,21577,21577,0,411,411,0,1,100.0,NoArch
1,3,0,3,3,1,0,1,22,0,1,1,0.0,379,1,528,12,91,88,3,2789,2759,30,17,17,0,0,100.0,NoArch
0,0,0,0,0,0,0,0,0,0,0,0,0.0,0,0,19,5,0,0,0,0,0,0,0,0,0,1,100.0,NoArch
1,45,2,43,47,0,0,0,55,0,1,1,0.0,1154,3,245,21,196,188,8,5225,5005,220,61,57,4,0,99.41477688,NoArch
1,34,16,18,50,0,0,0,36,52,1,1,0.0,623,9,125,5,89,86,3,2726,2635,91,30,30,0,1,100.0,NoArch
0,0,0,0,0,0,0,0,0,0,0,0,0.0,0,0,760,92,0,0,0,0,0,0,0,0,0,0,100.0,NoArch
5,47,48,1,95,3,0,3,29,0,1,4,1.310056652,1902,1,126,54,258,256,2,7479,7456,23,101,98,3,0,100.0,NoArch
0,0,0,0,0,0,0,0,0,0,0,0,0.0,0,0,238,3,0,0,0,0,0,0,0,0,0,1,100.0,NoArch
0,0,0,0,0,0,0,0,0,0,0,0,0.0,0,0,286,3,0,0,0,0,0,0,0,0,0,0,100.0,NoArch
0,0,0,0,0,0,0,0,0,0,0,0,0.0,0,0,896,23,0,0,0,0,0,0,0,0,0,0,100.0,NoArch
0,0,0,0,0,0,0,0,0,0,0,0,0.0,0,0,625,55,0,0,0,0,0,0,0,0,0,0,100.0,NoArch
3,136,99,37,235,0,0,0,355,90,1,2,1.145596953,10452,2,516,22,1260,1251,9,34283,34096,187,635,630,5,0,100.0,NoArch
0,0,0,0,0,0,0,0,0,0,0,0,0.0,0,0,38,9,0,0,0,0,0,0,0,0,0,0,100.0,NoArch
2,10,5,5,15,0,0,0,76,230,1,2,0.566509507,652,6,67,8,103,103,0,2240,2210,30,55,55,0,1,100.0,NoArch
1,65,47,18,112,0,0,0,3,0,1,1,0.0,292,1,90,25,49,48,1,1796,1702,94,19,17,2,0,98.01740812,NoArch
1,15,1,14,16,0,0,0,27,0,1,1,0.0,538,2,8,6,81,79,2,1827,1761,66,49,47,2,1,100.0,NoArch
2,2,2,0,4,0,0,0,26,12,1,2,1.0,1446,2,282,43,243,243,0,6505,6501,4,51,51,0,0,100.0,NoArch
1,1,1,0,2,0,0,0,7,0,1,1,0.0,749,3,584,29,85,85,0,2252,2252,0,26,26,0,0,100.0,NoArch
76,3258,2193,1065,5451,9,0,9,706,1005,2,25,5.004550754,37427,3,1258,6,6550,6381,169,184259,178376,5883,2333,2275,58,0,99.80385164,NoArch
0,0,0,0,0,0,0,0,0,0,0,0,0.0,0,0,2,0,0,0,0,0,0,0,0,0,0,0,100.0,NoArch
0,0,0,0,0,0,0,0,0,0,0,0,0.0,0,0,645,19,0,0,0,0,0,0,0,0,0,0,100.0,NoArch
3,10,2,8,12,1,0,1,136,0,1,2,1.040852083,5045,10,578,23,858,856,2,27074,27044,30,288,286,2,1,100.0,NoArch
0,0,0,0,0,0,0,0,0,0,0,0,0.0,0,0,80,12,0,0,0,0,0,0,0,0,0,0,100.0,NoArch
0,0,0,0,0,0,0,0,0,0,0,0,0.0,0,0,823,9,0,0,0,0,0,0,0,0,0,0,100.0,NoArch
0,0,0,0,0,0,0,0,0,0,0,0,0.0,0,0,79,65,0,0,0,0,0,0,0,0,0,0,100.0,NoArch
1,45,18,27,63,0,0,0,24,0,1,1,0.0,427,7,49,17,45,45,0,1896,1896,0,11,11,0,1,100.0,NoArch
1,16,0,16,16,1,0,1,186,66,1,1,0.0,6189,17,217,0,871,867,4,23259,23189,70,426,425,1,0,100.0,NoArch
0,0,0,0,0,0,0,0,0,0,0,0,0.0,0,0,23,11,0,0,0,0,0,0,0,0,0,0,100.0,NoArch
3,0,9981,9981,9981,0,0,0,5,51,1,1,0.872230216,9981,3,62,2,0,2783,2783,0,50586,50586,0,236,236,0,99.58819492,NoArch
0,0,0,0,0,0,0,0,0,0,0,0,0.0,0,0,633,25,0,0,0,0,0,0,0,0,0,0,100.0,NoArch
1,31,30,1,61,0,0,0,190,5,1,1,0.0,6195,17,137,8,863,870,7,23213,23227,14,425,425,0,0,100.0,NoArch
2,173,71,102,244,1,0,1,137,2,1,1,0.423199044,5401,7,958,34,770,767,3,20882,20724,158,423,421,2,0,99.95759118,NoArch
0,0,0,0,0,0,0,0,0,0,0,0,0.0,0,0,25,0,0,0,0,0,0,0,0,0,0,0,100.0,NoArch
7,41,7,34,48,5,0,5,55,365,1,2,2.419285355,6721,8,207,17,1103,1093,10,34724,34507,217,299,294,5,0,98.7854251,NoArch
0,0,0,0,0,0,0,0,0,0,0,0,0.0,0,0,6,1,0,0,0,0,0,0,0,0,0,0,100.0,NoArch
0,0,0,0,0,0,0,0,0,0,0,0,0.0,0,0,61,17,0,0,0,0,0,0,0,0,0,0,100.0,NoArch
1,177,46,131,223,0,0,0,311,2,1,1,0.0,7984,25,37,1,1099,1099,0,29705,29705,0,531,531,0,1,100.0,NoArch
1,216,239,23,455,0,0,0,247,0,1,1,0.0,7451,21,216,27,1045,1084,39,28232,28653,421,498,493,5,1,100.0,NoArch
2,4,2,2,6,0,0,0,25,371,1,2,0.918295834,371,2,544,6,69,69,0,1530,1516,14,32,32,0,1,100.0,NoArch
0,0,0,0,0,0,0,0,0,0,0,0,0.0,0,0,59,59,0,0,0,0,0,0,0,0,0,0,100.0,NoArch
0,0,0,0,0,0,0,0,0,0,0,0,0.0,0,0,203,16,0,0,0,0,0,0,0,0,0,0,100.0,NoArch
1,9,5,4,14,0,0,0,21,41,1,1,0.0,330,5,52,17,47,47,0,1519,1508,11,19,19,0,0,100.0,NoArch
1,10,0,10,10,1,0,1,4,0,1,1,0.0,599,2,18,17,98,96,2,2701,2651,50,33,32,1,0,100.0,NoArch
0,0,0,0,0,0,0,0,0,0,0,0,0.0,0,0,53,53,0,0,0,0,0,0,0,0,0,0,100.0,NoArch
1,64,26,38,90,0,0,0,154,0,1,1,0.0,5164,15,39,9,719,713,6,19482,19288,194,370,367,3,1,99.95586937,NoArch
1,1,3,2,4,0,0,0,11,0,1,1,0.0,158,1,200,190,19,17,2,614,570,44,11,11,0,0,100.0,NoArch
1,17,0,17,17,1,0,1,48,0,1,1,0.0,4128,9,208,18,658,656,2,21250,21090,160,143,143,0,0,100.0,NoArch
0,0,0,0,0,0,0,0,0,0,0,0,0.0,0,0,971,47,0,0,0,0,0,0,0,0,0,0,100.0,NoArch
0,0,0,0,0,0,0,0,0,0,0,0,0.0,0,0,56,1,0,0,0,0,0,0,0,0,0,0,100.0,NoArch
0,0,0,0,0,0,0,0,0,0,0,0,0.0,0,0,6,6,0,0,0,0,0,0,0,0,0,0,100.0,NoArch
2,10,0,10,10,2,0,2,3,112,1,1,1.0,239,1,176,1,29,27,2,902,868,34,23,21,2,1,100.0,NoArch
0,0,0,0,0,0,0,0,0,0,0,0,0.0,0,0,283,23,0,0,0,0,0,0,0,0,0,0,100.0,NoArch
0,0,0,0,0,0,0,0,0,0,0,0,0.0,0,0,765,65,0,0,0,0,0,0,0,0,0,0,100.0,NoArch
0,0,0,0,0,0,0,0,0,0,0,0,0.0,0,0,12,1,0,0,0,0,0,0,0,0,0,0,100.0,NoArch
1,14,9,5,23,0,0,0,2,0,1,1,0.0,509,1,15,8,57,57,0,2069,2069,0,27,27,0,0,100.0,NoArch
1,2,4,2,6,0,0,0,12,0,1,1,0.0,538,3,9,2,85,85,0,2400,2409,9,39,39,0,0,100.0,NoArch
4,509,0,509,509,4,0,4,1,0,1,2,1.028269686,0,1,85,4,67,0,67,1817,0,1817,35,0,35,0,99.60818459,NoArch
0,0,0,0,0,0,0,0,0,0,0,0,0.0,0,0,129,129,0,0,0,0,0,0,0,0,0,0,100.0,NoArch
1,1,1,0,2,0,0,0,60,9,1,1,0.0,1489,4,735,67,277,277,0,6953,6962,9,58,58,0,0,100.0,NoArch
0,0,0,0,0,0,0,0,0,0,0,0,0.0,0,0,69,69,0,0,0,0,0,0,0,0,0,0,100.0,NoArch
2,41,8,33,49,1,0,1,48,42,1,2,0.475431646,885,2,572,92,152,144,8,4076,3892,184,38,34,4,0,100.0,NoArch
0,0,0,0,0,0,0,0,0,0,0,0,0.0,0,0,5,0,0,0,0,0,0,0,0,0,0,1,100.0,NoArch
1,9,5,4,14,0,0,0,21,41,1,1,0.0,330,5,52,17,47,47,0,1519,1508,11,19,19,0,0,100.0,NoArch
1,2,5,3,7,0,0,0,87,35,1,1,0.0,2322,11,27,11,462,461,1,10936,10932,4,75,75,0,0,100.0,NoArch
1,24,6,18,30,0,0,0,84,24,1,1,0.0,2341,7,39,4,555,551,4,14167,14069,98,113,112,1,1,100.0,NoArch
0,0,0,0,0,0,0,0,0,0,0,0,0.0,0,0,84,0,0,0,0,0,0,0,0,0,0,1,100.0,NoArch
1,1,1,0,2,0,0,0,2,0,1,1,0.0,106,1,23,4,17,17,0,384,376,8,12,12,0,0,100.0,NoArch
1,8,4,4,12,0,0,0,57,7,1,1,0.0,2120,5,476,10,480,480,0,12603,12589,14,92,92,0,0,100.0,NoArch
0,0,0,0,0,0,0,0,0,0,0,0,0.0,0,0,145,145,0,0,0,0,0,0,0,0,0,0,100.0,NoArch
0,0,0,0,0,0,0,0,0,0,0,0,0.0,0,0,1,1,0,0,0,0,0,0,0,0,0,0,100.0,NoArch
0,0,0,0,0,0,0,0,0,0,0,0,0.0,0,0,638,25,0,0,0,0,0,0,0,0,0,0,100.0,NoArch
1,6,0,6,6,1,0,1,3,29,1,1,0.0,152,2,167,49,24,23,1,918,861,57,22,21,1,0,100.0,NoArch
2,124,72,52,196,0,0,0,18,1452,1,2,0.956294006,291,3,593,7,50,37,13,1375,1049,326,28,20,8,1,99.91291727,NoArch
2,39,0,39,39,2,0,2,7,91,1,2,0.779349837,301,1,675,57,30,20,10,1060,884,176,17,15,2,1,100.0,NoArch
2,18,0,18,18,2,0,2,98,2,1,1,0.503258335,3586,9,13,2,790,784,6,19555,19417,138,189,187,2,0,100.0,NoArch
17,554,525,29,1079,3,0,3,45,384,1,6,2.640311491,6349,5,110,8,863,873,10,25406,25257,149,293,287,6,0,99.64381122,NoArch
0,0,0,0,0,0,0,0,0,0,0,0,0.0,0,0,879,9,0,0,0,0,0,0,0,0,0,0,100.0,NoArch
3,4,4,0,8,0,0,0,68,3,1,3,1.5,2064,1,224,33,295,295,0,10347,10349,2,105,105,0,0,100.0,NoArch
1,1,1,0,2,0,0,0,52,9,1,1,0.0,1102,4,564,12,372,372,0,6274,6274,0,37,37,0,0,100.0,NoArch
1,45,0,45,45,1,0,1,23,14,1,1,0.0,411,1,506,115,79,70,9,1920,1706,214,41,39,2,0,100.0,NoArch
2,38,23,15,61,0,0,0,83,152,1,2,0.943226155,836,4,223,7,140,138,2,4226,4062,164,53,51,2,0,100.0,NoArch
1,9,0,9,9,1,0,1,7,42,1,1,0.0,216,1,594,97,23,22,1,823,793,30,13,12,1,0,100.0,NoArch
1,4,0,4,4,1,0,1,10,458,1,1,0.0,264,4,148,2,44,43,1,913,901,12,16,15,1,0,100.0,NoArch
1,21,0,21,21,1,0,1,63,380,1,1,0.0,451,8,538,11,67,67,0,1424,1424,0,39,39,0,0,100.0,NoArch
37,3055,102,2953,3157,26,0,26,329,54,1,10,4.514615622,13947,1,496,47,3470,3006,464,100865,83716,17149,744,622,122,0,98.66982507,NoArch
0,0,0,0,0,0,0,0,0,0,0,0,0.0,0,0,73,62,0,0,0,0,0,0,0,0,0,0,100.0,NoArch
1,10,0,10,10,1,0,1,33,3,1,1,0.0,511,2,417,54,85,83,2,2251,2196,55,19,19,0,0,100.0,NoArch
1,4,4,0,8,0,0,0,7,0,1,1,0.0,187,1,207,2,24,24,0,683,683,0,11,11,0,0,100.0,NoArch
6,98,0,98,98,6,0,6,1,0,1,1,2.435789124,0,1,204,5,3,0,3,184,0,184,2,0,2,1,98.25538233,NoArch
1,7,0,7,7,1,0,1,9,8,1,1,0.0,162,1,386,49,18,17,1,342,326,16,9,8,1,0,100.0,NoArch
1,35,1,34,36,0,0,0,17,1,1,1,0.0,368,7,277,8,69,59,10,1350,1186,164,24,20,4,1,100.0,NoArch
6,2015,5,2010,2020,4,0,4,30,184,1,3,0.282258665,2678,5,83,18,459,453,6,12345,12198,147,166,160,6,0,99.85417426,NoArch
1,3,6,3,9,0,0,0,103,3,1,1,0.0,3830,5,36,9,493,493,0,13243,13266,23,281,281,0,0,100.0,NoArch
1,50,36,14,86,0,0,0,77,0,1,1,0.0,2266,7,29,5,532,529,3,13640,13522,118,108,107,1,1,100.0,NoArch
0,0,0,0,0,0,0,0,0,0,0,0,0.0,0,0,167,4,0,0,0,0,0,0,0,0,0,0,100.0,NoArch
3,649,639,10,1288,0,0,0,3,3,1,1,0.625815078,16122,2,25,17,4883,4882,1,82131,82055,76,408,407,1,1,100.0,NoArch
2,9,0,9,9,2,0,2,50,8,1,2,0.99107606,1624,1,155,15,221,218,3,8399,8345,54,70,69,1,0,100.0,NoArch
0,0,0,0,0,0,0,0,0,0,0,0,0.0,0,0,95,1,0,0,0,0,0,0,0,0,0,0,100.0,NoArch
0,0,0,0,0,0,0,0,0,0,0,0,0.0,0,0,240,5,0,0,0,0,0,0,0,0,0,0,100.0,NoArch
3,49,20,29,69,1,0,1,161,49,1,2,0.741970504,3107,1,733,65,445,439,6,15673,15479,194,121,118,3,0,99.81120201,NoArch
1,27,8,19,35,0,0,0,4,39,1,1,0.0,90,1,206,176,10,7,3,493,404,89,2,1,1,0,100.0,NoArch
1,126,3,123,129,0,0,0,706,47,1,1,0.0,13166,35,2065,3,1619,1610,9,44415,44078,337,985,976,9,1,100.0,NoArch
1,1,1,0,2,0,0,0,2,19,1,1,0.0,24,2,289,6,1,1,0,46,46,0,1,1,0,0,100.0,NoArch
0,0,0,0,0,0,0,0,0,0,0,0,0.0,0,0,172,46,0,0,0,0,0,0,0,0,0,0,100.0,NoArch
1,18,16,2,34,0,0,0,6,87,1,1,0.0,83,3,194,10,8,8,0,316,305,11,4,4,0,0,100.0,NoArch
6,169,23,146,192,2,0,2,65,47,1,3,1.911838181,1885,2,18,2,327,312,15,8606,8145,461,91,79,12,1,99.60828204,NoArch
0,0,0,0,0,0,0,0,0,0,0,0,0.0,0,0,445,82,0,0,0,0,0,0,0,0,0,1,100.0,NoArch
7,80,75,5,155,0,0,0,7,110,1,6,2.386997671,1997,1,346,70,248,247,1,8427,8240,187,91,90,1,0,100.0,NoArch
3,10,17,7,27,1,0,1,24,0,1,3,1.380094336,3272,2,58,20,283,285,2,11339,11346,7,122,123,1,0,100.0,NoArch
3,30,3,27,33,1,0,1,169,7,1,2,1.027083513,6156,10,22,2,801,797,4,24576,24463,113,413,412,1,0,100.0,NoArch
1,1,1,0,2,0,0,0,4,5,1,1,0.0,217,1,482,108,37,37,0,762,762,0,14,14,0,0,100.0,NoArch
3,218,10,208,228,2,0,2,18,44,1,2,1.031245212,948,7,111,0,126,104,22,4662,3894,768,57,49,8,1,99.83050847,NoArch
1,0,1,1,1,0,0,0,394,92,1,1,0.0,11297,27,797,3,1345,1345,0,36436,36443,7,676,676,0,0,100.0,NoArch
1,11,1,10,12,0,0,0,15,129,1,1,0.0,841,5,24,12,228,225,3,5492,5432,60,37,36,1,0,100.0,NoArch
0,0,0,0,0,0,0,0,0,0,0,0,0.0,0,0,64,4,0,0,0,0,0,0,0,0,0,0,100.0,NoArch
0,0,0,0,0,0,0,0,0,0,0,0,0.0,0,0,49,22,0,0,0,0,0,0,0,0,0,0,100.0,NoArch
5,205,137,68,342,0,0,0,183,179,1,2,1.552554375,4728,1,819,5,751,745,6,23103,22667,436,229,225,4,11,100.0,NoArch
80,2554,3316,762,5870,2,1,3,703,331,2,28,5.047018556,43021,2,2057,14,6943,7055,112,194280,198396,4116,2575,2621,46,1,99.71489665,NoArch
1,56,20,36,76,0,0,0,30,3,1,1,0.0,1128,2,366,51,204,200,4,5187,5062,125,91,87,4,1,100.0,NoArch
0,0,0,0,0,0,0,0,0,0,0,0,0.0,0,0,57,5,0,0,0,0,0,0,0,0,0,0,100.0,NoArch
1,10,1,9,11,0,0,0,16,5,1,1,0.0,5645,6,934,44,966,964,2,29337,29302,35,151,151,0,0,100.0,NoArch
1,16,15,1,31,0,0,0,16,0,1,1,0.0,625,3,651,12,147,147,0,3585,3585,0,40,40,0,0,100.0,NoArch
0,0,0,0,0,0,0,0,0,0,0,0,0.0,0,0,82,0,0,0,0,0,0,0,0,0,0,0,100.0,NoArch
1,36,8,28,44,0,0,0,34,786,1,1,0.0,569,11,13,5,72,68,4,2113,2032,81,25,23,2,1,100.0,NoArch
5,105,4,101,109,3,0,3,19,96,1,3,1.049286844,902,1,670,55,97,92,5,2573,2510,63,54,52,2,0,100.0,NoArch
2,30,10,20,40,0,0,0,36,2,1,2,0.384311544,1421,1,106,51,191,189,2,7130,7054,76,64,63,1,0,100.0,NoArch
1,30,9,21,39,0,0,0,4,80,1,1,0.0,149,2,322,9,41,35,6,1004,878,126,12,10,2,1,100.0,NoArch
0,0,0,0,0,0,0,0,0,0,0,0,0.0,0,0,21,14,0,0,0,0,0,0,0,0,0,0,100.0,NoArch
0,0,0,0,0,0,0,0,0,0,0,0,0.0,0,0,134,42,0,0,0,0,0,0,0,0,0,0,100.0,NoArch
1,1,1,0,2,0,0,0,10,332,1,1,0.0,474,5,0,0,44,44,0,1567,1563,4,21,21,0,0,100.0,NoArch
0,0,0,0,0,0,0,0,0,0,0,0,0.0,0,0,99,99,0,0,0,0,0,0,0,0,0,0,100.0,NoArch
1,29,6,23,35,0,0,0,4,55,1,1,0.0,417,3,46,9,72,69,3,1941,1854,87,30,28,2,0,100.0,NoArch
2,93,43,50,136,1,0,1,7,714,1,2,0.583468025,290,3,1,1,39,36,3,1789,1723,66,11,7,4,1,99.51307484,NoArch
0,0,0,0,0,0,0,0,0,0,0,0,0.0,0,0,480,8,0,0,0,0,0,0,0,0,0,0,100.0,NoArch
0,0,0,0,0,0,0,0,0,0,0,0,0.0,0,0,537,87,0,0,0,0,0,0,0,0,0,0,100.0,NoArch
2,8,2,6,10,0,0,0,4,364,1,2,0.721928095,577,3,880,10,53,52,1,1248,1227,21,27,27,0,0,100.0,NoArch
1,20,16,4,36,0,0,0,20,35,1,1,0.0,237,7,269,7,32,31,1,911,890,21,11,10,1,1,100.0,NoArch
1,14,9,5,23,0,0,0,26,0,1,1,0.0,533,2,7,5,79,78,1,1761,1718,43,47,47,0,0,100.0,NoArch
1,3,3,0,6,0,0,0,31,7,1,1,0.0,643,11,60,1,87,87,0,2462,2462,0,39,39,0,0,100.0,NoArch
0,0,0,0,0,0,0,0,0,0,0,0,0.0,0,0,67,67,0,0,0,0,0,0,0,0,0,0,100.0,NoArch
1,1,0,1,1,1,0,1,8,15,1,1,0.0,266,3,20,13,1,1,0,1905,1896,9,1,1,0,0,100.0,NoArch
6,63,61,2,124,0,0,0,7,202,1,2,0.591700652,588,1,224,3,83,67,16,2183,2032,151,27,24,3,0,99.32659933,NoArch
1,5,5,0,10,0,0,0,9,0,1,1,0.0,232,2,15,15,49,49,0,1116,1119,3,24,24,0,0,100.0,NoArch
0,0,0,0,0,0,0,0,0,0,0,0,0.0,0,0,61,12,0,0,0,0,0,0,0,0,0,0,100.0,NoArch
2,90,17,73,107,1,0,1,136,0,1,2,0.966408672,2599,3,566,90,385,383,2,13897,13775,122,99,97,2,0,99.84567901,NoArch
0,0,0,0,0,0,0,0,0,0,0,0,0.0,0,0,255,28,0,0,0,0,0,0,0,0,0,0,100.0,NoArch
1,1,1,0,2,0,0,0,97,0,1,1,0.0,3574,5,26,6,461,461,0,12213,12214,1,270,270,0,0,100.0,NoArch
0,0,0,0,0,0,0,0,0,0,0,0,0.0,0,0,105,105,0,0,0,0,0,0,0,0,0,0,100.0,NoArch
1,5,3,2,8,0,0,0,292,0,1,1,0.0,7838,24,367,27,1096,1096,0,29926,29926,0,525,525,0,0,100.0,NoArch
0,0,0,0,0,0,0,0,0,0,0,0,0.0,0,0,68,3,0,0,0,0,0,0,0,0,0,0,100.0,NoArch
7,54,6,48,60,1,0,1,36,114,1,4,1.984956057,1154,2,136,0,428,422,6,8414,8067,347,72,69,3,0,100.0,NoArch
1,5,0,5,5,1,0,1,15,1702,1,1,0.0,314,2,1269,1,84,79,5,1683,1663,20,23,23,0,1,100.0,NoArch
1,6,1,5,7,0,0,0,9,533,1,1,0.0,389,2,48,0,25,24,1,952,936,16,5,5,0,0,100.0,NoArch
6,645,12,633,657,2,0,2,139,115,1,6,0.630661265,4103,7,596,1,795,645,150,25845,21881,3964,220,178,42,1,99.27092447,NoArch
1,29,24,5,53,0,0,0,20,1,1,1,0.0,1895,5,4,1,359,355,4,9361,9299,62,89,88,1,0,100.0,NoArch
0,0,0,0,0,0,0,0,0,0,0,0,0.0,0,0,62,62,0,0,0,0,0,0,0,0,0,0,100.0,NoArch
0,0,0,0,0,0,0,0,0,0,0,0,0.0,0,0,353,9,0,0,0,0,0,0,0,0,0,0,100.0,NoArch
1,18,5,13,23,0,0,0,16,0,1,1,0.0,500,2,616,10,103,98,5,2913,2843,70,29,28,1,1,99.87904445,NoArch
3,38,3,35,41,1,0,1,3,96,1,2,1.549455716,421,1,125,3,62,54,8,2296,2095,201,23,22,1,0,99.39434724,NoArch
1,1,1,0,2,0,0,0,33,122,1,1,0.0,569,11,210,4,68,68,0,2032,2032,0,23,23,0,1,100.0,NoArch
0,0,0,0,0,0,0,0,0,0,0,0,0.0,0,0,230,35,0,0,0,0,0,0,0,0,0,0,100.0,NoArch
0,0,0,0,0,0,0,0,0,0,0,0,0.0,0,0,41,14,0,0,0,0,0,0,0,0,0,0,100.0,NoArch
2,470,0,470,470,2,0,2,1,0,1,1,0.784992089,0,1,24,17,66,0,66,1703,0,1703,27,0,27,0,99.76883957,NoArch
1,2,0,2,2,1,0,1,7,156,1,1,0.0,184,3,582,27,24,24,0,1159,1126,33,21,21,0,0,100.0,NoArch
1,7,6,1,13,0,0,0,2,1294,1,1,0.0,79,2,1,1,12,11,1,367,338,29,8,8,0,1,100.0,NoArch
1,16,10,6,26,0,0,0,19,35,1,1,0.0,1705,2,378,12,306,305,1,8818,8787,31,51,50,1,0,100.0,NoArch
0,0,0,0,0,0,0,0,0,0,0,0,0.0,0,0,391,16,0,0,0,0,0,0,0,0,0,0,100.0,NoArch
2,3,3,0,6,0,0,0,162,212,1,2,0.650022422,327,2,108,45,12,12,0,875,891,16,10,10,0,0,100.0,NoArch
1,107,24,83,131,0,0,0,22,5,1,1,0.0,10220,3,39,10,1243,1236,7,33626,33414,212,623,617,6,0,100.0,NoArch
0,0,0,0,0,0,0,0,0,0,0,0,0.0,0,0,211,24,0,0,0,0,0,0,0,0,0,0,100.0,NoArch
0,0,0,0,0,0,0,0,0,0,0,0,0.0,0,0,142,2,0,0,0,0,0,0,0,0,0,0,100.0,NoArch
0,0,0,0,0,0,0,0,0,0,0,0,0.0,0,0,79,20,0,0,0,0,0,0,0,0,0,0,100.0,NoArch
1,30,0,30,30,1,0,1,1,0,1,1,0.0,0,1,31,9,1,0,1,179,0,179,1,0,1,1,99.71854771,NoArch
2,3,14,11,17,0,0,0,300,331,1,2,0.787126586,7853,2,403,19,1089,1089,0,29784,29774,10,529,529,0,1,100.0,NoArch
1,23,4,19,27,0,0,0,33,16,1,1,0.0,796,10,268,14,184,179,5,4892,4739,153,91,89,2,1,100.0,NoArch
1,1,0,1,1,1,0,1,14,191,1,1,0.0,83,7,12,3,1,1,0,708,691,17,1,1,0,0,100.0,NoArch
0,0,0,0,0,0,0,0,0,0,0,0,0.0,0,0,198,51,0,0,0,0,0,0,0,0,0,0,100.0,NoArch
15,3399,6,3393,3405,13,0,13,47,14,1,4,3.077486018,2294,1,73,0,1759,416,1343,38442,11452,26990,687,110,577,0,98.7804878,NoArch
1,79,2,77,81,0,0,0,7,90,1,1,0.0,476,1,613,9,62,54,8,2043,1825,218,34,29,5,0,100.0,NoArch
2,4,23,19,27,0,0,0,26,423,1,2,0.605186577,166,2,58,10,2,4,2,876,894,18,2,3,1,0,99.48979592,NoArch
0,0,0,0,0,0,0,0,0,0,0,0,0.0,0,0,66,7,0,0,0,0,0,0,0,0,0,0,100.0,NoArch
2,17,12,5,29,0,0,0,12,107,1,1,0.362051252,324,2,54,2,49,46,3,909,882,27,31,31,0,1,100.0,NoArch
1,812,0,812,812,1,0,1,1,0,1,1,0.0,0,1,839,2,1,0,1,1116,0,1116,1,0,1,0,99.24852389,NoArch
1,0,2,2,2,0,0,0,66,17,1,1,0.0,1074,16,1985,28,170,170,0,4169,4187,18,60,60,0,1,100.0,NoArch
1,88,5,83,93,0,0,0,353,2,1,1,0.0,10282,25,509,15,1246,1240,6,33788,33584,204,626,620,6,0,100.0,NoArch
1,13,0,13,13,1,0,1,5,29,1,1,0.0,257,3,16,0,58,55,3,824,773,51,32,29,3,1,100.0,NoArch
1,30,28,2,58,0,0,0,18,2,1,1,0.0,1893,5,3,0,355,350,5,9300,9278,22,88,88,0,0,100.0,NoArch
2,3,1,2,4,1,0,1,82,406,1,1,1.0,2846,10,89,4,520,519,1,12808,12796,12,112,112,0,0,100.0,NoArch
0,0,0,0,0,0,0,0,0,0,0,0,0.0,0,0,15,5,0,0,0,0,0,0,0,0,0,0,100.0,NoArch
2,17,3,14,20,1,0,1,36,22,1,2,0.970950594,1148,11,270,19,165,163,2,4816,4749,67,57,56,1,0,100.0,NoArch
4,8,71,63,79,0,1,1,69,12,1,2,1.21223731,2204,7,115,3,409,413,4,11030,11103,73,134,134,0,0,99.85729575,NoArch
1,10,4,6,14,0,0,0,18,140,1,1,0.0,191,5,53,7,7,7,0,557,475,82,2,2,0,0,100.0,NoArch
124,11220,12760,1540,23980,9,4,13,701,850,3,43,3.683040074,61197,1,1253,4,9366,9654,288,274095,281916,7821,3254,3598,344,0,99.26549624,NoArch
1,7,0,7,7,1,0,1,151,0,1,1,0.0,3682,13,652,13,592,591,1,20170,20155,15,154,154,0,1,100.0,NoArch
1,2,2,0,4,0,0,0,2,18,1,1,0.0,155,2,162,0,13,13,0,366,366,0,6,6,0,0,100.0,NoArch
3,31,4,27,35,1,0,1,88,21,1,3,1.069385739,4356,7,553,3,909,896,13,22647,22449,198,246,245,1,0,100.0,NoArch
15,358,111,247,469,2,0,2,159,461,1,10,3.08070142,18386,3,69,1,3044,3020,24,84694,83468,1226,857,847,10,6,99.86830553,NoArch
0,0,0,0,0,0,0,0,0,0,0,0,0.0,0,0,67,4,0,0,0,0,0,0,0,0,0,0,100.0,NoArch
0,0,0,0,0,0,0,0,0,0,0,0,0.0,0,0,769,51,0,0,0,0,0,0,0,0,0,0,100.0,NoArch
2,470,0,470,470,2,0,2,1,0,1,1,0.784992089,0,1,24,17,66,0,66,1703,0,1703,27,0,27,0,99.76883957,NoArch
0,0,0,0,0,0,0,0,0,0,0,0,0.0,0,0,67,4,0,0,0,0,0,0,0,0,0,0,100.0,NoArch
2,34,53,19,87,0,0,0,289,5,1,2,0.999904695,8717,5,348,24,1327,1333,6,35450,35548,98,563,564,1,1,100.0,NoArch
0,0,0,0,0,0,0,0,0,0,0,0,0.0,0,0,81,67,0,0,0,0,0,0,0,0,0,0,100.0,NoArch
0,0,0,0,0,0,0,0,0,0,0,0,0.0,0,0,996,6,0,0,0,0,0,0,0,0,0,0,100.0,NoArch
1,15,3,12,18,0,0,0,3,51,1,1,0.0,357,1,504,0,75,74,1,1790,1758,32,30,29,1,0,100.0,NoArch
1,7,0,7,7,1,0,1,3,1039,1,1,0.0,65,2,43,12,12,11,1,324,304,20,9,9,0,0,100.0,NoArch
0,0,0,0,0,0,0,0,0,0,0,0,0.0,0,0,663,59,0,0,0,0,0,0,0,0,0,1,100.0,NoArch
1,2,2,0,4,0,0,0,4,1281,1,1,0.0,124,2,4,3,8,8,0,329,329,0,6,6,0,0,100.0,NoArch
1,6,1,5,7,0,0,0,28,46,1,1,0.0,620,11,19,5,86,86,0,2452,2452,0,39,39,0,1,100.0,NoArch
1,1,1,0,2,0,0,0,57,0,1,1,0.0,840,6,335,21,195,195,0,5425,5425,0,42,42,0,0,100.0,NoArch
1,1,1,0,2,0,0,0,16,223,1,1,0.0,624,5,513,1,70,70,0,1484,1486,2,37,37,0,0,100.0,NoArch
1,43,0,43,43,1,0,1,19,13,1,1,0.0,812,2,35,25,138,132,6,3773,3631,142,44,42,2,0,99.84423676,NoArch
4,70,25,45,95,0,0,0,104,15,1,2,1.8646463,2650,1,333,77,384,371,13,13535,13198,337,113,105,8,0,99.91638796,NoArch
3,56,4,52,60,1,0,1,44,467,1,3,1.147443419,1826,11,812,6,262,254,8,6710,6533,177,104,102,2,1,100.0,NoArch
1,32,8,24,40,0,0,0,8,1,1,1,0.0,553,1,617,13,64,62,2,2120,2043,77,36,34,2,0,100.0,NoArch
5,182,0,182,182,5,0,5,6,0,1,3,1.392534296,1289,1,30,30,172,160,12,6154,5884,270,89,77,12,0,98.8034188,NoArch
1,40,32,8,72,0,0,0,3,2,1,1,0.0,386,1,141,6,42,42,0,2623,2631,8,42,42,0,0,100.0,NoArch
0,0,0,0,0,0,0,0,0,0,0,0,0.0,0,0,789,38,0,0,0,0,0,0,0,0,0,0,100.0,NoArch
1,39,0,39,39,1,0,1,1,0,1,1,0.0,0,1,52,17,5,0,5,120,0,120,5,0,5,0,99.40209268,NoArch
1,18,0,18,18,1,0,1,6,375,1,1,0.0,191,3,99,0,42,38,4,908,808,100,25,22,3,1,100.0,NoArch
0,0,0,0,0,0,0,0,0,0,0,0,0.0,0,0,62,10,0,0,0,0,0,0,0,0,0,0,100.0,NoArch
0,0,0,0,0,0,0,0,0,0,0,0,0.0,0,0,47,1,0,0,0,0,0,0,0,0,0,0,100.0,NoArch
7,65,15,50,80,4,0,4,13,0,1,1,2.242651273,1368,1,189,5,200,189,11,6233,5996,237,108,99,9,0,100.0,NoArch
2,14,6,8,20,0,0,0,47,105,1,2,0.811278124,581,2,32,11,107,105,2,3456,3415,41,34,33,1,0,100.0,NoArch
1,58,5,53,63,0,0,0,2,1,1,1,0.0,92,2,65,13,26,18,8,795,533,262,9,6,3,0,100.0,NoArch
0,0,0,0,0,0,0,0,0,0,0,0,0.0,0,0,9,9,0,0,0,0,0,0,0,0,0,0,100.0,NoArch
0,0,0,0,0,0,0,0,0,0,0,0,0.0,0,0,0,0,0,0,0,0,0,0,0,0,0,0,100.0,NoArch
1,349,0,349,349,1,0,1,1,0,1,1,0.0,0,1,312,72,43,0,43,1246,0,1246,22,0,22,0,99.85052317,NoArch
1,24,1,23,25,0,0,0,13,1645,1,1,0.0,199,3,131,7,27,23,4,939,796,143,18,17,1,0,100.0,NoArch
1,2,2,0,4,0,0,0,29,36,1,1,0.0,1128,2,364,50,200,198,2,5062,5054,8,87,87,0,0,100.0,NoArch
0,0,0,0,0,0,0,0,0,0,0,0,0.0,0,0,19,2,0,0,0,0,0,0,0,0,0,0,100.0,NoArch
4,916,811,105,1727,0,0,0,9,8,1,2,0.738962707,16261,4,2,2,4798,4748,50,83157,82610,547,414,409,5,0,100.0,NoArch
0,0,0,0,0,0,0,0,0,0,0,0,0.0,0,0,237,33,0,0,0,0,0,0,0,0,0,0,100.0,NoArch
0,0,0,0,0,0,0,0,0,0,0,0,0.0,0,0,59,59,0,0,0,0,0,0,0,0,0,0,100.0,NoArch
1,21,1,20,22,0,0,0,14,2,1,1,0.0,317,6,61,19,53,50,3,1365,1223,142,16,15,1,1,100.0,NoArch
1,26,0,26,26,1,0,1,249,12,1,1,0.0,7455,22,19,1,1047,1045,2,28291,28213,78,499,498,1,0,100.0,NoArch
7,758,898,140,1656,0,0,0,124,284,1,5,1.108613881,6367,2,84,6,791,789,2,21316,21584,268,434,434,0,0,100.0,NoArch
1,812,0,812,812,1,0,1,1,0,1,1,0.0,0,1,839,2,1,0,1,1116,0,1116,1,0,1,0,99.24852389,NoArch
0,0,0,0,0,0,0,0,0,0,0,0,0.0,0,0,243,16,0,0,0,0,0,0,0,0,0,0,100.0,NoArch
1,20,0,20,20,1,0,1,9,29,1,1,0.0,180,3,289,10,45,38,7,1345,1171,174,15,14,1,0,100.0,NoArch
1,0,2,2,2,0,0,0,21,0,1,1,0.0,508,7,40,9,56,56,0,1776,1781,5,20,20,0,0,100.0,NoArch
5,105,4,101,109,3,0,3,19,96,1,3,1.049286844,902,1,670,55,97,92,5,2573,2510,63,54,52,2,0,100.0,NoArch
1,0,3,3,3,0,0,0,82,2,1,1,0.0,2335,7,34,9,549,550,1,14027,14051,24,110,110,0,0,100.0,NoArch
1,1,1,0,2,0,0,0,10,44,1,1,0.0,353,6,177,0,81,80,1,2137,2133,4,9,9,0,1,100.0,NoArch
1,26,19,7,45,0,0,0,68,41,1,1,0.0,945,7,285,10,178,177,1,4534,4513,21,78,78,0,0,100.0,NoArch
0,0,0,0,0,0,0,0,0,0,0,0,0.0,0,0,865,0,0,0,0,0,0,0,0,0,0,0,100.0,NoArch
1,38,10,28,48,0,0,0,3,27,1,1,0.0,246,1,393,18,52,45,7,1726,1551,175,17,14,3,0,100.0,NoArch
0,0,0,0,0,0,0,0,0,0,0,0,0.0,0,0,161,44,0,0,0,0,0,0,0,0,0,0,100.0,NoArch
0,0,0,0,0,0,0,0,0,0,0,0,0.0,0,0,360,84,0,0,0,0,0,0,0,0,0,0,100.0,NoArch
3,31,8,23,39,1,0,1,18,84,1,3,1.369076934,1226,1,277,38,188,184,4,5742,5602,140,48,47,1,0,100.0,NoArch
1,1,1,0,2,0,0,0,5,0,1,1,0.0,212,1,37,4,31,31,0,1005,1015,10,19,19,0,0,100.0,NoArch
1,4,2,2,6,0,0,0,47,9,1,1,0.0,798,11,708,4,185,184,1,4709,4701,8,91,91,0,1,100.0,NoArch
2,76,35,41,111,0,0,0,13,150,1,1,0.130162791,724,4,680,11,153,141,12,4671,4277,394,36,33,3,2,100.0,NoArch
1,14,3,11,17,0,0,0,103,188,1,1,0.0,1079,12,802,4,201,198,3,7035,6941,94,42,42,0,1,100.0,NoArch
0,0,0,0,0,0,0,0,0,0,0,0,0.0,0,0,492,15,0,0,0,0,0,0,0,0,0,0,100.0,NoArch
1,5,2,3,7,0,0,0,3,7,1,1,0.0,414,1,66,11,41,40,1,1156,1144,12,20,20,0,0,100.0,NoArch
0,0,0,0,0,0,0,0,0,0,0,0,0.0,0,0,76,6,0,0,0,0,0,0,0,0,0,0,100.0,NoArch
1,20,48,28,68,0,0,0,53,0,1,1,0.0,722,8,171,16,111,116,5,2750,2907,157,44,43,1,0,100.0,NoArch
0,0,0,0,0,0,0,0,0,0,0,0,0.0,0,0,615,50,0,0,0,0,0,0,0,0,0,0,100.0,NoArch
1,78,28,50,106,0,0,0,26,18,1,1,0.0,473,4,61,6,59,53,6,1807,1637,170,35,35,0,0,100.0,NoArch
1,57,21,36,78,0,0,0,4,170,1,1,0.0,404,3,0,0,61,52,9,1294,1145,149,9,8,1,2,100.0,NoArch
1,24,17,7,41,0,0,0,150,0,1,1,0.0,5119,15,35,5,710,710,0,19144,19134,10,364,363,1,1,100.0,NoArch
1,2,1,1,3,0,0,0,204,2,1,1,0.0,2906,4,671,32,806,805,1,19090,19084,6,99,99,0,1,100.0,NoArch
0,0,0,0,0,0,0,0,0,0,0,0,0.0,0,0,126,1,0,0,0,0,0,0,0,0,0,0,100.0,NoArch
0,0,0,0,0,0,0,0,0,0,0,0,0.0,0,0,264,30,0,0,0,0,0,0,0,0,0,0,100.0,NoArch
1,12,7,5,19,0,0,0,10,54,1,1,0.0,229,1,609,5,25,24,1,859,837,22,14,14,0,0,100.0,NoArch
0,0,0,0,0,0,0,0,0,0,0,0,0.0,0,0,26,11,0,0,0,0,0,0,0,0,0,1,100.0,NoArch
1,6,2,4,8,0,0,0,65,44,1,1,0.0,812,6,85,3,165,163,2,4109,4076,33,31,31,0,0,100.0,NoArch
1,82,20,62,102,0,0,0,96,6,1,1,0.0,2303,11,46,8,498,477,21,11804,11365,439,80,78,2,1,100.0,NoArch
1,76,58,18,134,0,0,0,9,252,1,1,0.0,223,4,33,4,34,28,6,1010,900,110,14,13,1,0,100.0,NoArch
0,0,0,0,0,0,0,0,0,0,0,0,0.0,0,0,2,0,0,0,0,0,0,0,0,0,0,0,100.0,NoArch
4,106,30,76,136,3,0,3,3,188,1,2,1.570218821,178,1,20,2,13,9,4,1304,1026,278,12,8,4,1,99.12808178,NoArch
1,37,1,36,38,0,0,0,2,3,1,1,0.0,80,1,171,168,16,11,5,409,287,122,6,4,2,0,99.94275902,NoArch
1,2,1,1,3,0,0,0,8,408,1,1,0.0,82,5,669,6,9,9,0,263,254,9,9,9,0,1,100.0,NoArch
2,20,2,18,22,1,0,1,9,208,1,1,0.574635698,21,1,362,25,2,1,1,135,72,63,2,1,1,0,99.93857494,NoArch
1,30,7,23,37,0,0,0,155,0,1,1,0.0,5202,15,40,10,721,719,2,19579,19482,97,372,370,2,1,100.0,NoArch
1,55,44,11,99,0,0,0,193,24,1,1,0.0,6219,17,9,0,868,867,1,23328,23306,22,427,426,1,0,100.0,NoArch
2,124,72,52,196,0,0,0,18,1452,1,2,0.956294006,291,3,593,7,50,37,13,1375,1049,326,28,20,8,1,99.91291727,NoArch
2,8,0,8,8,2,0,2,33,37,1,2,0.543564443,5983,8,49,4,1016,1014,2,31058,31007,51,156,156,0,1,100.0,NoArch
0,0,0,0,0,0,0,0,0,0,0,0,0.0,0,0,160,5,0,0,0,0,0,0,0,0,0,0,100.0,NoArch
2,26,13,13,39,1,0,1,15,4,1,2,0.552495114,1121,1,54,53,153,151,2,5117,5051,66,63,62,1,0,100.0,NoArch
1,3,19,16,22,0,0,0,32,0,1,1,0.0,1083,4,3,3,165,170,5,4053,4171,118,11,11,0,0,100.0,NoArch
2,6,38,32,44,0,0,0,56,2,1,1,0.902393283,1093,2,333,19,258,272,14,6760,6962,202,57,59,2,0,100.0,NoArch
1,4,3,1,7,0,0,0,27,133,1,1,0.0,190,11,12,12,24,24,0,605,602,3,13,13,0,0,100.0,NoArch
1,19,11,8,30,0,0,0,4,57,1,1,0.0,614,1,60,0,80,78,2,3114,3090,24,36,34,2,0,100.0,NoArch
5,95,11,84,106,3,0,3,39,28,1,4,1.370219612,2860,1,172,32,397,393,4,10597,10310,287,134,131,3,0,99.4269341,NoArch
1,13,14,1,27,0,0,0,20,233,1,1,0.0,276,7,249,1,28,28,0,1198,1215,17,20,20,0,1,100.0,NoArch
5,63,31,32,94,1,0,1,59,5,1,3,1.436276555,4752,1,221,3,877,867,10,24178,23968,210,262,260,2,0,100.0,NoArch
3,36,41,5,77,1,0,1,70,39,1,2,0.988059718,3865,1,284,24,549,554,5,19183,19200,17,174,175,1,0,100.0,NoArch
0,0,0,0,0,0,0,0,0,0,0,0,0.0,0,0,916,43,0,0,0,0,0,0,0,0,0,0,100.0,NoArch
0,0,0,0,0,0,0,0,0,0,0,0,0.0,0,0,2,2,0,0,0,0,0,0,0,0,0,0,100.0,NoArch
0,0,0,0,0,0,0,0,0,0,0,0,0.0,0,0,187,3,0,0,0,0,0,0,0,0,0,0,100.0,NoArch
0,0,0,0,0,0,0,0,0,0,0,0,0.0,0,0,1981,25,0,0,0,0,0,0,0,0,0,1,100.0,NoArch
2,8,0,8,8,2,0,2,33,37,1,2,0.543564443,5983,8,49,4,1016,1014,2,31058,31007,51,156,156,0,1,100.0,NoArch
0,0,0,0,0,0,0,0,0,0,0,0,0.0,0,0,164,4,0,0,0,0,0,0,0,0,0,0,100.0,NoArch
2,4,2,2,6,0,0,0,4,79,1,2,0.918295834,260,1,358,82,16,16,0,772,774,2,12,12,0,1,100.0,NoArch
0,0,0,0,0,0,0,0,0,0,0,0,0.0,0,0,85,85,0,0,0,0,0,0,0,0,0,0,100.0,NoArch
0,0,0,0,0,0,0,0,0,0,0,0,0.0,0,0,30,9,0,0,0,0,0,0,0,0,0,0,100.0,NoArch
1,4,0,4,4,1,0,1,89,6,1,1,0.0,1234,10,363,14,244,242,2,6465,6428,37,46,46,0,0,100.0,NoArch
1,1,0,1,1,1,0,1,145,9,1,1,0.0,4944,13,121,1,687,687,0,18529,18522,7,354,354,0,0,100.0,NoArch
0,0,0,0,0,0,0,0,0,0,0,0,0.0,0,0,122,53,0,0,0,0,0,0,0,0,0,0,100.0,NoArch
2,76,42,34,118,0,0,0,10,1134,1,1,0.549482768,476,2,194,8,53,53,0,1919,1919,0,17,17,0,0,100.0,NoArch
0,0,0,0,0,0,0,0,0,0,0,0,0.0,0,0,252,10,0,0,0,0,0,0,0,0,0,0,100.0,NoArch
1,89,0,89,89,1,0,1,8,405,1,1,0.0,2614,4,42,0,207,157,50,4812,3781,1031,199,149,50,0,100.0,NoArch
1,35,34,1,69,0,0,0,14,185,1,1,0.0,630,4,301,10,91,91,0,2609,2593,16,46,46,0,0,100.0,NoArch
0,0,0,0,0,0,0,0,0,0,0,0,0.0,0,0,69,4,0,0,0,0,0,0,0,0,0,0,100.0,NoArch
2,40,64,24,104,0,0,0,12,154,1,1,0.51594693,355,5,295,12,53,52,1,1449,1528,79,20,20,0,1,100.0,NoArch
0,0,0,0,0,0,0,0,0,0,0,0,0.0,0,0,247,3,0,0,0,0,0,0,0,0,0,0,100.0,NoArch
1,8,2,6,10,0,0,0,16,2,1,1,0.0,257,3,584,97,27,26,1,885,875,10,20,19,1,0,100.0,NoArch
8,44,30,14,74,0,0,0,176,420,1,5,2.63564406,7555,3,8,2,1686,1689,3,42948,43078,130,384,383,1,1,100.0,NoArch
3,9,0,9,9,3,0,3,181,61,1,2,1.392147224,5141,3,212,4,1166,1164,2,28307,28278,29,303,301,2,0,100.0,NoArch
1,1,1,0,2,0,0,0,34,9,1,1,0.0,533,7,7,7,60,60,0,1854,1854,0,37,37,0,0,100.0,NoArch
0,0,0,0,0,0,0,0,0,0,0,0,0.0,0,0,1982,26,0,0,0,0,0,0,0,0,0,1,100.0,NoArch
1,1,1,0,2,0,0,0,22,0,1,1,0.0,905,8,132,28,90,89,1,2612,2608,4,33,33,0,0,100.0,NoArch
2,9,9,0,18,0,0,0,4,2046,1,1,0.503258335,342,2,221,21,34,35,1,755,784,29,18,18,0,1,100.0,NoArch
4,151,4,147,155,3,0,3,75,18,1,3,1.413021715,1403,5,128,1,215,211,4,7688,7504,184,43,42,1,0,99.81884058,NoArch
0,0,0,0,0,0,0,0,0,0,0,0,0.0,0,0,263,31,0,0,0,0,0,0,0,0,0,0,100.0,NoArch
6,100,8,92,108,3,0,3,49,55,1,4,1.851509224,2746,1,147,7,401,391,10,13221,12965,256,131,125,6,0,98.82468168,NoArch
1,13,6,7,19,0,0,0,78,0,1,1,0.0,2280,7,30,6,534,532,2,13700,13640,60,109,108,1,1,100.0,NoArch
0,0,0,0,0,0,0,0,0,0,0,0,0.0,0,0,970,46,0,0,0,0,0,0,0,0,0,0,100.0,NoArch
1,19,18,1,37,0,0,0,69,2,1,1,0.0,642,12,310,9,99,97,2,3006,2974,32,42,42,0,0,100.0,NoArch
0,0,0,0,0,0,0,0,0,0,0,0,0.0,0,0,8,1,0,0,0,0,0,0,0,0,0,0,100.0,NoArch
2,39,5,34,44,0,0,0,5,125,1,1,0.684038436,317,1,618,14,41,36,5,1248,1166,82,17,14,3,0,100.0,NoArch
1,12,25,13,37,0,0,0,23,0,1,1,0.0,10303,3,40,11,1242,1243,1,33605,33626,21,622,623,1,0,100.0,NoArch
1,1,1,0,2,0,0,0,2,3,1,1,0.0,139,1,16,6,12,12,0,479,479,0,7,7,0,0,100.0,NoArch
1,1,0,1,1,1,0,1,62,2,1,1,0.0,1838,3,483,109,328,327,1,8207,8202,5,84,84,0,0,100.0,NoArch
2,1,34,33,35,0,0,0,41,17,1,2,0.315997133,600,2,612,9,69,74,5,2689,2909,220,18,19,1,0,100.0,NoArch
0,0,0,0,0,0,0,0,0,0,0,0,0.0,0,0,161,161,0,0,0,0,0,0,0,0,0,0,100.0,NoArch
3,35,1,34,36,2,0,2,22,0,1,2,1.328469066,1263,3,103,6,339,333,6,6474,6366,108,197,193,4,0,100.0,NoArch
1,4,0,4,4,1,0,1,6,21,1,1,0.0,2256,3,103,40,504,503,1,13426,13398,28,101,101,0,1,100.0,NoArch
0,0,0,0,0,0,0,0,0,0,0,0,0.0,0,0,425,62,0,0,0,0,0,0,0,0,0,0,100.0,NoArch
2,72,9,63,81,1,0,1,2,406,1,2,0.98665549,645,1,65,8,111,111,0,1851,1851,0,59,59,0,0,100.0,NoArch
1,3,0,3,3,1,0,1,3,521,1,1,0.0,164,1,803,8,16,16,0,618,606,12,8,8,0,0,100.0,NoArch
2,109,4,105,113,1,0,1,5,25,1,1,0.912282807,359,1,16,3,45,31,14,1978,1427,551,15,10,5,0,99.77985691,NoArch
0,0,0,0,0,0,0,0,0,0,0,0,0.0,0,0,83,20,0,0,0,0,0,0,0,0,0,0,100.0,NoArch
0,0,0,0,0,0,0,0,0,0,0,0,0.0,0,0,517,5,0,0,0,0,0,0,0,0,0,0,100.0,NoArch
1,4,1,3,5,0,0,0,34,2,1,1,0.0,836,2,499,22,182,181,1,5452,5439,13,48,48,0,0,100.0,NoArch
1,1,13,12,14,0,0,0,90,139,1,1,0.0,1238,10,211,5,243,244,1,6411,6465,54,46,46,0,1,100.0,NoArch
2,19,1,18,20,1,0,1,100,332,1,1,0.468995594,3390,5,400,6,491,488,3,18044,17906,138,139,138,1,0,100.0,NoArch
0,0,0,0,0,0,0,0,0,0,0,0,0.0,0,0,264,2,0,0,0,0,0,0,0,0,0,2,100.0,NoArch
1,9,3,6,12,0,0,0,190,2,1,1,0.0,2786,3,640,20,783,780,3,18490,18431,59,96,96,0,1,100.0,NoArch
13,1948,943,1005,2891,4,0,4,91,42,1,8,1.478756871,10082,2,684,58,1339,1260,79,42315,40503,1812,566,540,26,0,99.60707269,NoArch
0,0,0,0,0,0,0,0,0,0,0,0,0.0,0,0,1981,25,0,0,0,0,0,0,0,0,0,1,100.0,NoArch
3,19,23,4,42,0,0,0,6,0,1,1,1.568218979,612,2,154,8,289,289,0,4909,4921,12,27,27,0,0,100.0,NoArch
1,14,14,0,28,0,0,0,9,0,1,1,0.0,245,1,44,44,35,35,0,910,910,0,20,20,0,0,100.0,NoArch
0,0,0,0,0,0,0,0,0,0,0,0,0.0,0,0,178,4,0,0,0,0,0,0,0,0,0,0,100.0,NoArch
1,10,2,8,12,0,0,0,181,14,1,1,0.0,2665,3,521,7,748,745,3,17683,17657,26,92,92,0,0,100.0,NoArch
1,70,1,69,71,0,0,0,118,123,1,1,0.0,4321,9,23,2,555,549,6,15067,14901,166,319,313,6,3,100.0,NoArch
0,0,0,0,0,0,0,0,0,0,0,0,0.0,0,0,559,5,0,0,0,0,0,0,0,0,0,0,100.0,NoArch
0,0,0,0,0,0,0,0,0,0,0,0,0.0,0,0,741,73,0,0,0,0,0,0,0,0,0,0,100.0,NoArch
0,0,0,0,0,0,0,0,0,0,0,0,0.0,0,0,23,2,0,0,0,0,0,0,0,0,0,0,100.0,NoArch
2,37,12,25,49,1,0,1,217,103,1,2,0.14372617,4026,8,2028,36,1029,1026,3,23996,23826,170,221,221,0,0,100.0,NoArch
0,0,0,0,0,0,0,0,0,0,0,0,0.0,0,0,94,5,0,0,0,0,0,0,0,0,0,0,100.0,NoArch
0,0,0,0,0,0,0,0,0,0,0,0,0.0,0,0,693,52,0,0,0,0,0,0,0,0,0,0,100.0,NoArch
2,173,71,102,244,1,0,1,137,2,1,1,0.423199044,5401,7,958,34,770,767,3,20882,20724,158,423,421,2,0,99.95759118,NoArch
3,79,8,71,87,0,0,0,21,0,1,2,1.439868363,1192,3,102,5,333,312,21,6366,5987,379,193,179,14,0,100.0,NoArch
1,57,0,57,57,1,0,1,1,0,1,1,0.0,0,1,123,1,2,0,2,219,0,219,2,0,2,0,99.86919555,NoArch
0,0,0,0,0,0,0,0,0,0,0,0,0.0,0,0,137,44,0,0,0,0,0,0,0,0,0,0,100.0,NoArch
0,0,0,0,0,0,0,0,0,0,0,0,0.0,0,0,577,91,0,0,0,0,0,0,0,0,0,0,100.0,NoArch
1,6,1,5,7,0,0,0,4,0,1,1,0.0,195,1,39,39,26,26,0,683,694,11,14,14,0,0,100.0,NoArch
0,0,0,0,0,0,0,0,0,0,0,0,0.0,0,0,11,0,0,0,0,0,0,0,0,0,0,0,100.0,NoArch
1,1,0,1,1,1,0,1,4,28,1,1,0.0,116,3,2,2,1,1,0,752,739,13,1,1,0,0,100.0,NoArch
1,9,51,42,60,0,0,0,129,0,1,1,0.0,2710,15,196,6,584,592,8,13943,14171,228,88,88,0,0,100.0,NoArch
0,0,0,0,0,0,0,0,0,0,0,0,0.0,0,0,832,4,0,0,0,0,0,0,0,0,0,0,100.0,NoArch
3,36,6,30,42,1,0,1,143,25,1,2,1.16816092,3676,2,637,33,596,582,14,18748,18668,80,142,140,2,0,100.0,NoArch
14,445,85,360,530,8,0,8,154,109,1,7,2.605998599,5422,3,704,55,781,756,25,24558,23771,787,336,319,17,2,99.03163331,NoArch
1,26,19,7,45,0,0,0,68,41,1,1,0.0,945,7,285,10,178,177,1,4534,4513,21,78,78,0,0,100.0,NoArch
0,0,0,0,0,0,0,0,0,0,0,0,0.0,0,0,20,18,0,0,0,0,0,0,0,0,0,0,100.0,NoArch
2,34,74,40,108,0,0,0,214,4,1,2,0.710676854,7241,19,8,8,1033,1041,8,27526,27692,166,482,488,6,0,99.92581602,NoArch
0,0,0,0,0,0,0,0,0,0,0,0,0.0,0,0,389,51,0,0,0,0,0,0,0,0,0,0,100.0,NoArch
0,0,0,0,0,0,0,0,0,0,0,0,0.0,0,0,142,2,0,0,0,0,0,0,0,0,0,0,100.0,NoArch
8,58,26,32,84,1,0,1,55,217,1,5,2.698632494,3735,2,472,13,685,677,8,18940,18702,238,177,175,2,0,100.0,NoArch
1,28,25,3,53,0,0,0,27,0,1,1,0.0,637,6,18,2,82,81,1,2670,2659,11,27,27,0,0,100.0,NoArch
2,34,53,19,87,0,0,0,289,5,1,2,0.999904695,8717,5,348,24,1327,1333,6,35450,35548,98,563,564,1,1,100.0,NoArch
1,1,1,0,2,0,0,0,47,0,1,1,0.0,312,10,242,4,3,3,0,2178,2178,0,1,1,0,0,100.0,NoArch
0,0,0,0,0,0,0,0,0,0,0,0,0.0,0,0,593,101,0,0,0,0,0,0,0,0,0,0,100.0,NoArch
2,47,35,12,82,0,0,0,11,2,1,2,0.659375881,785,1,82,9,193,182,11,4111,4020,91,149,149,0,0,100.0,NoArch
2,55,35,20,90,1,0,1,107,543,1,1,0.26231122,2612,4,149,3,549,540,9,12845,12677,168,108,106,2,0,100.0,NoArch
2,13,3,10,16,0,0,0,70,302,1,2,0.988699408,2284,1,543,16,512,509,3,13520,13444,76,103,102,1,0,100.0,NoArch
5,23,10,13,33,0,0,0,228,368,1,2,1.877532958,7356,14,828,0,1297,1298,1,40592,40605,13,367,367,0,0,100.0,NoArch
1,7,1,6,8,0,0,0,23,101,1,1,0.0,421,7,46,15,45,45,0,1896,1878,18,11,11,0,1,100.0,NoArch
0,0,0,0,0,0,0,0,0,0,0,0,0.0,0,0,419,20,0,0,0,0,0,0,0,0,0,1,100.0,NoArch
6,38,4,34,42,3,0,3,18,10,1,4,2.199979327,1782,1,61,55,233,227,6,7480,7294,186,128,127,1,0,100.0,NoArch
7,1019,0,1019,1019,7,0,7,21,10,1,2,1.61493109,258,1,14,2,173,23,150,4567,772,3795,71,14,57,0,99.51044386,NoArch
1,7,22,15,29,0,0,0,2,11,1,1,0.0,372,1,488,11,74,74,0,1758,1808,50,29,29,0,0,100.0,NoArch
0,0,0,0,0,0,0,0,0,0,0,0,0.0,0,0,21,14,0,0,0,0,0,0,0,0,0,0,100.0,NoArch
0,0,0,0,0,0,0,0,0,0,0,0,0.0,0,0,5,4,0,0,0,0,0,0,0,0,0,1,100.0,NoArch
2,109,7,102,116,0,0,0,236,3,1,2,0.12565805,7276,7,89,26,1086,1061,25,29378,28528,850,495,491,4,1,100.0,NoArch
1,10,6,4,16,0,0,0,33,0,1,1,0.0,1000,11,224,6,130,130,0,3662,3652,10,43,43,0,0,100.0,NoArch
1,13,0,13,13,1,0,1,112,0,1,1,0.0,4183,7,66,9,538,536,2,14508,14445,63,306,305,1,0,100.0,NoArch
1,5,3,2,8,0,0,0,292,0,1,1,0.0,7838,24,367,27,1096,1096,0,29926,29926,0,525,525,0,0,100.0,NoArch
7,758,898,140,1656,0,0,0,124,284,1,5,1.108613881,6367,2,84,6,791,789,2,21316,21584,268,434,434,0,0,100.0,NoArch
1,3,10,7,13,0,0,0,82,23,1,1,0.0,4069,4,16,9,378,377,1,9990,9984,6,85,85,0,1,100.0,NoArch
0,0,0,0,0,0,0,0,0,0,0,0,0.0,0,0,310,70,0,0,0,0,0,0,0,0,0,0,100.0,NoArch
1,9,2,7,11,0,0,0,20,3,1,1,0.0,856,7,426,9,185,183,2,4887,4842,45,92,92,0,0,100.0,NoArch
1,36,8,28,44,0,0,0,34,786,1,1,0.0,569,11,13,5,72,68,4,2113,2032,81,25,23,2,1,100.0,NoArch
4,89,28,61,117,1,0,1,145,28,1,2,1.643289151,3208,1,639,35,500,483,17,16310,15982,328,140,137,3,0,100.0,NoArch
1,16,2,14,18,0,0,0,4,149,1,1,0.0,174,1,487,10,34,30,4,1116,970,146,26,26,0,0,100.0,NoArch
0,0,0,0,0,0,0,0,0,0,0,0,0.0,0,0,759,91,0,0,0,0,0,0,0,0,0,0,100.0,NoArch
1,159,82,77,241,0,0,0,447,32,1,1,0.0,11010,28,873,4,1283,1284,1,34895,34789,106,661,656,5,1,100.0,NoArch
2,4,0,4,4,2,0,2,2,18,2,2,1.0,134,2,4,4,9,9,0,558,558,0,3,3,0,1,100.0,NoArch
0,0,0,0,0,0,0,0,0,0,0,0,0.0,0,0,576,90,0,0,0,0,0,0,0,0,0,0,100.0,NoArch
4,80,96,16,176,1,0,1,8,38,1,2,1.79290898,969,1,13,13,110,111,1,3639,3683,44,81,76,5,0,99.55473098,NoArch
3,11,2,9,13,1,0,1,32,0,1,2,1.198183948,881,2,398,55,152,151,1,3600,3526,74,51,51,0,0,99.92548435,NoArch
1,13,6,7,19,0,0,0,9,168,1,1,0.0,507,5,92,27,59,57,2,1273,1251,22,28,27,1,0,100.0,NoArch
1,59,37,22,96,0,0,0,99,17,1,1,0.0,1387,6,791,37,274,268,6,7778,7665,113,72,72,0,0,100.0,NoArch
0,0,0,0,0,0,0,0,0,0,0,0,0.0,0,0,263,1,0,0,0,0,0,0,0,0,0,1,100.0,NoArch
0,0,0,0,0,0,0,0,0,0,0,0,0.0,0,0,638,51,0,0,0,0,0,0,0,0,0,0,100.0,NoArch
5,135,13,122,148,1,0,1,98,200,1,2,1.918899046,2741,7,33,4,553,538,15,13892,13501,391,97,91,6,1,99.85729575,NoArch
1,26,22,4,48,0,0,0,42,2,1,1,0.0,802,11,437,32,186,186,0,4743,4744,1,92,92,0,0,100.0,NoArch
1,2,1,1,3,0,0,0,4,35,1,1,0.0,151,2,512,116,13,13,0,653,637,16,10,10,0,0,100.0,NoArch
0,0,0,0,0,0,0,0,0,0,0,0,0.0,0,0,42,11,0,0,0,0,0,0,0,0,0,0,100.0,NoArch
0,0,0,0,0,0,0,0,0,0,0,0,0.0,0,0,143,143,0,0,0,0,0,0,0,0,0,0,100.0,NoArch
1,5,3,2,8,0,0,0,3,639,1,1,0.0,162,1,862,1,18,18,0,624,608,16,8,8,0,0,100.0,NoArch
1,1,1,0,2,0,0,0,3,227,1,1,0.0,336,2,590,35,27,27,0,2330,2330,0,18,18,0,0,100.0,NoArch
1,45,2,43,47,0,0,0,55,0,1,1,0.0,1154,3,245,21,196,188,8,5225,5005,220,61,57,4,0,99.41477688,NoArch
1,5,1,4,6,0,0,0,63,32,1,1,0.0,827,6,390,16,195,194,1,5391,5368,23,42,42,0,1,100.0,NoArch
0,0,0,0,0,0,0,0,0,0,0,0,0.0,0,0,171,6,0,0,0,0,0,0,0,0,0,1,100.0,NoArch
1,18,0,18,18,1,0,1,1,0,1,1,0.0,0,1,45,14,3,0,3,62,0,62,2,0,2,1,99.91181658,NoArch
2,15,3,12,18,1,0,1,136,877,1,2,1.0,2843,6,16,2,567,563,4,15185,15129,56,128,126,2,2,100.0,NoArch
1,3,5,2,8,0,0,0,94,2,1,1,0.0,2276,11,37,8,471,471,0,11150,11154,4,77,77,0,0,100.0,NoArch
0,0,0,0,0,0,0,0,0,0,0,0,0.0,0,0,38,4,0,0,0,0,0,0,0,0,0,0,100.0,NoArch
0,0,0,0,0,0,0,0,0,0,0,0,0.0,0,0,198,51,0,0,0,0,0,0,0,0,0,0,100.0,NoArch
2,63,1,62,64,1,0,1,27,2,1,2,0.200622324,483,1,297,57,72,71,1,1989,1948,41,20,19,1,0,98.9449887,NoArch
6,70,4,66,74,4,0,4,11,0,1,5,2.519671998,5688,2,27,26,665,657,8,17722,17489,233,345,340,5,0,95.57522124,Arch
7,149,109,40,258,0,0,0,7,0,1,3,2.344231962,1430,1,34,34,159,149,10,5584,5320,264,83,78,5,0,94.02460457,Arch
3,15,15,0,30,0,0,0,3,3,1,1,1.485475297,186,2,31,26,4,4,0,133,134,1,4,4,0,0,97.39837398,Arch
1,33,0,33,33,1,0,1,14,15,1,1,0.0,752,2,32,27,130,126,4,3518,3355,163,41,39,2,0,97.04433498,Arch
19,414,78,336,492,10,0,10,22,10,1,7,3.11624131,3796,1,71,61,503,466,37,15640,14283,1357,246,222,24,0,96.66136725,Arch
5,176,4,172,180,3,0,3,9,10,1,3,1.90257307,1252,1,93,67,197,177,20,5439,4830,609,75,69,6,0,97.21362229,Arch
2,15,7,8,22,1,0,1,11,0,1,2,0.945660305,741,1,97,63,111,109,2,3250,3199,51,30,28,2,0,96.05055292,Arch
6,302,65,237,367,3,0,3,31,0,1,5,2.252746265,1944,1,99,62,262,243,19,9894,9275,619,116,104,12,0,93.30289193,Arch
43,192,50,142,242,1,0,1,32,18,1,12,3.614873727,10056,1,101,58,947,933,14,35350,35170,180,625,619,6,0,93.28571429,Arch
17,512,37,475,549,13,0,13,37,9,1,6,3.065700452,4091,1,110,48,560,513,47,19016,17187,1829,251,221,30,0,92.20183486,Arch
17,344,81,263,425,6,0,6,38,7,1,9,3.302607673,3376,1,116,47,394,359,35,14477,13560,917,187,169,18,0,96.74796748,Arch
12,319,197,122,516,5,0,5,39,27,1,8,2.131029175,6729,2,50,15,803,775,28,27028,26066,962,294,276,18,0,96.90880989,Arch
10,520,260,260,780,7,0,7,7,11,1,5,2.027675373,1244,1,51,16,132,108,24,5382,4109,1273,81,64,17,0,96.54135338,Arch
64,410,324,86,734,9,0,9,40,0,1,12,5.142816077,8859,1,117,48,807,799,8,29228,28326,902,464,456,8,0,79.94579946,Arch
4,25,68,43,93,2,0,2,11,9,1,3,1.224567438,951,2,120,51,116,114,2,3517,3490,27,55,55,0,0,96.46910467,Arch
15,318,97,221,415,8,0,8,41,1,1,8,3.027393077,3740,1,121,52,529,498,31,16958,16624,334,202,184,18,0,94.71649485,Arch
4,124,8,116,132,1,0,1,26,7,1,2,1.533849909,1286,2,123,52,194,187,7,5416,5097,319,81,77,4,0,95.92105263,Arch
3,214,83,131,297,1,0,1,10,3,1,2,1.505268612,920,1,127,54,158,147,11,4371,3943,428,38,34,4,0,97.52604167,Arch
7,139,17,122,156,1,0,1,43,4,1,5,1.708445582,2234,2,131,42,284,277,7,10934,10589,345,108,103,5,0,97.96437659,Arch
9,288,34,254,322,5,0,5,44,0,1,5,2.516572355,2394,1,132,43,311,292,19,11875,10901,974,130,121,9,0,97.37827715,Arch
8,73,38,35,111,2,0,2,45,2,1,4,2.411672132,2340,1,134,43,268,262,6,10991,10653,338,97,92,5,0,97.3006135,Arch
21,607,204,403,811,4,0,4,46,1,1,11,3.493144536,6353,1,137,38,940,871,69,28181,25920,2261,343,301,42,0,95.53679131,Arch
18,191,122,69,313,1,0,1,47,0,1,12,3.570745743,4731,1,139,36,592,574,18,19553,18968,585,235,219,16,0,96.37002342,Arch
45,2672,223,2449,2895,13,0,13,48,13,1,16,4.459156113,7228,1,140,1,1193,863,330,37237,27318,9919,541,373,168,0,92.68817204,Arch
34,36,34,2,70,2,0,2,16,37,1,10,5.049145296,7279,2,152,12,546,546,0,23832,23825,7,438,438,0,0,97.66081871,Arch
3,381,0,381,381,3,0,3,1,0,1,2,1.465616919,0,1,159,19,41,0,41,1180,0,1180,35,0,35,0,95.07874016,Arch
10,287,190,97,477,1,1,2,38,16,1,6,2.72448858,2835,1,170,30,404,390,14,12277,11744,533,135,124,11,0,97.19535783,Arch
7,222,34,188,256,5,0,5,8,10,1,5,2.20896342,1892,1,173,33,105,95,10,6534,6139,395,87,83,4,0,95.80223881,Arch
9,410,51,359,461,4,0,4,19,3,1,6,2.775077413,1375,1,182,42,196,173,23,6542,5420,1122,106,84,22,0,95.04950495,Arch
16,65,1364,1299,1429,4,0,4,58,25,1,6,3.128888783,3784,1,189,49,343,444,101,11853,16840,4987,157,225,68,0,95.22091975,Arch
21,88,34,54,122,4,0,4,59,28,1,12,3.65321423,7355,1,190,50,1054,1034,20,31889,31631,258,393,383,10,0,97.36098021,Arch
3,33,5,28,38,0,0,0,45,0,1,3,1.371243785,1321,2,202,52,191,185,6,5599,5464,135,65,63,2,0,97.44318182,Arch
20,937,216,721,1153,9,0,9,64,40,1,9,3.552197147,5509,1,208,25,811,749,62,26127,24238,1889,295,258,37,0,96.36363636,Arch
16,1150,190,960,1340,8,0,8,19,27,1,9,3.258456313,2851,1,228,33,497,396,101,16050,12772,3278,200,143,57,0,96.13486842,Arch
11,168,17,151,185,4,0,4,73,14,1,7,2.849158602,5604,3,5,5,782,767,15,24626,24119,507,296,287,9,0,96.07843137,Arch
6,142,156,14,298,3,0,3,77,12,1,3,2.160187426,5178,3,244,20,726,735,9,22508,22591,83,239,252,13,0,95.41484716,Arch
6,572,237,335,809,3,0,3,84,40,1,3,1.24587307,2175,1,255,24,321,294,27,12121,11111,1010,107,93,14,0,97.75449102,Arch
6,161,78,83,239,0,0,0,98,8,1,5,2.118859635,8180,3,18,1,1085,1052,33,33132,32588,544,309,309,0,0,94.2155309,Arch
5,143,19,124,162,3,0,3,100,5,1,3,1.266661157,2689,2,325,73,374,366,8,14211,13860,351,112,106,6,0,93.78980892,Arch
2,51,53,2,104,0,0,0,101,0,1,2,0.543564443,2420,1,326,74,349,347,2,12727,12822,95,92,92,0,0,93.87917329,Arch
10,126,16,110,142,4,0,4,107,37,1,7,2.58827247,4930,1,338,77,726,710,16,24353,23769,584,244,236,8,0,94.65153971,Arch
4,119,51,68,170,1,0,1,109,40,1,3,1.246205124,2992,1,345,71,428,427,1,15542,15308,234,124,122,2,0,97.34167318,Arch
8,68,105,37,173,0,0,0,74,42,1,4,2.485596298,4339,1,415,52,618,616,2,17540,17509,31,189,188,1,0,97.00690714,Arch
2,35,1,34,36,1,0,1,79,2,1,2,0.964078765,1600,1,440,77,259,256,3,7781,7561,220,85,84,1,0,96.11069559,Arch
31,276,58,218,334,16,0,16,123,153,1,3,4.317340187,5422,1,453,90,655,618,37,20946,19984,962,305,273,32,1,96.53092006,Arch
5,71,31,40,102,4,0,4,72,14,1,3,1.422068578,2648,1,549,88,408,408,0,12292,12034,258,142,137,5,1,97.36842105,Arch
14,1471,435,1036,1906,8,0,8,133,6,1,5,2.977464339,7271,1,555,92,1250,1182,68,36317,33844,2473,467,425,42,0,97.13843774,Arch
16,260,42,218,302,3,0,3,146,128,1,10,3.197831005,11001,1,649,45,1629,1615,14,50356,49675,681,622,615,7,0,96.41407307,Arch
30,3417,947,2470,4364,6,0,6,90,92,1,9,3.221238782,7326,2,667,63,1175,1014,161,36430,32132,4298,425,349,76,0,97.09677419,Arch
6,55,8,47,63,4,0,4,173,18,1,5,2.125872786,5751,3,764,74,921,917,4,29247,29092,155,286,284,2,1,97.55952381,Arch
49,11877,6007,5870,17884,20,1,21,177,100,1,17,3.687871899,17415,2,7,0,2368,2146,222,68232,71669,3437,656,855,199,0,96.74033149,Arch
58,4392,2185,2207,6577,17,2,19,102,54,1,19,4.783718138,15590,3,17,7,1725,1611,114,53293,49309,3984,654,590,64,0,95.50625711,Arch
4,3277,3141,136,6418,1,0,1,186,23,1,3,1.012024221,4366,3,825,11,573,572,1,20716,19733,983,158,157,1,0,97.93871866,Arch
9,141,3,138,144,7,0,7,109,137,1,5,2.660604841,9873,1,6,1,1540,1521,19,40598,40145,453,496,485,11,0,97.82146652,Arch
70,8834,377,8457,9211,14,0,14,110,282,1,14,2.81176606,29269,4,16,0,5424,3777,1647,146395,102103,44292,1764,1431,333,0,94.61956522,Arch
2,79,12,67,91,1,0,1,8,249,1,2,0.944850644,105,1,840,3,14,7,7,448,243,205,8,4,4,0,96.90721649,Arch
6,620,82,538,702,3,0,3,113,70,1,2,2.039922041,6307,7,846,9,1019,975,44,26056,24904,1152,401,385,16,1,97.35064935,Arch
2,50,0,50,50,2,0,2,15,128,1,2,0.942683189,191,1,82,2,22,16,6,714,439,275,15,12,3,1,97.72151899,Arch
4,492,0,492,492,4,0,4,1,0,1,1,1.661854743,0,1,32,1,4,0,4,3614,0,3614,4,0,4,0,96.77754678,Arch
1,0,3297,3297,3297,0,0,0,9,125,1,1,0.0,3297,4,873,4,0,480,480,0,16780,16780,0,118,118,0,97.57185332,Arch
49,4231,0,4231,4231,49,0,49,1,0,1,12,5.359534334,0,1,892,19,273,0,273,14300,0,14300,212,0,212,0,89.87908643,Arch
5,215,496,281,711,1,4,5,2,4,1,2,2.045930104,496,1,905,32,14,4,10,1027,3666,2639,11,4,7,0,95.27057754,Arch
7,2224,0,2224,2224,7,0,7,1,0,1,1,1.288094589,0,1,38,2,395,0,395,10484,0,10484,112,0,112,0,94.47827852,Arch
115,14229,0,14229,14229,115,0,115,1,0,1,23,6.294479925,0,1,983,49,741,0,741,39160,0,39160,588,0,588,0,14.20678769,Arch
0,0,0,0,0,0,0,0,0,0,0,0,0.0,0,0,984,50,0,0,0,0,0,0,0,0,0,0,12.47511612,Arch
7,28,28,0,56,0,0,0,13,49,1,2,2.36287378,16739,2,44,3,4778,4778,0,85694,86019,325,414,414,0,0,95.82318134,Arch
48,0,4097,4097,4097,0,48,48,2,143,1,14,5.325645779,4097,1,1002,12,0,301,301,0,12052,12052,0,235,235,0,93.31806033,Arch
2,7,1,6,8,1,0,1,6,490,1,2,0.811278124,137,2,73,8,5,6,1,947,953,6,4,4,0,0,96.49122807,Arch
182,519,31175,30656,31694,5,121,126,109,217,1,37,6.17697136,42805,2,1017,27,1783,3745,1962,54883,129419,74536,435,1408,973,0,79.82721382,Arch
4,712,9,703,721,3,0,3,26,55,1,3,1.70857685,1285,7,84,19,197,145,52,6393,4462,1931,99,81,18,0,95.78252033,Arch
69,1328,3818,2490,5146,1,0,1,124,536,1,11,3.585891757,24142,3,192,4,3176,3783,607,92676,104456,11780,1094,1162,68,0,96.40957447,Arch
16,22,22,0,44,0,0,0,13,51,1,5,3.793881334,2195,5,105,17,218,218,0,8270,8403,133,116,116,0,0,97.55671902,Arch
84,1418,2715,1297,4133,11,0,11,189,395,1,14,4.295540684,30059,2,219,2,3898,4205,307,115409,122832,7423,1617,1641,24,0,96.52956298,Arch
2,16,128,112,144,0,1,1,15,423,1,2,0.822100404,489,2,19,2,39,58,19,1302,1836,534,18,26,8,2,96.0034379,Arch
18,288,460,172,748,5,0,5,60,487,1,7,3.0868603,1659,2,72,2,116,85,31,5329,7785,2456,72,56,16,1,96.38143891,Arch
67,2492,2322,170,4814,11,0,11,192,293,1,10,3.999005873,16952,3,251,0,2402,2398,4,72233,71468,765,1005,981,24,0,94.69666533,Arch
1,165,0,165,165,1,0,1,1,0,1,1,0.0,0,1,252,1,29,0,29,903,0,903,26,0,26,0,97.76802049,Arch
11,189,486,297,675,0,0,0,92,403,1,7,2.364547589,10153,2,381,7,1687,1674,13,51987,51670,317,470,477,7,0,97.46401645,Arch
47,2640,2692,52,5332,7,0,7,211,456,1,12,3.022328975,24666,1,408,1,4186,4173,13,113832,112848,984,1664,1670,6,0,93.72427984,Arch
12,32,636,604,668,0,0,0,32,1092,1,4,2.381383679,1954,5,409,2,121,193,72,6969,8734,1765,99,147,48,0,94.4043941,Arch
10,435,27,408,462,5,0,5,212,13,1,5,2.740040031,10759,1,414,7,1893,1852,41,49120,47247,1873,623,602,21,0,93.81230663,Arch
12,180,132,48,312,0,0,0,157,104,1,6,1.78755307,5283,7,216,4,902,898,4,25881,25769,112,293,290,3,0,97.11087035,Arch
14,90,74,16,164,1,0,1,158,2,1,7,2.646685512,5446,3,219,7,903,906,3,26122,26245,123,300,297,3,0,96.96312364,Arch
19,36,23,13,59,3,0,3,103,280,1,5,4.138679439,5527,1,222,9,1086,1086,0,28300,28233,67,278,278,0,0,96.83360258,Arch
36,2113,0,2113,2113,36,0,36,13,1,1,4,4.630998767,75,5,122,0,258,1,257,8923,618,8305,189,1,188,0,97.27731092,Arch
122,2035,2122,87,4157,3,0,3,65,1774,1,29,5.188629828,12587,2,184,25,977,977,0,43856,44773,917,806,806,0,0,97.17012175,Arch
6,343,168,175,511,2,0,2,54,36,1,2,1.783328255,2289,1,594,2,452,422,30,13336,12384,952,157,144,13,1,97.38173163,Arch
14,433,75,358,508,5,0,5,142,62,1,5,2.562390935,10953,10,607,4,2040,2002,38,60429,58247,2182,614,601,13,1,97.46004566,Arch
23,270,676,406,946,0,0,0,5,23,1,2,3.500383304,1963,1,36,7,198,237,39,6410,9322,2912,56,69,13,0,97.96359148,Arch
717,311,0,311,311,717,0,717,1,0,1,89,0.344316472,120237,1,1,1,17527,17483,44,499587,498401,1186,8074,8056,18,0,22.18588171,Arch
717,0,0,0,0,717,0,717,328,536,2,89,0.0,120548,2,714,9,17527,17527,0,499587,499587,0,8074,8074,0,0,22.59550257,Arch
59,3419,1103,2316,4522,15,0,15,330,165,1,22,4.495025842,33320,1,717,2,6154,5751,403,169449,159014,10435,2086,1958,128,0,94.83681113,Arch
727,0,0,0,0,727,0,727,337,520,2,90,0.0,123638,3,729,11,18038,18038,0,512156,512156,0,8277,8277,0,0,16.45021645,Arch
727,0,0,0,0,727,0,727,10,0,1,90,0.0,123638,1,2,2,18038,18038,0,512156,512156,0,8277,8277,0,0,16.45021645,Arch
727,51,29,22,80,726,0,726,337,520,2,90,0.0,123638,3,0,0,18039,18038,1,512253,512156,97,8277,8277,0,1,16.45021645,Arch
727,0,0,0,0,727,0,727,10,0,1,90,0.0,123660,1,0,0,18039,18039,0,512253,512253,0,8277,8277,0,1,16.45021645,Arch
727,0,0,0,0,727,0,727,337,520,2,90,0.0,123660,3,465,0,18039,18039,0,512253,512253,0,8277,8277,0,1,16.45021645,Arch
727,0,0,0,0,727,0,727,10,0,1,90,0.0,123660,1,0,0,18039,18039,0,512253,512253,0,8277,8277,0,1,16.45021645,Arch
727,86,12,74,98,725,0,725,337,520,2,90,1.357487858,123660,3,1,1,18043,18039,4,512353,512253,100,8278,8277,1,1,16.45021645,Arch
727,0,0,0,0,727,0,727,10,0,1,90,0.0,123734,1,1,1,18043,18043,0,512353,512353,0,8278,8278,0,1,16.45021645,Arch
727,14,12,2,26,726,0,726,337,520,2,90,0.0,123734,3,466,1,18044,18043,1,512362,512353,9,8278,8278,0,0,16.45021645,Arch
727,0,0,0,0,727,0,727,10,0,1,90,0.0,123736,1,1,1,18044,18044,0,512362,512362,0,8278,8278,0,0,16.45021645,Arch
727,14,3,11,17,725,0,725,337,520,2,90,0.522559375,123736,3,467,2,18046,18044,2,512412,512362,50,8278,8278,0,0,16.45021645,Arch
727,0,0,0,0,727,0,727,10,0,1,90,0.0,123747,1,2,2,18046,18046,0,512412,512412,0,8278,8278,0,0,16.45021645,Arch
727,1,1,0,2,726,0,726,337,520,2,90,0.0,123747,3,468,3,18046,18046,0,512412,512412,0,8278,8278,0,0,16.45021645,Arch
727,0,0,0,0,727,0,727,10,0,1,90,0.0,123747,1,3,3,18046,18046,0,512412,512412,0,8278,8278,0,0,16.45021645,Arch
727,20,8,12,28,726,0,726,337,520,2,90,0.0,123747,3,469,4,18053,18046,7,512495,512412,83,8279,8278,1,0,16.45021645,Arch
727,0,0,0,0,727,0,727,10,0,1,90,0.0,123759,1,4,4,18053,18053,0,512495,512495,0,8279,8279,0,0,16.45021645,Arch
729,391,240,151,631,723,0,723,338,513,3,91,2.087263552,123759,3,470,5,18082,18053,29,513138,512495,643,8292,8279,13,0,16.44547028,Arch
728,0,0,0,0,728,0,728,11,0,1,90,0.0,123910,1,5,5,18082,18082,0,513138,513138,0,8292,8292,0,0,16.28645683,Arch
728,0,0,0,0,728,0,728,338,514,2,90,0.0,123910,3,100,0,18082,18082,0,513138,513138,0,8292,8292,0,1,16.28645683,Arch
728,0,0,0,0,728,0,728,11,0,1,90,0.0,123910,1,1,0,18082,18082,0,513138,513138,0,8292,8292,0,1,16.28645683,Arch
728,162,54,108,216,726,0,726,338,514,2,90,0.075841506,123910,3,729,0,18097,18082,15,513477,513138,339,8297,8292,5,0,16.28645683,Arch
728,0,0,0,0,728,0,728,11,0,1,90,0.0,124018,1,16,0,18097,18097,0,513477,513477,0,8297,8297,0,0,16.28645683,Arch
728,397,73,324,470,725,0,725,339,514,2,90,0.538259641,124018,3,471,6,18128,18097,31,514191,513477,714,8324,8297,27,0,16.28645683,Arch
728,0,0,0,0,728,0,728,12,0,1,90,0.0,124342,1,6,6,18128,18128,0,514191,514191,0,8324,8324,0,0,16.28645683,Arch
728,12,2,10,14,727,0,727,340,514,2,90,0.0,124342,3,472,7,18130,18128,2,514257,514191,66,8325,8324,1,0,16.28645683,Arch
728,0,0,0,0,728,0,728,13,0,1,90,0.0,124352,1,7,7,18130,18130,0,514257,514257,0,8325,8325,0,0,16.28645683,Arch
728,36,18,18,54,725,0,725,341,512,2,90,0.684136326,124352,3,473,8,18130,18130,0,514271,514257,14,8325,8325,0,0,16.28645683,Arch
728,0,0,0,0,728,0,728,14,0,1,90,0.0,124370,1,8,8,18130,18130,0,514271,514271,0,8325,8325,0,0,16.28645683,Arch
728,0,0,0,0,728,0,728,341,512,2,90,0.0,124370,3,101,1,18130,18130,0,514271,514271,0,8325,8325,0,1,16.28645683,Arch
728,0,0,0,0,728,0,728,14,0,1,90,0.0,124370,1,2,1,18130,18130,0,514271,514271,0,8325,8325,0,1,16.28645683,Arch
728,0,0,0,0,728,0,728,341,512,2,90,0.0,124370,3,474,9,18130,18130,0,514271,514271,0,8325,8325,0,0,16.28645683,Arch
728,0,0,0,0,728,0,728,14,0,1,90,0.0,124370,1,9,9,18130,18130,0,514271,514271,0,8325,8325,0,0,16.28645683,Arch
728,0,0,0,0,728,0,728,341,512,2,90,0.0,124370,3,475,10,18130,18130,0,514271,514271,0,8325,8325,0,0,16.28645683,Arch
728,0,0,0,0,728,0,728,14,0,1,90,0.0,124370,1,10,10,18130,18130,0,514271,514271,0,8325,8325,0,0,16.28645683,Arch
728,2,0,2,2,728,0,728,341,512,2,90,0.0,124370,3,476,5,18130,18130,0,514271,514271,0,8325,8325,0,0,16.28645683,Arch
728,0,0,0,0,728,0,728,14,0,1,90,0.0,124372,1,11,5,18130,18130,0,514271,514271,0,8325,8325,0,0,16.28645683,Arch
728,6,0,6,6,728,0,728,341,512,2,90,0.0,124372,3,477,6,18131,18130,1,514314,514271,43,8325,8325,0,0,16.28645683,Arch
728,0,0,0,0,728,0,728,14,0,1,90,0.0,124378,1,12,6,18131,18131,0,514314,514314,0,8325,8325,0,0,16.28645683,Arch
728,0,0,0,0,728,0,728,341,512,2,90,0.0,124378,3,478,7,18131,18131,0,514314,514314,0,8325,8325,0,0,16.28645683,Arch
728,0,0,0,0,728,0,728,14,0,1,90,0.0,124378,1,13,7,18131,18131,0,514314,514314,0,8325,8325,0,0,16.28645683,Arch
728,13,7,6,20,727,0,727,341,512,2,90,0.0,124378,3,730,0,18133,18131,2,514349,514314,35,8325,8325,0,1,16.28645683,Arch
728,0,0,0,0,728,0,728,14,0,1,90,0.0,124384,1,17,0,18133,18133,0,514349,514349,0,8325,8325,0,1,16.28645683,Arch
728,11,2,9,13,727,0,727,341,512,2,90,0.0,124384,3,731,1,18140,18133,7,514413,514349,64,8325,8325,0,1,15.94202899,Arch
728,0,0,0,0,728,0,728,14,0,1,90,0.0,124393,1,18,1,18140,18140,0,514413,514413,0,8325,8325,0,1,15.94202899,Arch
728,5,5,0,10,727,0,727,341,512,2,90,0.0,124393,3,732,2,18140,18140,0,514417,514413,4,8325,8325,0,0,15.94202899,Arch
728,0,0,0,0,728,0,728,14,0,1,90,0.0,124393,1,19,2,18140,18140,0,514417,514417,0,8325,8325,0,0,15.94202899,Arch
728,1,0,1,1,728,0,728,341,512,2,90,0.0,124393,3,479,3,18140,18140,0,514426,514417,9,8325,8325,0,0,15.94202899,Arch
728,0,0,0,0,728,0,728,14,0,1,90,0.0,124394,1,14,3,18140,18140,0,514426,514426,0,8325,8325,0,0,15.94202899,Arch
729,233,180,53,413,725,0,725,341,511,3,91,1.674654132,124394,3,480,4,18150,18140,10,514292,514426,134,8329,8325,4,0,15.32656023,Arch
728,0,0,0,0,728,0,728,14,0,1,90,0.0,124448,2,15,4,18150,18150,0,514292,514292,0,8329,8329,0,0,15.7712305,Arch
728,6,2,4,8,726,0,726,341,512,2,90,0.811278124,124448,3,481,5,18151,18150,1,514333,514292,41,8330,8329,1,0,15.7712305,Arch
728,0,0,0,0,728,0,728,14,0,1,90,0.0,124452,2,16,5,18151,18151,0,514333,514333,0,8330,8330,0,0,15.7712305,Arch
728,78,3,75,81,727,0,727,342,512,2,90,0.0,124452,3,482,6,18157,18151,6,514479,514333,146,8336,8330,6,0,15.7712305,Arch
728,0,0,0,0,728,0,728,15,0,1,90,0.0,124527,2,17,6,18157,18157,0,514479,514479,0,8336,8336,0,0,15.7712305,Arch
728,22,0,22,22,728,0,728,343,512,2,90,0.0,124527,3,483,7,18159,18157,2,514523,514479,44,8338,8336,2,0,15.7712305,Arch
728,0,0,0,0,728,0,728,16,0,1,90,0.0,124549,2,18,7,18159,18159,0,514523,514523,0,8338,8338,0,0,15.7712305,Arch
728,14,0,14,14,728,0,728,344,512,2,90,0.0,124549,3,484,8,18160,18159,1,514560,514523,37,8339,8338,1,0,15.7712305,Arch
728,0,0,0,0,728,0,728,17,0,1,90,0.0,124563,2,19,8,18160,18160,0,514560,514560,0,8339,8339,0,0,15.7712305,Arch
728,32,12,20,44,727,0,727,344,512,2,90,0.0,124563,3,485,9,18164,18160,4,514681,514560,121,8339,8339,0,0,15.7712305,Arch
728,0,0,0,0,728,0,728,17,0,1,90,0.0,124583,2,20,9,18164,18164,0,514681,514681,0,8339,8339,0,0,15.7712305,Arch
728,35,0,35,35,728,0,728,345,512,2,90,0.0,124583,3,486,10,18167,18164,3,514771,514681,90,8342,8339,3,0,15.7712305,Arch
728,0,0,0,0,728,0,728,18,0,1,90,0.0,124618,2,21,10,18167,18167,0,514771,514771,0,8342,8342,0,0,15.7712305,Arch
728,71,37,34,108,727,0,727,345,512,2,90,0.346268574,124618,3,487,11,18176,18167,9,514966,514771,195,8345,8342,3,0,15.7712305,Arch
728,0,0,0,0,728,0,728,18,0,1,90,0.0,124652,2,22,11,18176,18176,0,514966,514966,0,8345,8345,0,0,15.7712305,Arch
728,94,6,88,100,726,0,726,346,512,2,90,0.841464636,124652,3,488,12,18186,18176,10,515440,514966,474,8348,8345,3,0,15.7712305,Arch
728,0,0,0,0,728,0,728,19,0,1,90,0.0,124740,2,23,12,18186,18186,0,515440,515440,0,8348,8348,0,0,15.7712305,Arch
728,0,17,17,17,725,0,725,346,512,2,90,1.383099991,124740,3,91,0,18181,18186,5,515284,515440,156,8348,8348,0,0,15.7712305,Arch
728,0,0,0,0,728,0,728,19,0,1,90,0.0,124723,2,5,0,18181,18181,0,515284,515284,0,8348,8348,0,0,15.7712305,Arch
728,128,8,120,136,727,0,727,346,512,2,90,0.0,124723,3,733,3,18201,18181,20,515621,515284,337,8353,8348,5,0,15.7712305,Arch
728,0,0,0,0,728,0,728,19,0,1,90,0.0,124843,2,20,3,18201,18201,0,515621,515621,0,8353,8353,0,0,15.7712305,Arch
728,4,1,3,5,727,0,727,346,512,2,90,0.0,124843,3,92,1,18202,18201,1,515650,515621,29,8353,8353,0,1,15.7712305,Arch
728,0,0,0,0,728,0,728,19,0,1,90,0.0,124846,2,6,1,18202,18202,0,515650,515650,0,8353,8353,0,1,15.7712305,Arch
728,0,0,0,0,728,0,728,346,512,2,90,0.0,124846,3,2,0,18202,18202,0,515650,515650,0,8353,8353,0,0,15.7712305,Arch
728,0,0,0,0,728,0,728,19,0,1,90,0.0,124846,2,2,0,18202,18202,0,515650,515650,0,8353,8353,0,0,15.7712305,Arch
728,60,6,54,66,725,0,725,347,513,2,90,1.616606401,124846,3,489,13,18209,18202,7,515860,515650,210,8359,8353,6,0,15.7712305,Arch
728,0,0,0,0,728,0,728,20,0,1,90,0.0,124900,2,24,13,18209,18209,0,515860,515860,0,8359,8359,0,0,15.7712305,Arch
728,0,0,0,0,728,0,728,347,513,2,90,0.0,124900,3,490,14,18209,18209,0,515860,515860,0,8359,8359,0,0,15.7712305,Arch
728,0,0,0,0,728,0,728,20,0,1,90,0.0,124900,2,25,14,18209,18209,0,515860,515860,0,8359,8359,0,0,15.7712305,Arch
728,166,32,134,198,721,0,721,347,520,2,90,2.858866274,124900,3,144,0,18234,18209,25,516552,515860,692,8367,8359,8,0,16.07142857,Arch
728,0,0,0,0,728,0,728,20,0,1,90,0.0,125034,3,0,0,18234,18234,0,516552,516552,0,8367,8367,0,0,15.91236668,Arch
728,1,1,0,2,727,0,727,347,520,2,90,0.0,125034,3,3,1,18235,18234,1,516560,516552,8,8367,8367,0,1,15.91236668,Arch
728,0,0,0,0,728,0,728,20,0,1,90,0.0,125034,3,3,1,18235,18235,0,516560,516560,0,8367,8367,0,1,15.91236668,Arch
728,8,0,8,8,728,0,728,347,520,2,90,0.0,125034,3,145,1,18236,18235,1,516624,516560,64,8368,8367,1,0,15.91236668,Arch
728,0,0,0,0,728,0,728,20,0,1,90,0.0,125042,3,1,1,18236,18236,0,516624,516624,0,8368,8368,0,0,15.91236668,Arch
728,0,0,0,0,728,0,728,347,520,2,90,0.0,125042,3,491,12,18236,18236,0,516624,516624,0,8368,8368,0,0,15.91236668,Arch
728,0,0,0,0,728,0,728,20,0,1,90,0.0,125042,3,26,12,18236,18236,0,516624,516624,0,8368,8368,0,0,15.91236668,Arch
728,0,0,0,0,728,0,728,347,520,2,90,0.0,125042,3,492,13,18236,18236,0,516624,516624,0,8368,8368,0,0,15.91236668,Arch
728,0,0,0,0,728,0,728,20,0,1,90,0.0,125042,3,27,13,18236,18236,0,516624,516624,0,8368,8368,0,0,15.91236668,Arch
728,5,1,4,6,727,0,727,347,520,2,90,0.0,125042,3,734,1,18237,18236,1,516640,516624,16,8368,8368,0,1,15.91236668,Arch
728,0,0,0,0,728,0,728,20,0,1,90,0.0,125046,3,21,1,18237,18237,0,516640,516640,0,8368,8368,0,1,15.91236668,Arch
728,32,1,31,33,727,0,727,347,520,2,90,1.481863125,125046,3,493,14,18242,18237,5,516829,516640,189,8368,8368,0,0,15.91236668,Arch
728,0,0,0,0,728,0,728,20,0,1,90,0.0,125077,3,28,14,18242,18242,0,516829,516829,0,8368,8368,0,0,15.91236668,Arch
728,23,20,3,43,727,0,727,347,520,2,90,0.0,125077,3,494,3,18243,18242,1,516837,516829,8,8368,8368,0,0,15.91236668,Arch
728,0,0,0,0,728,0,728,20,0,1,90,0.0,125080,3,29,3,18243,18243,0,516837,516837,0,8368,8368,0,0,15.91236668,Arch
728,0,0,0,0,728,0,728,347,520,2,90,0.0,125080,3,495,4,18243,18243,0,516837,516837,0,8368,8368,0,0,15.91236668,Arch
728,0,0,0,0,728,0,728,20,0,1,90,0.0,125080,3,30,4,18243,18243,0,516837,516837,0,8368,8368,0,0,15.91236668,Arch
728,36,14,22,50,725,0,725,347,520,2,90,1.360964047,125080,3,496,5,18246,18243,3,516902,516837,65,8370,8368,2,0,15.91236668,Arch
728,0,0,0,0,728,0,728,20,0,1,90,0.0,125102,3,31,5,18246,18246,0,516902,516902,0,8370,8370,0,0,15.91236668,Arch
728,0,0,0,0,728,0,728,347,520,2,90,0.0,125102,3,497,6,18246,18246,0,516902,516902,0,8370,8370,0,0,15.91236668,Arch
728,0,0,0,0,728,0,728,20,0,1,90,0.0,125102,3,32,6,18246,18246,0,516902,516902,0,8370,8370,0,0,15.91236668,Arch
728,11,1,10,12,727,0,727,347,520,2,90,0.0,125102,3,498,7,18247,18246,1,516912,516902,10,8371,8370,1,0,15.91236668,Arch
728,0,0,0,0,728,0,728,20,0,1,90,0.0,125112,3,33,7,18247,18247,0,516912,516912,0,8371,8371,0,0,15.91236668,Arch
728,10,19,9,29,726,0,726,347,520,2,90,0.362051252,125112,3,499,8,18246,18247,1,516826,516912,86,8371,8371,0,0,15.91236668,Arch
728,0,0,0,0,728,0,728,20,0,1,90,0.0,125103,3,34,8,18246,18246,0,516826,516826,0,8371,8371,0,0,15.91236668,Arch
728,13,10,3,23,726,0,726,347,520,2,90,0.987692509,125103,3,735,1,18248,18246,2,516851,516826,25,8372,8371,1,1,15.91236668,Arch
728,0,0,0,0,728,0,728,20,0,1,90,0.0,125106,3,22,1,18248,18248,0,516851,516851,0,8372,8372,0,1,15.91236668,Arch
728,12,2,10,14,727,0,727,347,520,2,90,0.0,125106,3,736,2,18249,18248,1,516864,516851,13,8372,8372,0,1,15.91236668,Arch
728,0,0,0,0,728,0,728,20,0,1,90,0.0,125116,3,23,2,18249,18249,0,516864,516864,0,8372,8372,0,1,15.91236668,Arch
728,17,3,14,20,727,0,727,347,520,2,90,0.0,125116,3,737,3,18252,18249,3,516913,516864,49,8373,8372,1,1,15.91236668,Arch
728,0,0,0,0,728,0,728,20,0,1,90,0.0,125130,3,24,3,18252,18252,0,516913,516913,0,8373,8373,0,1,15.91236668,Arch
728,2,1,1,3,727,0,727,347,520,2,90,0.0,125130,3,738,4,18252,18252,0,516921,516913,8,8373,8373,0,1,15.91236668,Arch
728,0,0,0,0,728,0,728,20,0,1,90,0.0,125131,3,25,4,18252,18252,0,516921,516921,0,8373,8373,0,1,15.91236668,Arch
728,13,15,2,28,727,0,727,347,520,2,90,0.0,125131,3,739,5,18252,18252,0,516935,516921,14,8373,8373,0,0,15.91236668,Arch
728,0,0,0,0,728,0,728,20,0,1,90,0.0,125129,3,26,5,18252,18252,0,516935,516935,0,8373,8373,0,0,15.91236668,Arch
728,0,0,0,0,728,0,728,347,520,2,90,0.0,125129,3,740,6,18252,18252,0,516935,516935,0,8373,8373,0,0,15.91236668,Arch
728,0,0,0,0,728,0,728,20,0,1,90,0.0,125129,3,35,7,18252,18252,0,516935,516935,0,8373,8373,0,0,15.91236668,Arch
728,0,0,0,0,728,0,728,352,520,2,90,0.0,125235,3,259,0,18265,18265,0,517295,517295,0,8381,8381,0,0,15.91236668,Arch
11,148,7,141,155,8,0,8,107,411,1,5,2.455011038,3487,1,0,0,661,644,17,18069,17232,837,233,216,17,1,97.91220557,Arch
11,7,148,141,155,0,2,2,108,0,1,5,2.455011038,3628,1,1,1,644,661,17,17232,18069,837,216,233,17,0,97.91220557,Arch
11,148,7,141,155,8,0,8,109,0,1,5,2.455011038,3487,1,2,2,661,644,17,18069,17232,837,233,216,17,1,97.89445629,Arch
4,477,0,477,477,4,0,4,11,0,1,2,0.996238139,93,1,3,3,70,1,69,3167,804,2363,55,1,54,1,97.33263598,Arch
5,246,93,153,339,1,0,1,104,253,1,4,1.897870813,2122,1,743,4,429,395,34,12606,11415,1191,152,140,12,1,97.57669502,Arch
320,29599,7260,22339,36859,156,12,168,441,166,1,60,6.877734248,62224,1,789,6,15038,10218,4820,581542,279163,302379,6765,3957,2808,0,89.18451222,Arch
320,7278,29710,22432,36988,18,138,156,377,136,1,60,6.880874412,84673,1,578,1,10222,15052,4830,279240,581783,302543,3957,6769,2812,0,89.18451222,Arch
320,29697,7260,22437,36957,156,13,169,442,166,1,60,6.880102192,62241,1,864,3,15053,10222,4831,581807,279240,302567,6769,3957,2812,0,89.18451222,Arch
320,7196,29628,22432,36824,18,140,158,377,138,1,60,6.871310301,84678,1,579,2,10223,15053,4830,279264,581807,302543,3957,6769,2812,0,89.18451222,Arch
320,29601,7170,22431,36771,156,13,169,442,167,1,60,6.870405227,62246,1,865,4,15053,10223,4830,581792,279264,302528,6769,3957,2812,0,89.18451222,Arch
321,7389,29661,22272,37050,18,140,158,377,138,1,60,6.883231484,85219,1,38,0,10316,15118,4802,282275,583958,301683,3993,6798,2805,3,89.18451222,Arch
321,29606,7177,22429,36783,156,13,169,442,168,1,60,6.872412843,62947,1,41,0,15146,10316,4830,584786,282275,302511,6805,3993,2812,3,89.18451222,Arch
321,7206,29632,22426,36838,18,140,158,378,138,1,60,6.874515898,85387,1,580,3,10320,15150,4830,282402,584907,302505,3999,6811,2812,0,89.18451222,Arch
321,29632,7193,22439,36825,156,13,169,443,168,1,60,6.873118178,62961,1,239,1,15152,10320,4832,584968,282402,302566,6811,3999,2812,1,89.18451222,Arch
323,7216,29628,22412,36844,20,140,160,378,135,1,60,6.878924379,85400,1,263,0,10323,15152,4829,282500,584968,302468,4000,6811,2811,1,89.13137424,Arch
321,29620,7180,22440,36800,156,13,169,443,168,1,60,6.873211545,62960,1,263,0,15152,10322,4830,584968,282408,302560,6811,3999,2812,1,89.20785668,Arch
323,7238,29633,22395,36871,18,140,158,378,138,1,60,6.879613614,86480,1,766,0,10510,15324,4814,287328,589588,302260,4059,6868,2809,1,89.31447225,Arch
323,29624,7205,22419,36829,157,13,170,443,167,1,60,6.875432957,64085,1,790,0,15330,10510,4820,589760,287328,302432,6870,4059,2811,1,89.31447225,Arch
323,7213,29632,22419,36845,18,140,158,378,138,1,60,6.876684063,86504,1,767,1,10510,15330,4820,287328,589760,302432,4059,6870,2811,1,89.31447225,Arch
321,29620,7179,22441,36799,156,13,169,443,168,1,60,6.873225271,62983,1,791,1,15163,10333,4830,585122,282553,302569,6812,4000,2812,1,89.31447225,Arch
321,7187,29628,22441,36815,18,140,158,378,139,1,60,6.874477506,85421,1,768,2,10331,15161,4830,282521,585090,302569,4000,6812,2812,1,89.31447225,Arch
321,29623,7180,22443,36803,156,13,169,443,170,1,60,6.873146617,62980,1,793,3,15161,10331,4830,585102,282521,302581,6812,4000,2812,1,89.31447225,Arch
321,7187,29628,22441,36815,18,140,158,378,140,1,60,6.874477506,85423,1,769,3,10331,15161,4830,282533,585102,302569,4000,6812,2812,1,89.31447225,Arch
321,29622,7179,22443,36801,156,13,169,443,169,1,60,6.87336776,62982,1,264,1,15162,10331,4831,585111,282533,302578,6812,4000,2812,1,89.31447225,Arch
321,7190,29640,22450,36830,18,140,158,378,140,1,60,6.875476329,85432,1,264,1,10331,15164,4833,282533,585158,302625,4000,6812,2812,1,89.31447225,Arch
321,29627,7057,22570,36684,156,13,169,443,169,1,60,6.866785615,62982,1,794,4,15184,10331,4853,585495,282533,302962,6817,4000,2817,0,89.31447225,Arch
321,7083,29635,22552,36718,18,140,158,378,140,1,60,6.866397233,85552,1,770,4,10336,15184,4848,282656,585495,302839,4000,6817,2817,0,89.31447225,Arch
321,29627,7057,22570,36684,156,13,169,443,169,1,60,6.866785615,63000,1,795,5,15189,10336,4853,585618,282656,302962,6817,4000,2817,0,89.31447225,Arch
321,7062,29632,22570,36694,18,140,158,378,140,1,60,6.867681518,85578,1,265,2,10338,15191,4853,282706,585668,302962,4000,6817,2817,1,89.31447225,Arch
322,29644,7062,22582,36706,156,13,169,443,168,1,60,6.869950085,63579,1,796,6,15324,10467,4857,589335,286245,303090,6843,4025,2818,1,89.31447225,Arch
321,7062,29632,22570,36694,18,140,158,378,140,1,60,6.867681518,85578,1,771,5,10338,15191,4853,282706,585668,302962,4000,6817,2817,1,87.47099768,Arch
322,29651,7057,22594,36708,157,13,170,443,168,1,60,6.870155528,63359,1,797,7,15289,10430,4859,588333,285211,303122,6853,4033,2820,1,87.46803069,Arch
321,7062,29632,22570,36694,18,140,158,378,140,1,60,6.867681518,85578,1,772,6,10338,15191,4853,282706,585668,302962,4000,6817,2817,1,87.46220051,Arch
323,29856,7057,22799,36913,158,13,171,443,168,1,60,6.883824848,63008,1,240,1,15246,10338,4908,586657,282706,303951,6833,4000,2833,0,87.33736059,Arch
323,7062,29861,22799,36923,18,141,159,378,136,1,60,6.884713011,85807,1,266,3,10338,15246,4908,282706,586656,303950,4000,6833,2833,1,87.33736059,Arch
324,29861,7075,22786,36936,158,13,171,443,169,1,61,6.887067614,63403,1,269,6,15338,10434,4904,588851,284978,303873,6878,4046,2832,1,87.33736059,Arch
324,7069,29861,22792,36930,18,142,160,378,136,1,61,6.888800443,86189,1,773,7,10432,15338,4906,284957,588851,303894,4046,6878,2832,1,87.33736059,Arch
324,29856,7064,22792,36920,158,13,171,443,169,1,61,6.887913481,63397,1,270,5,15338,10432,4906,588851,284957,303894,6878,4046,2832,1,87.33736059,Arch
324,7070,29918,22848,36988,18,140,158,378,138,1,61,6.888359194,86246,1,774,3,10432,15358,4926,284961,589301,304340,4046,6878,2832,1,87.33736059,Arch
324,30024,7065,22959,37089,158,13,171,443,169,1,61,6.88750328,63398,1,245,4,15363,10432,4931,589789,284961,304828,6880,4046,2834,1,87.33736059,Arch
325,7070,30067,22997,37137,18,143,161,378,138,1,61,6.892772012,86395,1,581,0,10432,15368,4936,284961,589988,305027,4046,6883,2837,0,87.29679517,Arch
326,30063,7065,22998,37128,160,13,173,443,169,1,61,6.892150986,63698,1,868,1,15419,10481,4938,590915,285866,305049,6896,4059,2837,0,87.29679517,Arch
325,7070,30067,22997,37137,18,143,161,378,138,1,61,6.892772012,86395,1,582,1,10432,15368,4936,284961,589988,305027,4046,6883,2837,0,87.29679517,Arch
329,30165,7126,23039,37291,159,13,172,443,165,1,63,6.909071491,64215,3,271,2,15454,10516,4938,594324,288918,305406,6928,4091,2837,1,87.29679517,Arch
325,7070,30067,22997,37137,18,143,161,378,138,1,61,6.892772012,86395,1,267,0,10432,15368,4936,284961,589988,305027,4046,6883,2837,1,87.29679517,Arch
325,30062,7065,22997,37127,159,13,172,443,167,1,61,6.891888893,63398,1,246,4,15368,10432,4936,589988,284961,305027,6883,4046,2837,1,87.29679517,Arch
325,7070,30067,22997,37137,18,143,161,378,138,1,61,6.892772012,86395,1,268,1,10432,15368,4936,284961,589988,305027,4046,6883,2837,0,87.29679517,Arch
326,30082,7066,23016,37148,159,13,172,443,170,1,62,6.894907107,63498,1,273,4,15387,10443,4944,590612,285394,305218,6895,4057,2838,1,87.29679517,Arch
325,7070,30067,22997,37137,18,143,161,378,138,1,61,6.892772012,86395,1,269,2,10432,15368,4936,284961,589988,305027,4046,6883,2837,1,87.29679517,Arch
328,30722,7065,23657,37787,162,13,175,443,157,1,62,6.920114981,63398,1,2,0,15450,10432,5018,592724,284961,307763,6918,4046,2872,1,87.15511245,Arch
328,7078,30819,23741,37897,18,146,164,379,138,1,62,6.916118271,87184,1,270,3,10441,15464,5023,285101,593099,307998,4047,6921,2874,1,87.15511245,Arch
337,31136,7160,23976,38296,166,13,179,445,171,1,63,6.951531114,63802,1,869,2,15517,10466,5051,595116,286361,308755,6967,4071,2896,0,86.94746586,Arch
337,7117,31038,23921,38155,17,149,166,380,143,1,63,6.963113502,87819,1,6,1,10473,15521,5048,286634,595234,308600,4073,6971,2898,1,86.94746586,Arch
337,31081,7160,23921,38241,166,13,179,446,172,1,63,6.957966835,63898,1,4,2,15521,10473,5048,595300,286634,308666,6971,4073,2898,1,86.94746586,Arch
337,7103,31201,24098,38304,17,114,131,380,144,1,63,6.967925119,87998,1,271,4,10473,15568,5095,286642,596203,309561,4073,6972,2899,2,86.96759259,Arch
337,31213,7124,24089,38337,166,13,179,446,209,1,63,6.969016909,63900,1,799,1,15568,10473,5095,596138,286642,309496,6972,4073,2899,1,86.96759259,Arch
337,7103,31201,24098,38304,17,149,166,380,145,1,63,6.967925119,87989,1,775,1,10473,15568,5095,286577,596138,309561,4073,6972,2899,1,86.96759259,Arch
337,31198,7100,24098,38298,166,13,179,446,209,1,63,6.966904566,63898,1,800,2,15571,10476,5095,596173,286612,309561,6972,4073,2899,1,86.96759259,Arch
337,7104,31209,24105,38313,17,149,166,380,145,1,63,6.968879426,88003,1,7,2,10476,15575,5099,286612,596218,309606,4073,6972,2899,1,86.96759259,Arch
338,31219,7100,24119,38319,167,13,180,446,207,1,63,6.970841278,63905,1,801,3,15580,10480,5100,596365,286657,309708,6973,4073,2900,0,86.93037243,Arch
338,7102,31221,24119,38323,17,150,167,380,145,1,63,6.971888296,88035,1,777,2,10483,15583,5100,286751,596459,309708,4073,6973,2900,1,86.93037243,Arch
338,31218,7099,24119,38317,167,13,180,446,207,1,63,6.970868757,63916,1,803,5,15583,10483,5100,596459,286751,309708,6973,4073,2900,0,86.93037243,Arch
338,7093,31217,24124,38310,17,150,167,380,145,1,63,6.972539994,88035,1,778,3,10482,15583,5101,286734,596459,309725,4073,6973,2900,1,86.93037243,Arch
338,31223,7090,24133,38313,167,13,180,446,206,1,63,6.971943892,63911,1,804,6,15586,10482,5104,596533,286734,309799,6973,4073,2900,1,86.67767036,Arch
338,7099,31232,24133,38331,17,150,167,380,145,1,63,6.972797961,88058,1,779,4,10485,15589,5104,286779,596578,309799,4073,6973,2900,1,86.67767036,Arch
340,31318,7171,24147,38489,167,13,180,446,205,1,63,6.984447588,64731,1,870,3,15738,10630,5108,599640,289728,309912,7031,4130,2901,0,86.67767036,Arch
338,7137,31232,24095,38369,17,150,167,380,145,1,63,6.970880956,88020,1,583,2,10485,15578,5093,286779,596331,309552,4073,6971,2898,1,86.67767036,Arch
338,31295,7151,24144,38446,167,13,180,446,206,1,63,6.965907599,63925,1,256,10,15586,10485,5101,596808,286779,310029,6974,4073,2901,0,86.67767036,Arch
339,7160,31337,24177,38497,17,150,167,380,145,1,63,6.97073055,88263,1,0,0,10504,15608,5104,287415,597532,310117,4081,6983,2902,1,86.59599529,Arch
339,31351,7187,24164,38538,167,13,180,446,207,1,63,6.969289277,64086,1,807,9,15609,10504,5105,597478,287415,310063,6983,4081,2902,1,86.59599529,Arch
339,7153,31330,24177,38483,17,150,167,380,145,1,63,6.97091933,88250,1,780,5,10505,15609,5104,287346,597478,310132,4081,6983,2902,1,86.59599529,Arch
339,31323,7146,24177,38469,167,13,180,446,207,1,63,6.970292669,64073,1,258,9,15609,10505,5104,597478,287346,310132,6983,4081,2902,0,86.59599529,Arch
339,7136,31326,24190,38462,17,150,167,380,146,1,63,6.969687669,88250,1,781,6,10501,15609,5108,287269,597478,310209,4080,6983,2903,1,86.59599529,Arch
339,31319,7129,24190,38448,167,13,180,446,207,1,63,6.969060504,64060,1,259,9,15609,10501,5108,597478,287269,310209,6983,4080,2903,0,86.59599529,Arch
339,7142,31331,24189,38473,17,149,166,380,146,1,63,6.969463446,88252,1,782,7,10501,15609,5108,287310,597505,310195,4080,6983,2903,1,86.59599529,Arch
340,31328,7135,24193,38463,168,13,181,446,211,1,63,6.969637515,64154,1,275,0,15619,10510,5109,597724,287515,310209,6993,4089,2904,1,86.59599529,Arch
340,7224,31504,24280,38728,17,149,166,380,146,1,63,6.958803968,88434,1,584,1,10510,15620,5110,287515,597929,310414,4089,6998,2909,0,86.59599529,Arch
340,31498,7238,24260,38736,168,13,181,447,214,1,63,6.960682581,64154,1,2,2,15600,10510,5090,597676,287515,310161,6998,4089,2909,1,86.59599529,Arch
340,7224,31504,24280,38728,17,150,167,380,146,1,63,6.958803968,88414,1,1,1,10490,15600,5110,287262,597676,310414,4089,6998,2909,1,86.59599529,Arch
340,31497,7217,24280,38714,168,13,181,447,214,1,63,6.95817358,64134,1,3,3,15600,10490,5110,597676,287262,310414,6998,4089,2909,1,86.59599529,Arch
340,7224,31504,24280,38728,17,150,167,380,146,1,63,6.958803968,88414,1,2,2,10490,15600,5110,287262,597676,310414,4089,6998,2909,1,86.59599529,Arch
340,31502,7218,24284,38720,168,13,181,447,214,1,63,6.958091754,64134,1,4,4,15602,10490,5112,597701,287262,310439,6998,4089,2909,1,86.59599529,Arch
340,7224,31504,24280,38728,17,150,167,380,146,1,63,6.958803968,88418,1,3,3,10492,15602,5110,287287,597701,310414,4089,6998,2909,1,86.59599529,Arch
340,31497,7217,24280,38714,168,13,181,447,214,1,63,6.95817358,64138,1,260,5,15602,10492,5110,597701,287287,310414,6998,4089,2909,2,86.59599529,Arch
342,7239,31747,24508,38986,17,151,168,380,145,1,63,6.96775787,88653,1,4,4,10495,15636,5141,287313,598955,311642,4090,7011,2921,1,86.49411765,Arch
342,31743,7233,24510,38976,170,13,183,448,211,1,63,6.96693286,64145,1,6,6,15637,10495,5142,598968,287313,311655,7011,4090,2921,1,86.49411765,Arch
342,7239,31747,24508,38986,17,152,169,380,145,1,63,6.96775787,88655,1,5,5,10496,15637,5141,287326,598968,311642,4090,7011,2921,1,86.49411765,Arch
345,31815,7261,24554,39076,172,13,185,448,210,1,63,6.978123982,64546,1,875,5,15694,10548,5146,600419,288636,311783,7055,4129,2926,0,86.4307476,Arch
345,7275,31837,24562,39112,17,154,171,380,143,1,63,6.977647868,89108,1,6,6,10548,15698,5150,288636,600465,311829,4129,7056,2927,1,86.4307476,Arch
345,31830,7268,24562,39098,172,13,185,448,210,1,63,6.977025321,64546,1,65,0,15698,10548,5150,600469,288636,311833,7056,4129,2927,0,86.4307476,Arch
347,7282,31858,24576,39140,17,153,170,380,147,1,64,6.980073691,89675,1,585,1,10629,15780,5151,290963,602907,311944,4167,7095,2928,0,86.4307476,Arch
347,31849,7274,24575,39123,172,13,185,448,208,1,64,6.979023524,65099,1,879,6,15780,10629,5151,602900,290963,311937,7095,4167,2928,0,86.4307476,Arch
348,7284,31856,24572,39140,18,154,172,380,150,1,64,6.980268772,89724,1,8,0,10633,15783,5150,291103,603026,311923,4170,7098,2928,1,86.4307476,Arch
347,31849,7274,24575,39123,172,13,185,448,208,1,64,6.979023524,65099,1,9,0,15780,10629,5151,602900,290963,311937,7095,4167,2928,1,86.4307476,Arch
348,7284,31860,24576,39144,17,154,171,380,147,1,64,6.980684882,89844,1,7,7,10652,15803,5151,291666,603618,311952,4174,7102,2928,1,86.4307476,Arch
348,31868,7277,24591,39145,172,13,185,449,206,1,64,6.98066515,65268,1,881,8,15807,10652,5155,603678,291666,312012,7105,4174,2931,0,86.4307476,Arch
349,7289,32564,25275,39853,17,154,171,380,150,1,64,6.940769592,90735,1,783,3,10672,15825,5153,292209,604227,312018,4186,7117,2931,1,86.4307476,Arch
349,32557,7282,25275,39839,173,13,186,450,204,1,64,6.940136147,65460,1,277,2,15825,10672,5153,604227,292209,312018,7117,4186,2931,1,86.4307476,Arch
349,7282,32493,25211,39775,17,154,171,380,154,1,64,6.941045575,90787,1,784,4,10686,15833,5147,292846,604404,311558,4190,7119,2929,1,86.4307476,Arch
349,32490,7278,25212,39768,173,13,186,450,204,1,64,6.940487808,65576,1,813,7,15833,10686,5147,604411,292846,311565,7119,4190,2929,0,86.4307476,Arch
349,7282,32493,25211,39775,17,154,171,380,156,1,64,6.941045575,90788,1,785,5,10686,15833,5147,292853,604411,311558,4190,7119,2929,0,86.4307476,Arch
349,32494,7279,25215,39773,173,13,186,450,203,1,64,6.941013913,65577,1,278,3,15834,10686,5148,604425,292853,311572,7120,4190,2930,1,86.4307476,Arch
349,7282,32493,25211,39775,17,154,171,380,158,1,64,6.941045575,90792,1,272,0,10687,15834,5147,292867,604425,311558,4191,7120,2929,1,86.4307476,Arch
349,32489,7278,25211,39767,173,13,186,450,203,1,64,6.940383965,65581,1,115,0,15834,10687,5147,604425,292867,311558,7120,4191,2929,0,86.4307476,Arch
349,7282,32493,25211,39775,17,154,171,380,158,1,64,6.941045575,90792,1,89,0,10687,15834,5147,292867,604425,311558,4191,7120,2929,0,86.4307476,Arch
349,32496,7280,25216,39776,173,13,186,450,203,1,64,6.940426077,65581,1,814,6,15835,10687,5148,604464,292867,311597,7120,4191,2929,1,86.4307476,Arch
349,7281,32493,25212,39774,17,154,171,380,158,1,64,6.941092751,90797,1,786,5,10688,15835,5147,292902,604464,311562,4191,7120,2929,1,86.4307476,Arch
349,32505,7284,25221,39789,173,13,186,450,203,1,64,6.940493383,65585,1,815,7,15835,10688,5147,604500,292902,311598,7120,4191,2929,1,86.4307476,Arch
349,7283,32497,25214,39780,17,154,171,380,158,1,64,6.941020592,90806,1,787,6,10688,15835,5147,292926,604500,311574,4191,7120,2929,1,86.4307476,Arch
349,32503,7283,25220,39786,173,13,186,450,203,1,64,6.939696279,65592,1,816,8,15836,10688,5148,604540,292926,311614,7120,4191,2929,1,86.4307476,Arch
349,7283,32497,25214,39780,17,154,171,380,158,1,64,6.941020592,90812,1,788,7,10689,15836,5147,292966,604540,311574,4191,7120,2929,1,86.4307476,Arch
349,32482,7282,25200,39764,173,13,186,451,203,1,64,6.940893823,65598,1,883,10,15834,10689,5145,604452,292966,311486,7120,4191,2929,1,86.4307476,Arch
349,7286,32486,25200,39772,17,154,171,380,158,1,64,6.941555358,90797,1,789,7,10687,15832,5145,292963,604449,311486,4191,7120,2929,1,86.4307476,Arch
349,32483,7287,25196,39770,173,13,186,451,203,1,64,6.941523725,65597,1,279,4,15831,10687,5144,604435,292963,311472,7119,4191,2928,1,86.4307476,Arch
349,7286,32486,25200,39772,17,154,171,380,156,1,64,6.941555358,90793,1,273,1,10686,15831,5145,292949,604435,311486,4190,7119,2929,1,86.4307476,Arch
349,32495,7303,25192,39798,173,13,186,451,203,1,64,6.942749551,65601,1,261,1,15831,10688,5143,604435,292987,311448,7119,4190,2929,1,86.4307476,Arch
349,7307,32499,25192,39806,17,154,171,380,154,1,64,6.943414976,90793,1,11,2,10688,15831,5143,292987,604435,311448,4190,7119,2929,1,86.4307476,Arch
349,32495,7303,25192,39798,173,13,186,451,203,1,64,6.942749551,65601,1,6,0,15831,10688,5143,604435,292987,311448,7119,4190,2929,0,86.4307476,Arch
349,7307,32499,25192,39806,17,154,171,380,154,1,64,6.943414976,90793,1,586,2,10688,15831,5143,292987,604435,311448,4190,7119,2929,1,86.4307476,Arch
350,32524,7303,25221,39827,174,13,187,452,206,1,65,6.941626929,65774,1,7,1,15846,10694,5152,605459,293904,311555,7125,4196,2929,1,86.4307476,Arch
351,7313,32556,25243,39869,17,153,170,380,167,1,65,6.941192346,91082,1,107,0,10695,15845,5150,293994,605441,311447,4197,7127,2930,1,86.4307476,Arch
351,32561,7310,25251,39871,174,13,187,452,209,1,65,6.940594475,65839,1,262,2,15847,10695,5152,605482,293994,311488,7127,4197,2930,1,86.4307476,Arch
352,7355,32619,25264,39974,17,154,171,381,168,1,65,6.949368546,91235,1,587,3,10706,15858,5152,294277,605743,311466,4204,7133,2929,1,86.38387626,Arch
2,64,47,17,111,0,0,0,15,381,1,2,0.339486,611,4,588,4,114,112,2,3454,3424,30,40,40,0,1,97.49859472,Arch
351,32580,7310,25270,39890,174,13,187,452,209,1,65,6.9392514,65855,1,10,9,15854,10699,5155,605652,294087,311565,7127,4200,2927,1,85.1022864,Arch
351,7311,32541,25230,39852,17,154,171,381,167,1,65,6.940572628,91125,1,8,7,10708,15854,5146,294298,605652,311354,4201,7127,2926,1,85.1022864,Arch
351,32555,7307,25248,39862,174,13,187,452,209,1,65,6.940356809,65895,1,263,3,15858,10708,5150,605763,294298,311465,7128,4201,2927,0,85.1022864,Arch
351,7311,32559,25248,39870,17,154,171,381,167,1,65,6.941028155,91148,1,9,8,10709,15859,5150,294335,605800,311465,4201,7128,2927,1,85.1022864,Arch
351,32567,7307,25260,39874,174,13,187,452,208,1,65,6.940928847,65900,1,12,9,15863,10709,5154,605889,294335,311554,7128,4201,2927,1,85.15042118,Arch
351,7312,32571,25259,39883,17,154,171,382,167,1,65,6.94153306,91160,1,10,8,10710,15863,5153,294349,605889,311540,4201,7128,2927,1,85.15042118,Arch
355,32778,7417,25361,40195,174,13,187,452,220,1,65,6.956836958,66432,1,886,12,15921,10772,5149,608364,296020,312344,7158,4231,2927,0,85.15042118,Arch
354,7417,32780,25363,40197,17,154,171,383,168,1,65,6.956857564,91741,1,274,2,10773,15922,5149,295796,608155,312359,4232,7159,2927,1,85.15042118,Arch
354,32777,7413,25364,40190,174,13,187,452,217,1,65,6.956272929,66378,1,887,13,15922,10773,5149,608155,295796,312359,7159,4232,2927,0,85.15042118,Arch
365,7702,33390,25688,41092,17,138,155,383,168,1,65,6.993374788,93291,1,792,9,10918,16137,5219,300301,614632,314331,4324,7275,2951,0,85.25367473,Arch
365,33385,7697,25688,41082,180,13,193,452,224,1,65,6.992730385,67603,1,823,12,16137,10918,5219,614632,300301,314331,7275,4324,2951,1,85.25367473,Arch
365,7720,33380,25660,41100,17,158,175,384,167,1,65,6.991599807,93291,1,12,9,10935,16137,5202,300525,614632,314107,4325,7275,2950,1,85.25367473,Arch
374,33809,7715,26094,41524,189,13,202,452,219,1,67,7.028871465,67631,1,0,0,16203,10935,5268,616643,300525,316118,7320,4325,2995,0,84.83132814,Arch
374,7720,33814,26094,41534,17,167,184,384,160,1,67,7.029504025,93725,1,275,3,10935,16203,5268,300525,616643,316118,4325,7320,2995,1,84.83132814,Arch
374,33802,7715,26087,41517,189,13,202,452,219,1,67,7.028284141,67631,1,282,6,16203,10935,5268,616641,300525,316116,7320,4325,2995,1,84.83132814,Arch
374,7729,33862,26133,41591,17,166,183,385,160,1,67,7.028649248,93885,1,590,5,10945,16217,5272,300779,617183,316404,4335,7332,2997,1,84.8041529,Arch
374,34040,7722,26318,41762,189,13,202,454,209,1,67,7.038034743,67752,1,1,1,16217,10945,5272,617183,300779,316404,7332,4335,2997,0,84.8041529,Arch
374,7729,34046,26317,41775,17,167,184,385,160,1,67,7.038811401,94069,1,591,5,10945,16217,5272,300779,617176,316397,4335,7332,2997,1,84.8041529,Arch
374,34079,7737,26342,41816,189,13,202,455,209,1,67,7.034382819,67752,1,894,11,16221,10945,5276,617223,300779,316444,7333,4335,2998,0,84.8041529,Arch
374,7742,34047,26305,41789,17,167,184,386,160,1,67,7.03789639,94094,1,592,6,10949,16221,5272,300901,617228,316327,4336,7333,2997,0,84.8041529,Arch
374,33921,7668,26253,41589,189,13,202,456,209,1,67,7.026780861,67841,1,14,4,16221,10962,5259,617228,301227,316001,7333,4344,2989,1,84.82416804,Arch
374,7673,33926,26253,41599,17,167,184,386,167,1,67,7.027501298,94094,1,13,5,10962,16221,5259,301227,617228,316001,4344,7333,2989,1,84.82416804,Arch
377,33989,7679,26310,41668,189,13,202,457,214,1,67,7.031493853,68409,1,896,13,16311,11048,5263,619865,303680,316185,7371,4380,2991,0,84.82416804,Arch
377,7761,34025,26264,41786,17,167,184,387,169,1,67,7.025319884,94719,1,594,8,11052,16311,5259,303831,619865,316034,4382,7371,2989,0,84.82416804,Arch
377,34029,7756,26273,41785,189,13,202,457,213,1,67,7.026052942,68455,1,897,14,16313,11052,5261,619939,303831,316108,7372,4382,2990,0,84.82416804,Arch
378,7803,34118,26315,41921,17,167,184,388,170,1,67,7.03244569,94787,1,12,0,11053,16322,5269,303892,620250,316358,4383,7374,2991,1,84.70976876,Arch
378,34106,7789,26317,41895,190,13,203,459,206,1,67,7.032873936,68474,1,15,5,16322,11055,5267,620269,303907,316362,7374,4383,2991,1,84.70976876,Arch
380,7805,34136,26331,41941,17,168,185,388,167,1,67,7.036975786,95333,1,595,5,11116,16383,5267,305762,622124,316362,4401,7392,2991,1,84.70976876,Arch
380,34132,7801,26331,41933,190,13,203,460,210,1,67,7.035976458,69002,1,16,1,16383,11116,5267,622124,305762,316362,7392,4401,2991,1,84.70976876,Arch
380,7810,34143,26333,41953,17,168,185,389,167,1,67,7.03634399,95309,1,15,3,11113,16381,5268,305696,622075,316379,4401,7392,2991,1,84.70976876,Arch
380,34139,7806,26333,41945,190,13,203,461,210,1,67,7.035771807,68976,1,18,3,16381,11113,5268,622075,305696,316379,7392,4401,2991,1,84.70976876,Arch
383,7846,34591,26745,42437,17,168,185,389,168,1,67,7.039741652,95820,1,14,1,11128,16437,5309,306060,623352,317292,4412,7438,3026,2,84.69700542,Arch
383,34587,7839,26748,42426,192,13,205,465,213,1,67,7.038942729,69075,1,210,2,16438,11128,5310,623369,306060,317309,7438,4412,3026,0,84.69700542,Arch
383,7872,34633,26761,42505,17,170,187,390,168,1,67,7.035514966,95831,1,16,4,11129,16441,5312,306040,623428,317388,4412,7438,3026,3,84.69700542,Arch
383,34592,7836,26756,42428,192,13,205,466,213,1,67,7.039124436,69070,1,34,19,16442,11129,5313,623408,306040,317368,7438,4412,3026,3,84.69700542,Arch
383,7843,34599,26756,42442,17,170,187,390,168,1,67,7.039884117,95826,1,17,5,11129,16442,5313,306040,623408,317368,4412,7438,3026,0,84.69700542,Arch
383,34592,7836,26756,42428,192,13,205,466,213,1,67,7.039124436,69070,1,35,20,16442,11129,5313,623408,306040,317368,7438,4412,3026,0,84.69700542,Arch
383,7866,34603,26737,42469,17,170,187,391,168,1,67,7.038016281,95826,1,18,6,11130,16442,5312,306101,623408,317307,4413,7438,3025,1,84.69700542,Arch
383,34617,7859,26758,42476,192,13,205,467,211,1,67,7.039536406,69108,1,36,21,16447,11131,5316,623614,306191,317423,7440,4413,3027,2,84.69700542,Arch
383,7869,34677,26808,42546,17,170,187,391,168,1,67,7.044082497,95916,1,22,10,11131,16449,5318,306191,623712,317521,4413,7442,3029,1,84.71698113,Arch
383,34672,7864,26808,42536,191,13,204,468,211,1,67,7.04332713,69108,1,38,23,16449,11131,5318,623705,306191,317514,7442,4413,3029,1,84.71698113,Arch
383,7871,34679,26808,42550,17,170,187,391,168,1,67,7.044085038,95926,1,15,1,11134,16452,5318,306267,623781,317514,4414,7443,3029,1,84.71698113,Arch
383,34672,7864,26808,42536,191,13,204,468,211,1,67,7.04332713,69118,1,2,0,16452,11134,5318,623781,306267,317514,7443,4414,3029,1,84.71698113,Arch
383,7872,34680,26808,42552,17,170,187,392,168,1,67,7.043946918,95980,1,23,8,11143,16461,5318,306481,623993,317512,4414,7443,3029,2,84.71698113,Arch
383,34678,7868,26810,42546,191,13,204,470,211,1,67,7.042635709,69172,1,40,23,16461,11143,5318,623987,306481,317506,7443,4414,3029,1,84.71698113,Arch
383,7872,34680,26808,42552,17,170,187,393,168,1,67,7.043946918,95982,1,24,9,11143,16461,5318,306475,623987,317512,4414,7443,3029,1,84.71698113,Arch
383,34697,7865,26832,42562,191,13,204,470,211,1,67,7.045144056,69174,1,18,2,16468,11143,5325,624150,306475,317675,7445,4414,3031,1,84.72581784,Arch
383,7874,34682,26808,42556,17,170,187,393,167,1,67,7.044324166,96006,1,16,2,11150,16468,5318,306638,624150,317512,4416,7445,3029,1,87.79238138,Arch
420,37335,9176,28159,46511,194,13,207,471,275,1,72,7.20293131,73409,3,902,0,17301,11724,5577,648890,325807,323083,7945,4774,3171,0,86.44334532,Arch
421,9240,37446,28206,46686,17,173,190,393,166,1,72,7.210472677,101591,4,17,3,11717,17305,5588,325644,648985,323341,4772,7948,3176,1,83.0952381,Arch
421,37417,9235,28182,46652,195,13,208,471,272,1,72,7.208127843,73385,3,19,3,17298,11717,5581,648822,325644,323178,7946,4772,3174,1,83.08279647,Arch
421,9241,37423,28182,46664,17,174,191,393,166,1,72,7.208880484,101571,4,276,0,11719,17300,5581,325669,648847,323178,4772,7946,3174,1,83.08279647,Arch
422,37432,9253,28179,46685,195,13,208,471,275,1,72,7.209678006,73447,3,285,2,17306,11725,5581,648999,325839,323160,7953,4778,3175,1,83.08279647,Arch
422,9263,37455,28192,46718,17,174,191,393,167,1,72,7.211554931,101639,4,0,0,11725,17305,5580,325839,648986,323147,4778,7953,3175,1,83.08279647,Arch
422,37450,9258,28192,46708,195,13,208,472,278,1,72,7.210675511,73447,3,3,1,17305,11725,5580,648993,325839,323154,7953,4778,3175,1,83.08279647,Arch
425,9298,37550,28252,46848,17,174,191,393,171,1,72,7.217783917,102324,4,277,1,11843,17441,5598,328526,651902,323376,4832,8014,3182,1,83.08279647,Arch
425,37546,9293,28253,46839,195,13,208,473,267,1,72,7.217065541,74072,3,288,5,17442,11843,5599,651912,328526,323386,8014,4832,3182,1,83.08279647,Arch
425,9299,37552,28253,46851,17,174,191,393,170,1,72,7.217815126,102341,4,278,2,11847,17446,5599,328582,651968,323386,4835,8017,3182,1,83.08279647,Arch
425,37578,9293,28285,46871,195,13,208,473,266,1,72,7.218650696,74088,3,829,1,17450,11847,5603,652061,328582,323479,8020,4835,3185,1,83.08279647,Arch
425,9332,37640,28308,46972,17,173,190,393,177,1,72,7.225712444,102413,4,18,4,11854,17455,5601,328659,652205,323546,4835,8022,3187,1,82.6469111,Arch
425,37634,9326,28308,46960,195,13,208,473,265,1,72,7.225220698,74105,3,833,5,17455,11854,5601,652205,328659,323546,8022,4835,3187,0,82.6469111,Arch
425,9338,37641,28303,46979,17,174,191,393,177,1,72,7.225920041,102413,4,20,5,11856,17455,5599,328698,652205,323507,4835,8022,3187,1,82.6469111,Arch
425,37642,9333,28309,46975,195,13,208,473,265,1,72,7.225320945,74110,3,20,2,17457,11856,5601,652231,328698,323533,8022,4835,3187,1,82.6469111,Arch
425,9343,37635,28292,46978,17,173,190,393,177,1,72,7.225243788,102406,4,21,3,11857,17457,5600,328708,652215,323507,4835,8021,3186,1,82.6469111,Arch
425,37766,9355,28411,47121,195,13,208,473,265,1,72,7.231658599,74120,3,837,4,17467,11859,5608,652757,328735,324022,8027,4835,3192,1,82.6469111,Arch
425,9351,37645,28294,46996,17,174,191,393,174,1,72,7.225977136,102531,4,794,0,11869,17467,5598,329218,652757,323539,4841,8027,3186,1,82.6469111,Arch
425,37570,9350,28220,46920,195,13,208,473,265,1,72,7.224524047,74237,3,838,5,17451,11869,5582,652349,329218,323131,8023,4841,3182,1,82.6469111,Arch
425,9368,37576,28208,46944,17,174,191,393,174,1,72,7.224510759,102457,4,23,3,11872,17451,5579,329317,652349,323032,4841,8023,3182,1,82.67202411,Arch
425,37570,9362,28208,46932,195,13,208,473,265,1,72,7.224009186,74249,3,840,7,17451,11872,5579,652349,329317,323032,8023,4841,3182,0,82.67202411,Arch
425,9368,37576,28208,46944,17,174,191,393,174,1,72,7.224510759,102457,4,596,0,11872,17451,5579,329317,652349,323032,4841,8023,3182,0,82.67202411,Arch
425,37572,9364,28208,46936,195,13,208,473,265,1,72,7.224367991,74249,3,905,0,17451,11872,5579,652349,329321,323028,8023,4841,3182,0,82.67202411,Arch
436,9406,37876,28470,47282,20,173,193,393,192,1,73,7.236143608,103671,4,795,1,11957,17583,5626,332096,656246,324150,4894,8099,3205,1,82.58906172,Arch
436,37865,9395,28470,47260,199,13,212,473,271,1,73,7.235775152,75201,3,841,8,17583,11957,5626,656246,332096,324150,8099,4894,3205,0,82.58906172,Arch
436,9406,37876,28470,47282,20,176,196,393,192,1,73,7.236143608,103671,4,796,2,11957,17583,5626,332096,656246,324150,4894,8099,3205,1,82.58906172,Arch
436,37865,9394,28471,47259,199,13,212,473,271,1,73,7.235838888,75200,3,842,5,17583,11957,5626,656246,332089,324157,8099,4894,3205,0,82.58906172,Arch
169,9872,4429,5443,14301,81,9,90,698,642,2,47,5.347214784,64491,1,459,50,12013,11190,823,324620,314829,9791,4546,5068,522,0,93.73605948,Arch
144,3983,7151,3168,11134,9,29,38,692,668,3,52,6.098906598,64839,0,1237,4,9682,10177,495,272832,288604,15772,3428,3553,125,0,97.83158656,Arch
144,7155,4133,3022,11288,35,0,35,698,286,3,52,6.076572274,61822,1,460,47,10179,9694,485,288644,273072,15572,3553,3430,123,0,97.83158656,Arch
144,4348,7102,2754,11450,35,10,45,698,805,2,42,4.735789324,66187,1,59,15,11029,11448,419,308478,302744,5734,4997,4366,631,1,94.54202077,Arch
171,10029,4433,5596,14462,82,10,92,698,637,2,47,5.376935827,65251,1,462,48,12227,11379,848,330599,319886,10713,4579,5098,519,0,93.68381943,Arch
144,4347,7100,2753,11447,35,15,50,698,807,2,42,4.735858917,66182,1,1127,4,11022,11436,414,308450,302696,5754,4997,4366,631,2,94.54202077,Arch
171,10058,4439,5619,14497,82,10,92,698,637,2,47,5.377862321,65247,1,463,49,12231,11372,859,330679,319858,10821,4582,5098,516,0,93.99029489,Arch
150,4547,8438,3891,12985,9,31,40,692,666,3,53,6.071465639,67390,0,1242,9,9947,10604,657,281598,302767,21169,3516,3675,159,0,97.51325654,Arch
146,4685,8123,3438,12808,35,11,46,698,799,2,42,4.818685423,67377,1,1974,18,11135,11693,558,311657,310471,1186,5035,4429,606,1,94.05940594,Arch
406,21318,16606,4712,37924,252,57,309,704,580,2,99,6.863011328,94127,1,2033,28,15649,14933,716,434013,429381,4632,6531,7078,547,0,81.11339436,Arch
273,9007,10281,1274,19288,168,73,241,698,605,2,74,6.464580557,65339,0,2007,21,8794,8952,158,253284,259102,5818,3782,3841,59,0,86.75857065,Arch
146,4685,8123,3438,12808,35,18,53,698,799,2,42,4.818685423,67378,1,1975,19,11135,11693,558,311657,310471,1186,5035,4429,606,0,94.05940594,Arch
406,21318,16606,4712,37924,252,66,318,704,580,2,99,6.863011328,94136,1,2034,29,15649,14933,716,434013,429381,4632,6531,7078,547,0,81.11339436,Arch
275,9293,10550,1257,19843,169,73,242,698,593,2,75,6.500308855,65339,0,2008,22,8795,8952,157,253380,259102,5722,3783,3841,58,1,86.72710789,Arch
148,4685,8140,3455,12825,35,19,54,698,792,2,43,4.827308059,67664,1,1976,20,11164,11723,559,312551,311461,1090,5058,4453,605,0,93.84175405,Arch
406,21318,16606,4712,37924,252,66,318,704,580,2,99,6.863011328,94138,1,2038,33,15649,14933,716,434024,429392,4632,6531,7078,547,0,81.06386964,Arch
273,9007,10281,1274,19288,168,73,241,698,600,2,74,6.464580557,65341,0,2010,24,8794,8952,158,253295,259113,5818,3782,3841,59,0,86.72485907,Arch
146,4685,8123,3438,12808,35,18,53,698,799,2,42,4.818685423,67378,1,1978,22,11135,11693,558,311657,310471,1186,5035,4429,606,0,94.04352806,Arch
406,21318,16606,4712,37924,252,66,318,704,580,2,99,6.863011328,94138,1,2040,35,15649,14933,716,434024,429392,4632,6531,7078,547,0,81.06386964,Arch
273,9007,10281,1274,19288,168,73,241,698,600,2,74,6.464580557,65341,0,2011,25,8794,8952,158,253295,259113,5818,3782,3841,59,0,86.72485907,Arch
146,4685,8123,3438,12808,35,18,53,698,799,2,42,4.818685423,67378,1,1979,23,11135,11693,558,311657,310471,1186,5035,4429,606,0,94.04352806,Arch
146,8122,4684,3438,12806,60,10,70,698,770,2,44,4.818267453,63940,1,2012,26,11693,11135,558,310471,311657,1186,4429,5035,606,1,94.04352806,Arch
146,4685,8123,3438,12808,35,19,54,698,799,2,42,4.818685423,67378,1,1980,24,11135,11693,558,311657,310471,1186,5035,4429,606,1,94.04352806,Arch
147,8124,4686,3438,12810,60,10,70,698,771,2,44,4.820849556,64470,1,2015,28,11842,11283,559,313794,314972,1178,4456,5062,606,1,94.04352806,Arch
146,4685,8123,3438,12808,35,19,54,698,799,2,42,4.818685423,67378,1,1983,26,11135,11693,558,311657,310471,1186,5035,4429,606,1,94.04352806,Arch
146,8124,4684,3440,12808,60,10,70,698,770,2,44,4.819402536,63938,1,2016,29,11693,11135,558,310471,311639,1168,4429,5035,606,1,94.04352806,Arch
146,4685,8123,3438,12808,35,19,54,698,798,2,42,4.818685423,67376,1,1986,29,11135,11693,558,311639,310453,1186,5035,4429,606,1,94.04352806,Arch
147,8132,4694,3438,12826,60,10,70,698,767,2,45,4.827542609,67622,1,2019,32,12063,11505,558,320835,322021,1186,4637,5243,606,1,94.04352806,Arch
146,4685,8123,3438,12808,35,19,54,698,799,2,42,4.818685423,67384,1,60,13,11138,11696,558,311670,310484,1186,5036,4430,606,1,94.04352806,Arch
146,8122,4684,3438,12806,60,10,70,698,770,2,44,4.818267453,63946,1,0,0,11696,11138,558,310484,311670,1186,4430,5036,606,1,94.04352806,Arch
147,4695,8134,3439,12829,35,12,47,698,788,2,43,4.828353606,71093,1,61,11,11511,12069,558,322206,321036,1170,5244,4638,606,1,94.04352806,Arch
148,8149,4730,3419,12879,61,10,71,698,775,2,46,4.843884227,67756,1,2026,37,12082,11527,555,321445,322759,1314,4646,5252,606,0,94.04352806,Arch
148,4695,8135,3440,12830,35,19,54,698,791,2,44,4.829153412,71200,1,1987,25,11529,12087,558,322809,321639,1170,5252,4646,606,0,94.04352806,Arch
148,8134,4694,3440,12828,61,10,71,698,766,2,46,4.828737405,67760,1,2029,37,12087,11529,558,321639,322809,1170,4646,5252,606,1,94.04352806,Arch
148,4695,8135,3440,12830,35,19,54,698,791,2,44,4.829153412,71200,1,1128,5,11529,12087,558,322809,321639,1170,5252,4646,606,1,94.04352806,Arch
148,8134,4694,3440,12828,61,10,71,698,766,2,46,4.828737405,67760,1,349,30,12087,11529,558,321639,322809,1170,4646,5252,606,0,94.04352806,Arch
148,4695,8135,3440,12830,35,19,54,698,791,2,44,4.829153412,71200,1,62,11,11529,12087,558,322809,321639,1170,5252,4646,606,0,94.04352806,Arch
149,8136,4696,3440,12832,61,10,71,698,757,2,46,4.83131259,68269,1,2030,38,12152,11593,559,323527,324691,1164,4674,5280,606,1,94.04352806,Arch
148,4698,8143,3445,12841,35,19,54,698,791,2,44,4.832714958,71205,1,1988,26,11529,12087,558,322809,321665,1144,5252,4646,606,1,94.04352806,Arch
148,8159,4697,3462,12856,61,10,71,698,766,2,46,4.83113251,67760,1,350,30,12092,11529,563,321759,322809,1050,4648,5252,604,0,94.04352806,Arch
148,4698,8160,3462,12858,35,19,54,698,791,2,44,4.831547728,71222,1,522,5,11529,12092,563,322809,321759,1050,5252,4648,604,1,94.04352806,Arch
150,8293,4697,3596,12990,63,10,73,698,749,2,46,4.873513986,67760,1,0,0,12101,11529,572,322317,322809,492,4651,5252,601,1,93.9717665,Arch
148,4698,8160,3462,12858,35,19,54,698,791,2,44,4.831547728,71222,1,0,0,11529,12092,563,322809,321759,1050,5252,4648,604,1,94.03354937,Arch
148,8159,4697,3462,12856,61,10,71,698,766,2,46,4.83113251,67760,1,351,23,12092,11529,563,321759,322809,1050,4648,5252,604,1,94.03354937,Arch
6,101,131,30,232,0,0,0,49,358,1,2,1.804818234,1111,3,2035,38,139,140,1,5721,5923,202,41,45,4,2,96.49615889,Arch
2,62,32,30,94,0,0,0,9,398,1,1,0.520737569,424,3,2036,38,89,85,4,3384,3234,150,40,36,4,1,96.13950019,Arch
178,4790,11299,6509,16089,33,38,71,698,668,2,47,5.458067481,76784,1,1991,24,12066,13115,1049,337510,353758,16248,5411,4935,476,1,93.26201201,Arch
179,11299,4790,6509,16089,85,10,95,699,658,2,50,5.458015255,70366,1,2038,40,13124,12075,1049,354229,337981,16248,4938,5414,476,0,93.26201201,Arch
179,4795,11290,6495,16085,34,41,75,698,668,2,47,5.456735142,76875,1,1992,25,12077,13124,1047,338104,354229,16125,5416,4938,478,1,93.26201201,Arch
179,11316,4796,6520,16112,85,10,95,699,658,2,50,5.462865139,70380,1,2039,37,13126,12077,1049,354302,338104,16198,4940,5416,476,1,93.26201201,Arch
232,6941,14473,7532,21414,30,37,67,698,580,3,55,6.095662278,83753,1,1994,20,12971,14173,1202,368482,390182,21700,5785,5363,422,1,93.20570571,Arch
182,11470,4953,6517,16423,85,10,95,699,658,2,50,5.520691395,71126,1,2040,34,13225,12175,1050,358609,342240,16369,4970,5445,475,2,93.26201201,Arch
182,4948,11467,6519,16415,35,41,76,698,665,2,47,5.51778642,77716,1,1,1,12191,13241,1050,342572,358998,16426,5448,4973,475,1,93.26201201,Arch
183,11480,4958,6522,16438,85,10,95,699,649,2,50,5.525686841,71420,1,2041,35,13267,12217,1050,360690,344268,16422,4985,5460,475,0,93.26201201,Arch
183,4958,11481,6523,16439,35,40,75,698,664,2,47,5.525735608,77943,1,2,2,12217,13267,1050,344268,360708,16440,5460,4985,475,1,93.26201201,Arch
183,11486,4958,6528,16444,85,10,95,699,649,2,50,5.525630997,71420,1,502,19,13270,12217,1053,360756,344268,16488,4985,5460,475,0,93.26201201,Arch
183,4958,11486,6528,16444,35,41,76,698,664,2,47,5.525682095,77948,1,1995,21,12217,13270,1053,344268,360756,16488,5460,4985,475,0,93.26201201,Arch
184,11487,4959,6528,16446,85,10,95,699,649,2,50,5.526716054,71477,1,503,17,13279,12226,1053,361070,344578,16492,4986,5461,475,0,93.26201201,Arch
185,5002,11494,6492,16496,35,39,74,698,656,2,47,5.539233582,79308,1,10,0,12427,13468,1041,350284,366608,16324,5562,5083,479,2,93.26201201,Arch
185,11508,4978,6530,16486,85,10,95,699,642,2,50,5.537292406,72816,1,9,0,13481,12427,1054,366802,350298,16504,5087,5562,475,2,93.26201201,Arch
185,5020,11512,6492,16532,35,39,74,699,656,2,47,5.544659403,79372,1,2,0,12433,13474,1041,350499,366809,16310,5565,5086,479,1,93.26201201,Arch
184,11490,4960,6530,16450,85,10,95,700,649,2,50,5.526912905,71541,1,11,2,13286,12232,1054,361297,344779,16518,4989,5464,475,0,93.26201201,Arch
184,4964,11491,6527,16455,35,41,76,700,659,2,47,5.527896983,78071,1,1996,22,12232,13286,1054,344782,361297,16515,5464,4989,475,1,93.26201201,Arch
184,11490,4960,6530,16450,85,10,95,701,649,2,50,5.526912905,71544,1,2044,38,13286,12232,1054,361300,344782,16518,4989,5464,475,1,93.26201201,Arch
184,4960,11490,6530,16450,35,41,76,700,659,2,47,5.526963985,78076,1,3,3,12232,13286,1054,344782,361300,16518,5464,4989,475,1,93.26201201,Arch
184,11490,4960,6530,16450,85,10,95,701,649,2,50,5.526912905,71546,2,531,1,13286,12232,1054,361300,344782,16518,4989,5464,475,1,93.26201201,Arch
184,4960,11490,6530,16450,35,41,76,700,659,2,47,5.526963985,78076,1,523,1,12232,13286,1054,344782,361300,16518,5464,4989,475,1,93.26201201,Arch
185,11492,4962,6530,16454,85,10,95,701,646,2,50,5.5288387,71823,2,532,2,13316,12262,1054,362502,345984,16518,4993,5468,475,1,93.26201201,Arch
184,4960,11490,6530,16450,35,41,76,700,659,2,47,5.526963985,78076,1,524,2,12232,13286,1054,344782,361300,16518,5464,4989,475,1,93.26201201,Arch
187,16432,8775,7657,25207,86,10,96,702,634,2,50,4.919961366,72316,2,2045,38,13575,12315,1260,369473,347399,22074,5227,5497,270,0,93.13191968,Arch
208,12450,21295,8845,33745,31,41,72,700,682,2,54,4.669178485,85072,1,525,3,12815,14265,1450,367315,395879,28564,5756,5665,91,1,92.71535581,Arch
208,21304,12460,8844,33764,89,10,99,703,705,2,57,4.670684467,76227,2,1,1,14264,12815,1449,395879,367315,28564,5665,5756,91,0,92.71535581,Arch
237,6934,14238,7304,21172,32,33,65,700,591,3,56,6.14965771,85784,1,1997,10,13288,14449,1161,378970,399713,20743,5931,5496,435,1,93.20570571,Arch
208,21324,12460,8864,33784,89,10,99,703,705,2,57,4.670197229,76227,2,507,18,14266,12815,1451,395964,367315,28649,5666,5756,90,0,92.71535581,Arch
271,8363,9369,1006,17732,116,6,122,710,214,3,69,5.813552876,71552,1,2079,15,10675,10846,171,307653,313608,5955,4441,4500,59,0,87.58181497,Arch
202,6362,6503,141,12865,117,6,123,703,789,2,47,4.930991531,50855,1,0,0,6985,6989,4,199565,199748,183,3353,3353,0,0,87.72333274,Arch
209,12451,21423,8972,33874,31,32,63,700,677,2,54,4.675550794,85199,1,0,0,12815,14287,1472,367315,396409,29094,5756,5671,85,0,92.70619039,Arch
209,21423,12451,8972,33874,90,10,100,703,705,2,57,4.675525988,76227,2,2049,15,14287,12815,1472,396409,367315,29094,5671,5756,85,1,92.70619039,Arch
209,12451,21423,8972,33874,31,46,77,700,677,2,54,4.675550794,85199,1,1998,7,12815,14287,1472,367315,396409,29094,5756,5671,85,0,92.70619039,Arch
209,21423,12451,8972,33874,90,10,100,703,705,2,57,4.675525988,76227,2,2050,16,14287,12815,1472,396409,367315,29094,5671,5756,85,0,92.70619039,Arch
196,6483,6272,211,12755,119,4,123,710,190,2,51,4.907051583,50240,1,2083,19,6945,6921,24,197521,196890,631,3341,3336,5,0,87.91519435,Arch
196,6239,6485,246,12724,114,6,120,703,816,2,44,4.89842243,50451,1,534,3,6921,6945,24,196890,197521,631,3336,3341,5,0,87.91519435,Arch
209,12451,21423,8972,33874,31,45,76,700,677,2,54,4.675550794,85199,1,526,3,12815,14287,1472,367315,396409,29094,5756,5671,85,0,92.70619039,Arch
210,21429,12452,8977,33881,90,10,100,703,706,2,58,4.67738706,76581,2,0,0,14317,12845,1472,397901,368776,29125,5688,5773,85,0,92.70619039,Arch
209,12451,21423,8972,33874,31,46,77,700,677,2,54,4.675550794,85227,1,1999,8,12820,14292,1472,367378,396472,29094,5758,5673,85,1,92.70619039,Arch
209,21423,12451,8972,33874,90,10,100,703,705,2,57,4.675525988,76255,2,2054,18,14292,12820,1472,396472,367378,29094,5673,5758,85,0,92.70619039,Arch
209,12451,21423,8972,33874,31,46,77,700,677,2,54,4.675550794,85226,1,2001,7,12820,14292,1472,367387,396481,29094,5758,5673,85,1,92.70619039,Arch
451,39055,29837,9218,68892,268,14,282,710,590,2,106,6.399956033,99291,1,2089,20,17298,15802,1496,486989,457264,29725,7292,7372,80,0,80.32969068,Arch
196,6249,6487,238,12736,113,7,120,703,816,2,44,4.904636552,50513,1,2056,17,6926,6950,24,196962,197593,631,3338,3343,5,1,87.91519435,Arch
209,12451,21423,8972,33874,31,45,76,700,677,2,54,4.675550794,85234,1,2002,8,12820,14292,1472,367387,396481,29094,5758,5673,85,1,92.70619039,Arch
451,39063,29845,9218,68908,268,14,282,710,590,2,106,6.399450559,99299,1,2090,21,17298,15802,1496,486989,457264,29725,7292,7372,80,1,80.32969068,Arch
196,6245,6486,241,12731,113,7,120,703,820,2,44,4.902476161,50521,1,535,4,6926,6950,24,196993,197593,600,3338,3343,5,0,87.91519435,Arch
209,12451,21423,8972,33874,31,45,76,700,677,2,54,4.675550794,85234,1,0,0,12820,14292,1472,367387,396481,29094,5758,5673,85,0,92.70619039,Arch
210,21431,12454,8977,33885,90,10,100,703,703,2,58,4.67823853,76621,2,536,5,14323,12850,1473,397994,368879,29115,5690,5775,85,0,92.70619039,Arch
209,12451,21423,8972,33874,31,46,77,700,677,2,54,4.675550794,85234,1,527,4,12820,14292,1472,367387,396481,29094,5758,5673,85,0,92.70619039,Arch
453,39605,30395,9210,70000,268,14,282,710,592,2,107,6.446999948,99309,1,2091,21,17298,15803,1495,486871,457316,29555,7292,7372,80,0,80.26780733,Arch
197,6269,6507,238,12776,112,7,119,703,810,2,44,4.922632584,50634,1,537,6,6928,6951,23,197860,198314,454,3339,3344,5,1,87.90351188,Arch
209,12451,21423,8972,33874,31,45,76,700,677,2,54,4.675550794,85234,1,528,5,12820,14292,1472,367387,396481,29094,5758,5673,85,1,92.70619039,Arch
209,21666,12451,9215,34117,90,10,100,703,704,2,57,4.673423508,76262,2,512,12,14339,12820,1519,397969,367387,30582,5682,5758,76,0,92.70619039,Arch
200,6508,6564,56,13072,118,4,122,710,182,2,53,4.930884313,51708,1,2092,22,7206,7234,28,203481,204674,1193,3432,3437,5,0,87.90351188,Arch
330,18314,17540,774,35854,177,6,183,706,660,3,80,6.325642135,70372,0,1259,6,10784,10644,140,311833,306560,5273,4485,4433,52,0,87.61769408,Arch
209,12451,21682,9231,34133,31,38,69,700,677,2,54,4.672991778,85493,1,2003,7,12820,14343,1523,367387,398132,30745,5758,5683,75,1,92.70619039,Arch
209,21682,12451,9231,34133,90,10,100,703,704,2,57,4.67296716,76262,2,538,7,14343,12820,1523,398132,367387,30745,5683,5758,75,0,92.70619039,Arch
213,12456,21687,9231,34143,31,46,77,700,659,2,54,4.676046223,86086,1,2004,7,12909,14432,1523,369590,400335,30745,5785,5710,75,0,92.70619039,Arch
213,21687,12456,9231,34143,90,10,100,703,696,2,57,4.676021613,76855,2,547,13,14432,12909,1523,400335,369590,30745,5710,5785,75,0,92.70619039,Arch
268,11739,12028,289,23767,174,60,234,710,590,2,71,6.557528968,55492,1,512,0,8067,8137,70,223731,225833,2102,3604,3641,37,0,87.8087791,Arch
268,12094,11741,353,23835,171,72,243,705,583,2,69,6.559422253,55203,0,2059,10,8140,8067,73,225875,223731,2144,3643,3604,39,1,87.8087791,Arch
214,12511,21806,9295,34317,31,43,74,701,657,2,54,4.677834462,86427,1,4,0,12951,14477,1526,370535,401322,30787,5816,5743,73,0,92.71164268,Arch
459,40684,31806,8878,72490,268,70,338,710,618,2,107,6.521941852,99678,1,514,2,17299,15849,1450,486957,458356,28601,7292,7406,114,0,80.20872158,Arch
258,10257,10511,254,20768,168,66,234,705,609,2,66,6.410138536,51016,0,2060,9,6980,7006,26,199599,200180,581,3350,3354,4,0,85.98047915,Arch
258,10469,10448,21,20917,174,64,238,714,605,2,68,6.414345221,50762,1,2100,16,6956,6980,24,198545,199599,1054,3347,3350,3,0,87.84864097,Arch
259,10621,10743,122,21364,168,67,235,705,608,2,67,6.433116997,48398,0,2061,10,6256,6271,15,182730,182893,163,3267,3264,3,1,87.6879533,Arch
213,12456,21695,9239,34151,31,43,74,702,659,2,54,4.675816232,86196,1,2006,7,12912,14435,1523,369688,400433,30745,5788,5713,75,1,92.71164268,Arch
463,41445,32084,9361,73529,268,70,338,714,629,2,107,6.569851276,99595,1,520,8,17355,15817,1538,488961,458053,30908,7306,7384,78,0,80.58234421,Arch
261,11047,11162,115,22209,168,68,236,705,627,2,67,6.489471317,48398,0,2062,5,6258,6271,13,182780,182893,113,3268,3264,4,1,87.6879533,Arch
213,12456,21695,9239,34151,31,46,77,702,659,2,54,4.675816232,86196,1,2007,4,12912,14435,1523,369688,400433,30745,5788,5713,75,1,92.71164268,Arch
465,41864,32510,9354,74374,268,72,340,714,639,2,107,6.605158775,99602,1,526,14,17355,15819,1536,488961,458103,30858,7306,7385,79,0,80.58234421,Arch
261,11047,11162,115,22209,168,70,238,705,627,2,67,6.489471317,48398,0,514,2,6258,6271,13,182780,182893,113,3268,3264,4,0,87.6879533,Arch
218,12751,22051,9300,34802,31,46,77,702,648,2,55,4.755911081,87131,1,2008,5,12982,14505,1523,373061,404008,30947,5823,5748,75,0,92.71164268,Arch
465,41864,32679,9185,74543,268,71,339,714,639,2,107,6.600222961,99771,1,2104,8,17355,15834,1521,488961,458546,30415,7306,7393,87,0,80.58234421,Arch
259,10365,10599,234,20964,168,68,236,705,625,2,66,6.431930378,48705,0,548,1,6274,6297,23,183314,183808,494,3276,3280,4,1,87.6879533,Arch
218,12751,22051,9300,34802,31,46,77,702,651,2,55,4.755911081,87149,1,529,0,12983,14506,1523,373142,404089,30947,5823,5748,75,1,92.71164268,Arch
218,22051,12751,9300,34802,90,10,100,705,692,2,58,4.755886937,77849,2,516,2,14506,12983,1523,404089,373142,30947,5748,5823,75,0,92.71164268,Arch
218,12753,22159,9406,34912,31,44,75,702,651,2,55,4.761517613,87255,1,63,0,12983,14542,1559,373142,404908,31766,5823,5754,69,0,92.71164268,Arch
267,24631,15287,9344,39918,96,11,107,706,763,3,65,5.299427973,83714,2,1261,0,15490,13925,1565,436099,403125,32974,6168,6245,77,0,92.54623576,Arch
334,13759,14468,709,28227,174,60,234,714,544,3,84,6.805196271,74733,1,2112,7,11388,11491,103,324111,328546,4435,4709,4760,51,0,87.46685522,Arch
260,10241,10489,248,20730,169,67,236,705,619,2,68,6.409848236,49278,0,519,5,6385,6409,24,187204,187713,509,3314,3318,4,0,87.6879533,Arch
259,10489,10240,249,20729,174,64,238,716,620,2,69,6.409396104,48781,1,2115,10,6331,6307,24,185352,184830,522,3310,3306,4,0,87.6879533,Arch
336,14503,13910,593,28413,177,67,244,709,662,3,84,6.819065652,74703,0,1266,5,11603,11508,95,332456,328285,4171,4798,4756,42,0,87.46685522,Arch
258,10481,10230,251,20711,174,64,238,722,616,2,68,6.404476791,48767,1,2116,11,6332,6308,24,185183,184648,535,3316,3312,4,0,87.70535241,Arch
260,10306,10481,175,20787,170,67,237,711,624,2,67,6.417699207,50093,0,520,6,6480,6502,22,189728,190103,375,3372,3374,2,1,87.67437754,Arch
273,14798,25534,10736,40332,30,39,69,702,576,3,62,5.306509965,94797,1,2009,1,13938,15691,1753,404395,442919,38524,6236,6239,3,1,92.53313422,Arch
272,25533,14801,10732,40334,98,10,108,711,770,3,65,5.305382899,83635,2,522,6,15638,13885,1753,441615,403091,38524,6199,6196,3,0,92.53313422,Arch
274,14840,25779,10939,40619,30,43,73,702,569,3,62,5.327068589,95180,1,0,0,14021,15829,1808,406157,446264,40107,6232,6238,6,1,92.49860049,Arch
274,25833,14846,10987,40679,99,10,109,712,770,3,65,5.324103231,84241,2,3,0,15832,14021,1811,446407,406157,40250,6241,6232,9,0,92.49860049,Arch
274,14846,25833,10987,40679,30,49,79,703,569,3,62,5.313059776,95234,1,3,0,14022,15832,1810,406236,446407,40171,6233,6241,8,0,92.49860049,Arch
274,25994,14937,11057,40931,99,10,109,714,770,3,65,5.294797152,84253,2,2073,8,15836,14022,1814,446422,406236,40186,6246,6233,13,1,92.49860049,Arch
274,15010,25975,10965,40985,30,49,79,705,569,3,62,5.288663102,95310,1,2012,3,14027,15836,1809,406342,446422,40080,6239,6246,7,0,92.49860049,Arch
274,26378,15271,11107,41649,99,10,109,714,770,3,65,5.31866187,84345,2,2074,8,15845,14027,1818,446747,406342,40405,6255,6239,16,1,92.49860049,Arch
274,15010,25975,10965,40985,30,49,79,705,569,3,62,5.288663102,95452,1,2013,4,14036,15845,1809,406667,446747,40080,6248,6255,7,1,92.49860049,Arch
274,25988,15018,10970,41006,99,10,109,714,765,3,65,5.290711552,84487,2,43,0,15846,14036,1810,446774,406667,40107,6256,6248,8,1,92.49860049,Arch
274,15010,25975,10965,40985,30,49,79,705,569,3,62,5.288663102,95663,1,2014,5,14049,15858,1809,407090,447170,40080,6261,6268,7,0,92.49860049,Arch
274,26060,15031,11029,41091,99,10,109,715,770,3,65,5.28207511,84698,2,2076,10,15863,14049,1814,447295,407090,40205,6270,6261,9,1,92.49860049,Arch
274,15010,25975,10965,40985,30,49,79,706,569,3,62,5.288663102,95727,1,2015,6,14054,15863,1809,407215,447295,40080,6263,6270,7,0,92.49860049,Arch
274,26013,15323,10690,41336,98,10,108,714,770,3,65,5.300173713,84762,3,43,0,15845,14054,1791,446745,407215,39530,6255,6263,8,0,92.49860049,Arch
274,15359,26007,10648,41366,29,49,78,706,569,3,62,5.305093605,95452,1,2017,8,14056,15845,1789,407279,446745,39466,6265,6255,10,1,92.49860049,Arch
274,25982,15017,10965,40999,99,10,109,715,770,3,65,5.289938118,84804,2,2077,11,15865,14056,1809,447359,407279,40080,6272,6265,7,0,92.49860049,Arch
274,15011,25976,10965,40987,30,49,79,706,569,3,62,5.289055885,95761,1,2018,9,14056,15865,1809,407288,447368,40080,6265,6272,7,1,92.49860049,Arch
275,25985,15019,10966,41004,99,10,109,715,767,3,65,5.291054377,84841,2,2079,13,15865,14056,1809,447455,407375,40080,6272,6265,7,0,92.49860049,Arch
275,15014,25980,10966,40994,29,49,78,706,572,3,62,5.290683607,95735,1,2019,10,14034,15843,1809,406911,446989,40078,6264,6271,7,0,92.07995474,Arch
275,25986,15020,10966,41006,98,10,108,715,768,3,65,5.291565285,84769,3,2082,16,15843,14034,1809,446989,406911,40078,6271,6264,7,1,92.07995474,Arch
275,15014,25980,10966,40994,29,49,78,706,566,3,62,5.290683607,95735,1,2022,13,14034,15843,1809,406911,446989,40078,6264,6271,7,1,92.07995474,Arch
275,25993,15022,10971,41015,98,10,108,715,763,3,65,5.292730735,84769,3,2083,17,15844,14034,1810,447016,406911,40105,6272,6264,8,1,92.07995474,Arch
275,15014,25980,10966,40994,29,49,78,706,572,3,62,5.290683607,95740,1,2023,14,14035,15844,1809,406938,447016,40078,6265,6272,7,1,92.07995474,Arch
523,46322,35105,11217,81427,277,69,346,727,655,3,112,6.790090748,106813,1,2135,18,18682,16849,1833,533178,492565,40613,7835,7824,11,0,79.73807297,Arch
259,10259,10481,222,20740,169,67,236,715,615,2,66,6.410796045,53234,0,550,0,6678,6700,22,194404,194916,512,3544,3547,3,1,87.64996471,Arch
278,15180,26425,11245,41605,29,48,77,705,581,3,63,5.331592181,96195,1,43,0,14102,15918,1816,408710,449047,40337,6272,6298,26,1,92.47853677,Arch
278,26543,15176,11367,41719,98,10,108,716,763,3,66,5.324752103,84950,3,0,0,15930,14102,1828,449351,408710,40641,6302,6272,30,0,92.47853677,Arch
276,15259,26651,11392,41910,29,48,77,707,574,3,62,5.22592987,96537,1,0,0,14095,15953,1858,408446,449643,41197,6285,6319,34,0,92.07995474,Arch
275,37692,7288,30404,44980,99,10,109,717,763,3,65,4.9919161,65872,3,2085,13,15904,12088,3816,448343,354158,94185,6302,5263,1039,1,92.2032006,Arch
274,7282,23786,16504,31068,29,49,78,312,574,3,62,5.932705813,82376,1,2025,14,12088,14224,2136,354158,402543,48385,5263,5281,18,0,92.04374057,Arch
275,26318,15239,11079,41557,98,10,108,717,763,3,65,5.25418327,85240,3,535,0,15913,14089,1824,448575,408144,40431,6303,6292,11,1,92.07995474,Arch
275,15233,26312,11079,41545,29,49,78,710,572,3,62,5.253296925,96319,1,0,0,14089,15913,1824,408144,448575,40431,6292,6303,11,1,92.07995474,Arch
275,26318,15239,11079,41557,98,10,108,717,763,3,65,5.25418327,85240,3,536,1,15913,14089,1824,448575,408144,40431,6303,6292,11,0,92.07995474,Arch
275,15233,26312,11079,41545,29,49,78,710,572,3,62,5.253296925,96319,1,64,0,14089,15913,1824,408144,448575,40431,6292,6303,11,0,92.07995474,Arch
278,26389,15277,11112,41666,98,10,108,717,757,3,65,5.271263999,85760,3,2086,2,15976,14141,1835,450849,410295,40554,6311,6298,13,1,92.07995474,Arch
278,15271,26383,11112,41654,29,49,78,710,573,3,62,5.27038873,96895,1,2027,3,14141,15976,1835,410295,450849,40554,6298,6311,13,1,92.07995474,Arch
278,26391,15277,11114,41668,98,10,108,717,755,3,65,5.27137286,85783,3,537,2,15973,14141,1832,450808,410295,40513,6311,6298,13,1,92.07995474,Arch
279,15271,26390,11119,41661,29,49,78,710,578,3,62,5.271601385,97216,1,1129,0,14220,16057,1837,411958,452491,40533,6321,6334,13,1,92.07995474,Arch
526,46727,35362,11365,82089,277,69,346,730,646,3,112,6.775689979,107822,1,2140,4,18811,16955,1856,536970,495922,41048,7874,7857,17,0,79.73807297,Arch
258,10230,10481,251,20711,168,67,235,717,616,2,66,6.404476791,49948,0,538,3,6371,6395,24,186399,186934,535,3371,3375,4,0,87.64996471,Arch
258,10481,10230,251,20711,174,64,238,730,617,2,68,6.404476791,49697,1,2141,3,6395,6371,24,186934,186399,535,3375,3371,4,0,87.64996471,Arch
258,10230,10481,251,20711,168,67,235,717,616,2,66,6.404476791,49948,0,2088,2,6371,6395,24,186399,186934,535,3371,3375,4,0,87.64996471,Arch
258,10481,10230,251,20711,174,64,238,730,617,2,68,6.404476791,49697,1,2143,5,6395,6371,24,186934,186399,535,3375,3371,4,0,87.64996471,Arch
259,10242,10481,239,20723,169,67,236,717,615,2,67,6.40783062,52700,0,540,5,7143,7166,23,204680,205121,441,3465,3469,4,1,87.64996471,Arch
258,10481,10230,251,20711,174,64,238,730,617,2,68,6.404476791,49697,1,556,6,6395,6371,24,186934,186399,535,3375,3371,4,0,87.64996471,Arch
262,14461,14727,266,29188,169,68,237,717,627,2,68,5.719852194,50084,0,2089,3,6387,6407,20,186785,187285,500,3382,3386,4,1,87.61904762,Arch
278,15271,26397,11126,41668,29,47,76,710,573,3,62,5.270107861,96911,1,2028,1,14145,15978,1833,410336,450943,40607,6298,6311,13,1,92.07995474,Arch
528,46770,35376,11394,82146,278,69,347,730,644,3,112,6.77864897,107877,1,2145,7,18822,16965,1857,537245,496097,41148,7880,7863,17,0,79.70824762,Arch
273,10303,11095,792,21398,169,76,245,717,609,2,72,6.517267252,53033,0,1270,2,6932,7017,85,199336,201926,2590,3485,3513,28,0,86.93582511,Arch
273,11190,10345,845,21535,183,64,247,730,591,2,74,6.526519347,52241,1,565,13,7022,6932,90,202271,199336,2935,3514,3485,29,0,86.93582511,Arch
276,10381,11218,837,21599,169,76,245,717,601,2,72,6.538164002,56117,0,541,3,7732,7824,92,219416,222342,2926,3588,3615,27,1,86.93582511,Arch
279,15281,26437,11156,41718,29,46,75,710,573,3,62,5.276249235,97108,1,2029,1,14155,15989,1834,410717,451392,40675,6303,6318,15,1,91.78497066,Arch
537,47408,35390,12018,82798,285,69,354,730,634,3,114,6.81139243,108044,1,2147,7,18897,16975,1922,540097,496478,43619,7912,7868,44,0,79.10978119,Arch
271,10297,11159,862,21456,169,76,245,717,604,2,72,6.513958104,52232,0,542,4,6814,6902,88,194956,197900,2944,3444,3473,29,0,87.27433628,Arch
271,11159,10297,862,21456,183,64,247,730,596,2,74,6.513958104,51377,1,570,17,6908,6820,88,197958,195014,2944,3474,3445,29,0,87.27433628,Arch
274,10844,11687,843,22531,169,76,245,717,605,2,73,6.532689337,52506,0,2093,5,6848,6938,90,196793,199748,2955,3454,3481,27,1,87.27433628,Arch
281,15288,26456,11168,41744,29,47,76,710,574,3,63,5.280878632,98107,1,2030,2,14412,16253,1841,416374,457131,40757,6377,6393,16,1,91.78497066,Arch
541,48201,36181,12020,84382,285,69,354,730,638,3,115,6.840116641,108819,1,577,22,19056,17124,1932,544411,500635,43776,7971,7927,44,0,79.10978119,Arch
277,10849,11708,859,22557,169,73,242,717,603,2,75,6.538646624,56877,0,1271,1,7879,7972,93,221707,224796,3089,3681,3709,28,1,87.27433628,Arch
282,15289,26457,11168,41746,29,48,77,710,567,3,63,5.28150861,98503,1,2031,3,14494,16334,1840,418327,459092,40765,6393,6409,16,0,91.78497066,Arch
542,48255,36203,12052,84458,285,68,353,730,636,3,115,6.841018039,109216,1,2152,8,19142,17206,1936,546510,502597,43913,7989,7943,46,0,79.10978119,Arch
541,36194,48245,12051,84439,200,151,351,710,492,3,112,6.840072598,120890,0,1131,0,17130,19066,1936,500761,544654,43893,7928,7974,46,1,79.10978119,Arch
541,48257,36206,12051,84463,284,100,384,730,638,3,115,6.841044621,108839,1,599,41,19066,17130,1936,544656,500761,43895,7974,7928,46,0,79.10978119,Arch
276,10311,11192,881,21503,169,76,245,717,601,2,73,6.525024485,56918,0,552,0,7866,7962,96,221951,225078,3127,3686,3716,30,0,87.27433628,Arch
289,11755,10874,881,22629,195,65,260,730,580,2,77,6.573959114,57816,1,555,1,8207,8111,96,232844,229717,3127,3851,3821,30,0,86.41997167,Arch
343,12288,13174,886,25462,206,75,281,717,575,2,80,6.882380661,66870,0,46,0,9177,9283,106,259789,262888,3099,4306,4346,40,0,84.5786119,Arch
343,13174,12288,886,25462,221,81,302,730,649,2,82,6.882380661,65986,1,46,0,9283,9177,106,262888,259789,3099,4346,4306,40,0,84.5786119,Arch
343,12288,13174,886,25462,206,93,299,717,575,2,80,6.882380661,66872,0,0,0,9177,9283,106,259789,262888,3099,4306,4346,40,0,84.5786119,Arch
341,13170,12284,886,25454,221,81,302,730,650,2,81,6.88017828,64556,1,618,53,9035,8929,106,256475,253364,3111,4241,4201,40,0,84.5786119,Arch
346,12483,13375,892,25858,208,92,300,717,568,2,81,6.918537536,66285,0,1272,1,9046,9153,107,257914,261057,3143,4240,4280,40,1,84.50779037,Arch
345,13373,12480,893,25853,222,83,305,730,642,2,83,6.917210724,64695,1,624,54,9045,8938,107,257071,253920,3151,4244,4204,40,0,84.50779037,Arch
604,38784,50825,12041,89609,240,145,385,710,488,3,117,7.049658257,125825,0,2032,0,17846,19791,1945,521448,565288,43840,8269,8323,54,0,75.6873823,Arch
603,50836,38786,12050,89622,322,121,443,730,650,3,120,7.048912239,113610,1,639,19,19757,17808,1949,564166,520271,43895,8313,8259,54,1,75.6873823,Arch
604,38796,51468,12672,90264,240,162,402,710,489,3,117,7.045504825,126295,0,1132,0,17811,19869,2058,520323,567251,46928,8262,8338,76,1,75.71242317,Arch
604,51476,38804,12672,90280,323,121,444,731,650,3,120,7.045970009,113623,1,2176,6,19869,17811,2058,567251,520323,46928,8338,8262,76,0,75.71242317,Arch
