CommitID,NMF,TotalAddLines,TotalDeleteLines,LC,FileAdd,FileDelete,NAD,NDVE,NUC,AGE,NMS,NMD,Entropy ,MLMF,EXP,REXP,CommitComplexity,LastCommitComplexity,CFC,CommitTokenCount,LastCommitTokenCount,NCC,CommitMethodNum,LastCommitMethodNum,NFC,NIR,a2a,Tag
f6dc5c5c5978b51696d228581b7aabd84e1ff04d,0,0,0,0,0,0,0,0,0,0,0,0,0,0,18,16,0,0,0,0,0,0,0,0,0,0,100,NoArch
d3a63dfeb666fc0db677ac52ee967aa4952373e9,2,206,44,162,0,0,0,2,3,368,1,2,0.801629102,169,1,1,38,23,15,1539,774,765,10,4,6,0,100,NoArch
5007400ff1135687ca9ccbe3a65cddd2f16beba3,1,242,0,242,1,0,1,1,1,0,1,1,0,0,2,2,22,0,22,1180,0,1180,13,0,13,0,99.29536113,NoArch
1ce35e053ff78dbaad424849c9a3e6fed5fbe061,0,0,0,0,0,0,0,0,0,0,0,0,0,0,3,3,0,0,0,0,0,0,0,0,0,0,100,NoArch
fcba0fd97b080be635b07b2c6ed1bdb0ef376647,0,0,0,0,0,0,0,0,0,0,0,0,0,0,19,17,0,0,0,0,0,0,0,0,0,0,100,NoArch
edeb971e65dd97652196ca5534ffc3edab9c8a65,0,0,0,0,0,0,0,0,0,0,0,0,0,0,4,4,0,0,0,0,0,0,0,0,0,1,100,NoArch
301022d0f0859aa20d45d8c7c1d574ce939db905,1,1,1,0,0,0,0,1,2,6,1,1,0,242,5,5,22,22,0,1180,1180,0,13,13,0,0,100,NoArch
c88b191c84d5d8fbad32b29eb77234dbd440c1b2,7,320,7,313,2,0,2,1,5,184,1,7,1.280557524,597,6,6,65,53,12,3374,2573,801,18,10,8,0,99.70811442,NoArch
82254569c86212a377d76bf797eb4e5a76d564a6,2,2,2,0,0,0,0,2,4,76,1,2,1,672,20,18,76,76,0,3443,3439,4,20,20,0,0,100,NoArch
511fab9370828fee4bbc5b28027792738d7f9f15,11,52,769,717,0,3,3,0,4,108,1,9,2.346110031,1913,19,6,130,179,49,5606,8356,2750,21,48,27,0,99.12383178,NoArch
451c443b8f46d831169e4d3ff85e062fc25cbc0a,11,769,52,717,3,0,3,1,5,211,1,9,2.346110031,1196,20,7,179,130,49,8356,5606,2750,48,21,27,0,99.12383178,NoArch
c3d1c1d787eb8287e37c035daee70005538f8854,6,188,106,82,0,0,0,2,5,139,1,2,1.895228065,1727,1,1,207,205,2,7774,7679,95,72,71,1,0,100,NoArch
f57164509ee89d63e1a6337275760fc84bedd2a6,18,31,31,0,0,0,0,2,6,397,1,11,3.873021819,3080,2,2,354,354,0,11444,11444,0,130,130,0,1,100,NoArch
10059a9cd60d9b3458078831e725a3d87216bb5b,27,307,233,74,2,0,2,1,5,86,1,14,3.357697495,4770,7,7,542,533,9,19007,18651,356,209,205,4,0,99.65257672,NoArch
4e615c8c617d6e9fd8fe7a9e156a4d95846f7070,0,0,0,0,0,0,0,0,0,0,0,0,0,0,21,8,0,0,0,0,0,0,0,0,0,0,100,NoArch
46e4d4f5bf637ebe3815ec9d176c3dac6302f6ca,27,233,307,74,0,2,2,2,6,292,1,14,3.357697495,4844,21,8,533,542,9,18651,19007,356,205,209,4,0,99.65257672,NoArch
8dda2fc6f98a7ce3d82929f31a1fe4d59d130c09,27,308,233,75,2,0,2,1,6,77,1,14,3.360962757,4770,8,7,542,533,9,19005,18651,354,209,205,4,0,99.65257672,NoArch
0d363fae51586fe62f43af758a6e13f795e889f1,1,6,6,0,0,0,0,1,2,13,1,1,0,107,9,8,11,11,0,366,366,0,5,5,0,0,100,NoArch
f2da62a5c56f08e23fb216a356b233115ddc1466,18,107,60,47,0,0,0,2,5,412,1,11,2.303645694,3033,10,7,354,352,2,11444,11369,75,130,129,1,0,100,NoArch
d087bc5ae0cc5cc29b769b1f9f8897b8fdd20c0b,1,32,16,16,0,0,0,4,5,84,1,1,0,287,11,7,22,25,3,1272,1302,30,8,8,0,1,100,NoArch
01bb1b68f3cff31255073c0574363cff00732665,13,1868,0,1868,13,0,13,1,1,0,1,2,3.388217745,0,12,7,138,0,138,5855,0,5855,55,0,55,1,96.18834081,Arch
e79930a8e82dc7fb70ff37ef79fa18623a74cb88,3,283,0,283,3,0,3,1,1,0,1,2,1.538540544,0,13,6,43,0,43,1649,0,1649,8,0,8,1,94.43207127,Arch
b37151c29db91e7f0809fd7402cebe853f9b386d,1,68,83,15,0,0,0,1,2,0,1,1,0,119,14,7,9,29,20,626,827,201,2,2,0,0,95.69835369,Arch
7dcd4f94c7adc53cf66efd7ac995348bad2ba970,3,41,9,32,0,0,0,1,3,0,1,2,1.569025574,268,15,8,23,23,0,1448,1448,0,8,8,0,0,100,NoArch
b5126db974cee684af1763aac5d03933376c4523,1,26,0,26,0,0,0,3,6,135,1,1,0,285,16,9,44,40,4,1662,1537,125,9,8,1,0,100,NoArch
a1a4ee9effb583af4b3d4a69540062aa917175e2,0,0,0,0,0,0,0,0,0,0,0,0,0,0,17,10,0,0,0,0,0,0,0,0,0,0,100,NoArch
ed0feca27cc05904c41ea66ba73eca939c65080c,6,4,252,248,0,1,1,1,2,6,1,1,0.632275043,1083,18,11,76,86,10,3151,3652,501,17,23,6,0,97.3354232,Arch
d53abe4db530a34c6668c9f764f778cce6d413f9,0,0,0,0,0,0,0,0,0,0,0,0,0,0,19,12,0,0,0,0,0,0,0,0,0,0,100,NoArch
4fb80cce5a3f9d804f902e9def98fe3f6bd8c5b0,0,0,0,0,0,0,0,0,0,0,0,0,0,0,20,13,0,0,0,0,0,0,0,0,0,0,100,NoArch
0921698b6702aa1574b239e0b227d2e8ca8eac3f,0,0,0,0,0,0,0,0,0,0,0,0,0,0,21,14,0,0,0,0,0,0,0,0,0,0,100,NoArch
e2941278b21d4e0d762b3a8e5729100ec6375dea,0,0,0,0,0,0,0,0,0,0,0,0,0,0,22,15,0,0,0,0,0,0,0,0,0,0,100,NoArch
dcdd5bdc388c2de7daaadbe974d35f42758ff0cd,0,0,0,0,0,0,0,0,0,0,0,0,0,0,23,16,0,0,0,0,0,0,0,0,0,0,100,NoArch
f255eccde285704b669383540b15cefd5b6c3181,1,1,1,0,0,0,0,2,4,51,1,1,0,242,22,1,22,22,0,1184,1182,2,13,13,0,0,100,NoArch
649ebd3eeb5082cc0a75caf06bf39183ff7f0c95,4,263,83,180,2,0,2,3,7,42,1,1,1.636023387,566,24,16,104,78,26,3406,2627,779,29,20,9,0,99.56092206,NoArch
6843aeacf1b280611347f8b51d91c3a9cc5abed3,0,0,0,0,0,0,0,0,0,0,0,0,0,0,25,17,0,0,0,0,0,0,0,0,0,0,100,NoArch
8db4f78c609694951c93ee79761a67455cf61e7f,0,0,0,0,0,0,0,0,0,0,0,0,0,0,26,18,0,0,0,0,0,0,0,0,0,0,100,NoArch
c1099f83e74df7ff0fb8ce72396d5cae9677e395,0,0,0,0,0,0,0,0,0,0,0,0,0,0,27,19,0,0,0,0,0,0,0,0,0,0,100,NoArch
8f28b49c88877eb2a4ed42b70b0c1b4d5a4351a6,0,0,0,0,0,0,0,0,0,0,0,0,0,0,28,20,0,0,0,0,0,0,0,0,0,0,100,NoArch
5f45c38a051c8673ac56f0a1b71fc32ef884229b,2,96,0,96,2,0,2,1,1,0,1,2,1,0,29,21,4,0,4,214,0,214,4,0,4,0,99.6172772,NoArch
da11a28cf6a27471eae8fc9acaae4e5bd77881b7,30,222,2582,2360,0,21,21,0,5,46,1,11,4.471276196,4635,22,0,256,449,193,9827,18148,8321,89,165,76,0,94.82273495,Arch
7695a1e3d961df823d9cbb3bc7979d20df6c8dba,30,2584,224,2360,21,0,21,1,7,41,1,11,4.47044029,2275,27,0,449,256,193,18148,9827,8321,165,89,76,0,94.82273495,Arch
2f183846607a13ae7925a65a8ca4a865a9d76684,30,222,2582,2360,0,21,21,0,5,46,1,11,4.471276196,4635,27,0,256,449,193,9827,18148,8321,89,165,76,0,94.82273495,Arch
33c59b111f6082f1840d7fe9ad587cc5b389ffa6,30,2584,224,2360,21,0,21,1,7,41,1,11,4.47044029,2275,28,1,449,256,193,18148,9827,8321,165,89,76,1,94.82273495,Arch
680ebf3774832e878707dbcc159a7c804c3b56a2,30,222,2582,2360,0,21,21,0,5,46,1,11,4.471276196,4635,28,1,256,449,193,9827,18148,8321,89,165,76,1,94.82273495,Arch
945af32004c63e23419d23fa3ccd9ab67d23226e,31,2599,241,2358,21,0,21,1,7,43,1,12,4.509153208,2503,23,0,465,270,195,19212,10831,8381,167,91,76,1,94.82273495,Arch
168abf4fe36a48fac75d363e23fdd8e03b9b450f,30,222,2582,2360,0,21,21,0,5,46,1,11,4.471276196,4635,23,1,256,449,193,9827,18148,8321,89,165,76,1,94.82273495,Arch
7552778047107b1c75a40c370fad7ae17a25ea30,33,2587,228,2359,21,0,21,1,7,75,1,14,4.488291361,3558,12,0,616,423,193,24196,15884,8312,220,144,76,0,94.82273495,Arch
2359bb8465b97ed66b6c40ab9a4c1c091f573831,1,9,5,4,0,0,0,3,4,282,1,1,0,601,6,0,69,69,0,2880,2880,0,22,22,0,0,100,NoArch
79d4202995ef90f91334635db220d28b72a2a428,34,231,2594,2363,0,21,21,0,5,49,1,14,4.511974883,6522,24,2,492,685,193,18764,27076,8312,166,242,76,0,94.82273495,Arch
3a2e9130cbd2dbb361666bd7f21c9885e4ddbef5,0,0,0,0,0,0,0,0,0,0,0,0,0,0,25,3,0,0,0,0,0,0,0,0,0,0,100,NoArch
4cc66e2f0d443be24888ada8747eaef3c251a2b0,38,3005,307,2698,24,0,24,1,7,77,1,16,4.711144501,4289,30,0,729,512,217,28665,19277,9388,262,172,90,1,94.05496354,Arch
bea5ce35ae3c18e4eddeee4d39e7ed2a1959f2d3,38,311,3009,2698,0,24,24,0,5,55,1,16,4.710133103,6987,26,3,512,729,217,19277,28665,9388,172,262,90,0,94.05496354,Arch
aec754c4149453dc1111eac4825bee5337226794,38,3005,307,2698,24,0,24,1,7,77,1,16,4.711144501,4289,24,1,729,512,217,28665,19277,9388,262,172,90,0,94.05496354,Arch
803c48c49e083d11ded3c45af59caacab98932c2,3,365,57,308,0,0,0,1,4,9,1,2,1.09993406,407,31,1,68,40,28,2638,1465,1173,22,16,6,1,100,NoArch
158a2095e2ff7d2075330c7b351bdf1682fdbb72,38,311,3317,3006,0,24,24,0,5,55,1,16,4.653340365,7295,27,4,512,757,245,19277,29838,10561,172,268,96,0,94.05496354,Arch
179e9cbd9eb0a2bcee7d3c499abb6ad02c86abfe,0,0,0,0,0,0,0,0,0,0,0,0,0,0,28,5,0,0,0,0,0,0,0,0,0,0,100,NoArch
36f26dcbcd5bd2b35505f06d28fadaacacdba520,0,0,0,0,0,0,0,0,0,0,0,0,0,0,29,6,0,0,0,0,0,0,0,0,0,0,100,NoArch
4a3234d3b52d705b3eb2326cda4eefd51c0a353e,0,0,0,0,0,0,0,0,0,0,0,0,0,0,30,7,0,0,0,0,0,0,0,0,0,0,100,NoArch
9959893cd106fb8ecea4a06dd01b497f5649bb79,0,0,0,0,0,0,0,0,0,0,0,0,0,0,31,8,0,0,0,0,0,0,0,0,0,0,100,NoArch
0ec4c9559cf2d722c248259fcf929025da0d942a,38,3317,311,3006,24,0,24,1,7,72,1,16,4.654467842,4289,25,2,757,512,245,29838,19277,10561,268,172,96,0,94.05496354,Arch
8736631610a18ff2fb95bb290c2a14d6c4ada5e7,2,25,50,25,0,0,0,1,3,8,1,2,0.918295834,357,32,2,28,32,4,1335,1444,109,10,11,1,0,100,NoArch
7dd4401ad032cd3ab47bcc51fe2c8b4a9082bc91,0,0,0,0,0,0,0,0,0,0,0,0,0,0,79,0,0,0,0,0,0,0,0,0,0,0,100,NoArch
f01227157f85993bab9a50957eebecf668fee462,38,311,3292,2981,0,24,24,0,5,55,1,16,4.652962116,7270,32,9,512,753,241,19277,29729,10452,172,267,95,0,94.05496354,Arch
38e7f0a824b87c66cb414ca2bda94b9ecdd54175,38,3293,312,2981,24,0,24,1,7,65,1,16,4.656969318,4289,26,2,753,512,241,29725,19277,10448,267,172,95,0,94.05496354,Arch
5165c046762ddff50ef8edbdecc865a21d8b4d6a,38,311,3292,2981,0,24,24,0,6,64,1,16,4.652962116,7270,33,7,512,753,241,19273,29725,10452,172,267,95,0,94.05496354,Arch
cfa918e9500c704d16d2435df82ed2f20eaa8d1a,0,0,0,0,0,0,0,0,0,0,0,0,0,0,34,8,0,0,0,0,0,0,0,0,0,1,100,NoArch
6338fe23060c5c90285a3f11592901a78245109b,38,3292,311,2981,24,0,24,1,7,65,1,16,4.654097416,4289,27,3,753,512,241,29725,19273,10452,267,172,95,1,94.05496354,Arch
33d603c3823429cc042415f1af51961460b2dada,0,0,0,0,0,0,0,0,0,0,0,0,0,0,80,1,0,0,0,0,0,0,0,0,0,0,100,NoArch
102d8dfa6e4e8748ecb1fa7f634bf88bd7a466ce,16,205,65,140,1,0,1,1,7,324,1,13,2.901623663,2735,33,1,289,274,15,12478,12207,271,107,102,5,1,99.72972973,NoArch
4c8ab5a7b2b0b82883c951d3c09d7c5232354db8,7,9,12,3,0,0,0,1,5,0,1,7,2.688772779,796,34,2,53,53,0,2984,3003,19,31,31,0,1,99.94612069,NoArch
d36226cac6e3c18202e3195b40a76391855818ba,6,77,18,59,0,0,0,3,6,182,1,4,2.213374792,1370,35,2,171,164,7,5185,4877,308,75,72,3,1,100,NoArch
715725e17dcf387e00182aeb216a54f4598b84dd,1,14,4,10,0,0,0,3,6,256,1,1,0,341,36,0,52,51,1,1586,1532,54,15,15,0,0,100,NoArch
b6e3e6c0a668a788a03d10abb9842a97a4f6632d,0,0,0,0,0,0,0,0,0,0,0,0,0,0,37,1,0,0,0,0,0,0,0,0,0,1,100,NoArch
9e141ad6b967ceb5ea87266eb1b059afa6af3055,8,131,113,18,0,0,0,2,4,572,1,7,2.86840347,2238,38,2,319,314,5,9802,9815,13,98,94,4,0,99.67514889,NoArch
21523b7fe722f0500c7107429ed3cee89541c602,28,164,57,107,1,0,1,3,8,310,1,24,3.715988687,5881,39,3,729,721,8,29043,28625,418,215,207,8,1,94.33471933,Arch
9b2a1e9c86b6c219c9fbf1e2b6f39315d26e9bc3,6,2,44,42,0,0,0,1,7,45,1,6,2.54735344,1111,40,4,88,101,13,5014,5284,270,19,19,0,0,100,NoArch
21139383acf4bdb4338f6c2a21f1fd490fc5aabe,75,553,3823,3270,0,26,26,2,6,80,1,43,5.230960833,14057,35,0,1310,1574,264,49559,60760,11201,436,551,115,1,92.49732047,Arch
eb291f39348598403db03f9fc97f1dd8abb6ba5f,75,3823,553,3270,26,0,26,3,8,162,1,43,5.23201255,10787,28,0,1574,1310,264,60760,49559,11201,551,436,115,1,92.49732047,Arch
05ddf3977beb48335659330c62368c5622a9d8bf,75,553,3823,3270,0,26,26,2,6,80,1,43,5.230960833,14057,36,1,1310,1574,264,49559,60760,11201,436,551,115,0,92.49732047,Arch
5943b9f1d6f17c0c95ca169ac67b7da379d2bef8,221,15402,5391,10011,71,13,84,3,8,179,1,58,6.689871287,31404,81,0,5004,4008,996,184892,142756,42136,1998,1596,402,0,75.65656566,Arch
1ad3d39a601acc0f6f1d21de330ac382b2a42b3d,2,120,14,106,0,0,0,1,6,10,1,1,0.459461071,343,41,5,71,50,21,1967,1449,518,30,25,5,1,98.41557266,NoArch
5ff747836a666006ff60a9ae3cc0df9924aeaada,0,0,0,0,0,0,0,0,0,0,0,0,0,0,42,6,0,0,0,0,0,0,0,0,0,1,100,NoArch
efaf6597287b5ffde32b6794ef4ac3f83918ba6d,222,5321,15737,10416,13,80,93,2,7,35,1,58,6.712641761,41572,37,2,3882,5194,1312,138589,191222,52633,1518,2098,580,0,75.60225525,Arch
2860bf1440cb2875a91b5af30662e70ed28368f6,222,15583,5402,10181,72,13,85,3,8,179,1,58,6.702660309,31404,43,7,5032,4008,1024,185734,142756,42978,2006,1596,410,1,75.52483359,Arch
4ae4e35d2e5bd656e7d172eead542d7f844a5766,0,0,0,0,0,0,0,0,0,0,0,0,0,0,29,1,0,0,0,0,0,0,0,0,0,0,100,NoArch
bf560b191a49dd42aee43227ebba16845ff45f76,3,3,3,0,0,0,0,2,2,9,1,1,1.584962501,761,29,0,95,95,0,4087,4093,6,35,35,0,0,100,NoArch
5a235572ad6f11be0c84e40cf886dd1c3c5ab75e,0,0,0,0,0,0,0,0,0,0,0,0,0,0,4,0,0,0,0,0,0,0,0,0,0,1,100,NoArch
ae2106328d87574bb52b5113de4f99df1c2faeb7,0,0,0,0,0,0,0,0,0,0,0,0,0,0,5,1,0,0,0,0,0,0,0,0,0,1,100,NoArch
6555ac6fc4c79b3c1bfe62f7cdb407d465586eb0,8,65,35,30,0,0,0,1,7,492,1,6,2.811434461,1235,30,1,93,99,6,5453,5809,356,32,32,0,0,99.67992684,NoArch
b8bd3f133b29d794833bdcffc1bfd0d41d421066,80,681,17258,16577,0,46,46,2,9,443,1,22,5.143717247,24188,31,2,993,3154,2161,38041,114999,76958,279,936,657,0,83.94055609,Arch
b11775690d5c4741e719fd9bfa4da799e3db52a0,15,798,20,778,6,0,6,2,10,66,1,7,3.093820497,1847,32,3,385,265,120,13907,9314,4593,125,92,33,1,92.6221336,Arch
c4fd3dee5c9219b88488c5a9c2736ad84d4c3860,1,1,1,0,0,0,0,2,3,3,1,1,0,127,33,4,13,13,0,808,801,7,2,2,0,0,100,NoArch
90a8c7aed5fa2b715c0be559e414b689e17f8d81,1,2,2,0,0,0,0,1,2,4,1,1,0,384,34,5,60,60,0,1812,1812,0,16,16,0,0,100,NoArch
a0c57403359e34039a589596fdeadbc6ef105215,275,21646,16409,5237,52,82,134,2,7,32,1,63,6.94497628,39812,38,0,5756,5028,728,204517,184834,19683,2037,1996,41,1,72.01492537,Arch
46295b22a4184301a1b16c33fe2aae78b1a76ae7,273,16192,21724,5532,74,53,127,3,10,254,1,63,6.932761468,45241,35,6,4859,5885,1026,178940,208773,29833,1901,2118,217,0,72.01492537,Arch
b7f45e64fd7fec3ba29c0876196f7d36f960bb66,1,1,1,0,0,0,0,2,3,14,1,1,0,349,82,0,44,43,1,1788,1782,6,22,22,0,0,100,NoArch
37d3a9764c7da33c96657e83c3978f191ecdf603,14,24,1378,1354,0,7,7,4,6,542,1,11,2.115127301,2121,30,0,51,194,143,2950,10010,7060,29,63,34,0,94.7761194,Arch
a8765eb6a18493ce464caa22998ebe06d9b8cf50,1,18,15,3,0,0,0,1,2,921,1,1,0,221,83,1,31,33,2,1192,1271,79,11,12,1,0,100,NoArch
f10cc3fc75f450f39ec2f5183e2177dd221b9e2d,1,15,18,3,0,0,0,1,3,0,1,1,0,224,84,2,33,31,2,1271,1192,79,12,11,1,0,100,NoArch
dc37909510ee8fb18e97f5d42d925670b144cb12,2,335,2,333,1,0,1,1,4,363,1,2,0.542522231,134,85,3,65,18,47,2335,673,1662,30,2,28,0,99.82308713,NoArch
1e9b9fdd39d33b33430ef606b4ab4faee9a03ca3,1,6,3,3,0,0,0,1,3,14,1,1,0,113,36,7,7,6,1,645,615,30,1,1,0,0,100,NoArch
4330eef160c9e5e48c89153f7cce90631c8e5c75,2,12,1,11,0,0,0,3,8,18,1,1,0.619382195,504,37,7,86,86,0,3204,3126,78,16,16,0,0,100,NoArch
80de699678cc3b19c3657692c60583a9260b7bd4,1,2,1,1,0,0,0,3,4,18,1,1,0,442,31,1,80,80,0,2121,2119,2,31,31,0,1,100,NoArch
d4778aa03495a1bf056716d53559e2265ae85e69,1,8,2,6,0,0,0,1,5,8,1,1,0,172,86,4,25,24,1,896,877,19,5,5,0,0,100,NoArch
f3f08f3c3a9a8c0e049a8c37b3d38ef7377f5069,1,1,2,1,0,0,0,1,2,60,1,1,0,653,87,5,81,81,0,2646,2648,2,32,32,0,1,100,NoArch
9669fa70b378d9c87dee6e1ca1cc2704e13e371d,0,0,0,0,0,0,0,0,0,0,0,0,0,0,88,6,0,0,0,0,0,0,0,0,0,1,100,NoArch
f2b977b670aefff850597e68d964d33a738ac57d,1,1,1,0,0,0,0,1,6,0,1,1,0,178,89,7,25,25,0,896,896,0,5,5,0,0,100,NoArch
6cb57cb3bb602722837f75373cbd5b5cd0ea616c,1,1,1,0,0,0,0,2,4,63,1,1,0,363,90,8,45,45,0,1620,1620,0,19,19,0,0,100,NoArch
b4a1cd9b02f383ea93fb207293bb567d6eb12222,1,34,22,12,0,0,0,1,2,932,1,1,0,289,91,9,48,47,1,1172,1136,36,20,19,1,1,100,NoArch
b796daa9f99bc3f660566747a693208c83319517,1,12,5,7,0,0,0,2,2,420,1,1,0,227,92,10,9,8,1,465,433,32,4,4,0,1,100,NoArch
ea20d5be7a5b576a8ea3680d98f4450be69d9bd9,13,555,1197,642,1,4,5,3,9,254,1,5,2.728618081,2606,44,0,251,373,122,9120,12718,3598,63,84,21,0,98.36716681,NoArch
1af59b89ee343955baeb885b5cdfdd331c2431e5,1,11,13,2,0,0,0,3,6,34,1,1,0,194,38,7,27,27,0,916,966,50,14,14,0,0,100,NoArch
a21913be924ec79db1e0717738e586e83d6b8d00,0,0,0,0,0,0,0,0,0,0,0,0,0,0,45,1,0,0,0,0,0,0,0,0,0,0,100,NoArch
443b6e1d602b68ce74dbeec8230046d670be7d55,2,12,4,8,0,0,0,1,9,412,1,2,0.811278124,349,93,11,42,41,1,1836,1752,84,25,25,0,0,100,NoArch
15a31132847757a5c67b9ff9af3dfb8003395e27,1,10,15,5,0,0,0,2,4,513,1,1,0,187,94,12,22,22,0,780,849,69,7,7,0,1,100,NoArch
bdab7a0ac93ea7b9f801b42d54d1720c10df7e8d,1,16,4,12,0,0,0,2,4,568,1,1,0,196,46,2,39,35,4,914,839,75,2,2,0,0,100,NoArch
682a326efdf8fecabfe684dbdf656faabcb4bdea,1,9,16,7,0,0,0,2,3,14,1,1,0,301,47,3,46,48,2,1148,1172,24,18,20,2,1,100,NoArch
8199e747522a6d9e2824f06f7075e599ca7c01ad,2,11,1,10,0,0,0,1,11,38,1,2,0.811278124,496,39,7,67,67,0,2773,2671,102,22,22,0,0,100,NoArch
f8ce08fbea589999983ef230615c5ef13bf66361,1,2,2,0,0,0,0,2,2,948,1,1,0,92,48,4,16,16,0,310,310,0,15,15,0,0,100,NoArch
291c66e79470ce2f42d89f6821b5cd41c646c1b9,1,3,3,0,0,0,0,3,12,1,1,1,0,384,40,8,57,57,0,2098,2098,0,15,15,0,0,100,NoArch
60ffdbbe57ec4863562cc2d88eac3349156aef3f,0,0,0,0,0,0,0,0,0,0,0,0,0,0,95,9,0,0,0,0,0,0,0,0,0,1,100,NoArch
312ceab3183fb004f4e7e491bb5b56b8c542f27d,0,0,0,0,0,0,0,0,0,0,0,0,0,0,96,6,0,0,0,0,0,0,0,0,0,0,100,NoArch
a25d1b5d4314c6647dedd1f5a0fbe62270a922ad,0,0,0,0,0,0,0,0,0,0,0,0,0,0,97,7,0,0,0,0,0,0,0,0,0,0,100,NoArch
8ed51d22d7b98c6be6369dc5af062e6ebf1eae08,1,7,7,0,0,0,0,2,2,34,1,1,0,378,41,3,67,67,0,2134,2134,0,8,8,0,0,100,NoArch
2582191cd2e82f9cab2fc9eabe9a28ee4442d64a,297,23758,17414,6344,61,84,145,2,7,24,1,71,7.072805311,41509,39,0,6055,5118,937,216339,187990,28349,2139,2071,68,1,71.3283208,Arch
7ab2f64165224219f1b9c864893f7bd9b5856b3f,295,17167,24321,7154,76,64,140,3,12,244,1,71,7.068927569,48059,42,1,4950,6186,1236,182107,220661,38554,1975,2222,247,1,71.3283208,Arch
91faa2009c547b7165d42274560dd4fa0374a99a,0,0,0,0,0,0,0,0,0,0,0,0,0,0,98,3,0,0,0,0,0,0,0,0,0,0,100,NoArch
ab2ab7d6b02438a81cd1eb54fdedbe7d8222108b,1,1,0,1,0,0,0,1,2,92,1,1,0,53,43,2,4,4,0,189,180,9,2,2,0,0,100,NoArch
329ff64e9d7295aff108f85e9a8103f5e5f8f398,183,2796,1809,987,0,0,0,2,13,225,1,70,6.769224331,39013,44,3,5242,5113,129,190804,184573,6231,1969,1890,79,1,93.62400375,Arch
899eeb7c31dc968d52eb4ee1307217340c277fdc,0,0,0,0,0,0,0,0,0,0,0,0,0,0,6,0,0,0,0,0,0,0,0,0,0,0,100,NoArch
c7b228c24bdb98142bfb22b9c82c0cbb44ca7fdd,0,0,0,0,0,0,0,0,0,0,0,0,0,0,7,1,0,0,0,0,0,0,0,0,0,0,100,NoArch
e0dffdcf520475f4a7d24e8ea0b0cf24c29eb6f3,4,19,7,12,0,0,0,2,8,397,1,3,1.958017837,636,45,4,81,81,0,2677,2619,58,29,29,0,1,100,NoArch
9d4c8e1b90d0431b446b6573cde131c2c9e86c35,1,5,3,2,0,0,0,2,3,3,1,1,0,180,99,3,22,21,1,926,918,8,9,9,0,1,100,NoArch
ddcdad641a90c01eab6471efa623efe36d6c7a51,3,49,2,47,0,0,0,3,11,2,1,3,0.783613882,576,46,5,77,72,5,3133,2832,301,26,25,1,0,100,NoArch
b6b05637e2124152b77917985734bfa9e3305af9,20,1668,625,1043,3,0,3,1,4,28,1,3,2.512866074,4182,0,0,676,538,138,23328,19062,4266,327,293,34,1,93.8253012,Arch
d6e2d0cb3a175f395bf576ef8e074a854bf92434,2,798,0,798,2,0,2,1,1,0,1,2,0.540920114,0,47,5,118,0,118,3713,0,3713,79,0,79,0,99.39637827,NoArch
e54db4ff45f39d3b46da83212796232d6b98f810,0,0,0,0,0,0,0,0,0,0,0,0,0,0,48,6,0,0,0,0,0,0,0,0,0,0,100,NoArch
d211867992e34d25293570bf2a7f3509607e590a,0,0,0,0,0,0,0,0,0,0,0,0,0,0,49,7,0,0,0,0,0,0,0,0,0,1,100,NoArch
9ebadfc2306d7c2d86b6ae05b1feeda1be1529dc,0,0,0,0,0,0,0,0,0,0,0,0,0,0,8,2,0,0,0,0,0,0,0,0,0,1,100,NoArch
62bf2c2e5c2f3be04e47af5213cb6cd180e95ab4,0,0,0,0,0,0,0,0,0,0,0,0,0,0,9,3,0,0,0,0,0,0,0,0,0,0,100,NoArch
1d47935e78072239bffc39c9436ade75f8e273b6,75,0,158,158,0,0,0,2,11,86,1,19,5.888737765,14250,10,4,1866,1866,0,65393,66711,1318,798,798,0,0,92.30769231,Arch
e0093e6e09eb03d23785502befec066dc008ae24,10,0,19,19,0,0,0,2,6,312,1,6,2.897849384,1399,11,5,130,130,0,6754,6866,112,69,69,0,0,100,NoArch
25437bc825d50715dcc9a289a1b4c8fbbc6aced1,292,1400,23979,22579,2,132,134,1,14,78,1,74,6.875979139,51511,100,2,3758,6641,2883,137127,234535,97408,1393,2717,1324,1,75.47062179,Arch
7714edcdaff39543ffd3a145ac58d021fe1157c5,0,0,0,0,0,0,0,0,0,0,0,0,0,0,101,3,0,0,0,0,0,0,0,0,0,0,100,NoArch
d8d6c248d0c4a9a5b675ef6c2121a000e573a8c0,0,0,0,0,0,0,0,0,0,0,0,0,0,0,102,4,0,0,0,0,0,0,0,0,0,0,100,NoArch
fe94449ae527c9a3e9d85436c8a3cbe62017cc98,0,0,0,0,0,0,0,0,0,0,0,0,0,0,12,6,0,0,0,0,0,0,0,0,0,0,100,NoArch
f5c146f70738528cf3000c052df8bd499e8cad6d,5,0,5,5,0,0,0,3,7,0,1,3,2.321928095,1249,13,7,203,203,0,7113,7170,57,67,67,0,0,100,NoArch
cb5b7140331855c2857321a0b40d017e675c0944,5,0,7,7,0,0,0,4,6,0,1,3,2.128085279,363,14,8,18,18,0,1371,1437,66,14,14,0,0,100,NoArch
fd301367725283c4e2b3913247a95068a6ceba9d,0,0,0,0,0,0,0,0,0,0,0,0,0,0,15,9,0,0,0,0,0,0,0,0,0,0,100,NoArch
105207a94a66cd59b0611c539daa361de03ac9f6,28,0,53,53,0,0,0,4,11,108,1,21,4.336437323,5129,16,10,559,559,0,23273,23746,473,154,154,0,0,89.79278588,Arch
0bec3a1e535904605789c5f66b6f4c53fb0294eb,5,11,9,2,0,0,0,1,9,5,1,4,1.88149633,689,103,5,100,100,0,3205,3171,34,56,56,0,0,100,NoArch
21057e3bf3c8eea148b1ec4839b196813e3f5b13,1,1,1,0,0,0,0,3,7,8,1,1,0,125,104,6,13,13,0,812,812,0,2,2,0,0,100,NoArch
3878d00f508d3f03c2bb1350a04e18198e7418c1,2,1,2,1,0,0,0,3,7,8,1,1,0.918295834,1364,17,11,407,407,0,7205,7220,15,78,78,0,0,99.81167608,NoArch
0bea9ef47a6efe2ab768b0dd67d249d59c4bf637,1,4,3,1,0,0,0,3,10,8,1,1,0,278,18,12,35,35,0,1756,1742,14,6,6,0,1,99.90636704,NoArch
9fa77f7dcd08a3f7344b9119d0ea378da08e425f,0,0,0,0,0,0,0,0,0,0,0,0,0,0,19,13,0,0,0,0,0,0,0,0,0,1,100,NoArch
ff5a122af20bbcafa8b770fbc72113c4a17e4da2,0,0,0,0,0,0,0,0,0,0,0,0,0,0,20,14,0,0,0,0,0,0,0,0,0,0,100,NoArch
bfc0e97d96c78e085fc96113e3c365d0ef8019fc,0,0,0,0,0,0,0,0,0,0,0,0,0,0,49,0,0,0,0,0,0,0,0,0,0,0,100,NoArch
baf16551558b0445c106a7a172f2ac58e7437197,0,0,0,0,0,0,0,0,0,0,0,0,0,0,21,15,0,0,0,0,0,0,0,0,0,0,100,NoArch
2577e4a0586c972cc2b43e3a98b3d0ac347a8466,0,0,0,0,0,0,0,0,0,0,0,0,0,0,105,7,0,0,0,0,0,0,0,0,0,0,100,NoArch
3e1f4329b99a3e783986094dfc175ddb7ee9b52b,0,0,0,0,0,0,0,0,0,0,0,0,0,0,106,8,0,0,0,0,0,0,0,0,0,0,100,NoArch
ad5df4a71c0f869bfcb8325766284ab3012d49f9,0,0,0,0,0,0,0,0,0,0,0,0,0,0,50,1,0,0,0,0,0,0,0,0,0,0,100,NoArch
eafb6c6197676cdeef15fdc4177917caddfe8be7,0,0,0,0,0,0,0,0,0,0,0,0,0,0,51,2,0,0,0,0,0,0,0,0,0,0,100,NoArch
9e5e87e8392d483c32ea23c444b81deea0b64d91,5,8,8,0,0,0,0,3,9,32,1,3,2.108458593,1136,52,3,127,127,0,4276,4276,0,34,34,0,0,100,NoArch
b1038447b54d43786d282236864f80fa1a814f44,0,0,0,0,0,0,0,0,0,0,0,0,0,0,53,4,0,0,0,0,0,0,0,0,0,0,100,NoArch
c31ac83e6e365b73292799d4431c0455691fd746,0,0,0,0,0,0,0,0,0,0,0,0,0,0,107,9,0,0,0,0,0,0,0,0,0,0,100,NoArch
085acccad98278fd1187f24be59822f07671e4ad,50,1326,660,666,7,2,9,4,15,41,1,31,4.598484456,8692,54,5,1103,1079,24,44147,41324,2823,395,382,13,1,89.84007526,Arch
21907ab55f679c6b31f06d41358df3eeebe9629f,1,5,1,4,0,0,0,3,7,2,1,1,0,116,55,6,10,9,1,636,625,11,7,6,1,0,100,NoArch
81d840ca7f5e9127b2bf7846a3a81d85dc2869ce,0,0,0,0,0,0,0,0,0,0,0,0,0,0,0,0,0,0,0,0,0,0,0,0,0,0,100,NoArch
72954c64209f0eba5eb01cb995e5c6e1eb32ce04,11,28,4,24,0,0,0,3,16,8,1,5,3.316428032,2432,108,10,310,294,16,13936,13824,112,122,106,16,0,100,NoArch
fd671323313228523c9c04fa60e6e9adb167197a,1,3,0,3,0,0,0,3,17,0,1,1,0,396,56,7,58,58,0,2201,2158,43,16,16,0,0,100,NoArch
d6b9755fa599b0036210b38d4a36fe97c7fb106c,14,57,15,42,1,0,1,1,18,2,1,6,3.069647413,2680,109,11,317,315,2,15670,15499,171,132,130,2,1,92.21824687,Arch
5f7bbe467f6b34e2291e7a820783fd29bd82557b,4,719,1,718,3,0,3,1,6,4,1,2,1.313520151,301,50,7,165,65,100,5663,1821,3842,65,29,36,1,99.41225861,NoArch
6e1b7e5d8e4077b5fa9df0456a71fa40ad959c0f,1,2,1,1,0,0,0,3,19,0,1,1,0,399,57,8,58,58,0,2223,2201,22,16,16,0,0,100,NoArch
6441dde2d93b28423d7fd8930f36d0d1874389b9,0,0,0,0,0,0,0,0,0,0,0,0,0,0,58,9,0,0,0,0,0,0,0,0,0,0,100,NoArch
c5fc4f3a80b11319288df28ae9a2e41a4a604f99,0,0,0,0,0,0,0,0,0,0,0,0,0,0,59,10,0,0,0,0,0,0,0,0,0,0,100,NoArch
712191fb5392773d0710ae2087836f39459f30b5,4,438,0,438,4,0,4,1,1,0,1,2,1.951920093,0,60,11,50,0,50,2009,0,2009,14,0,14,1,95.16949153,Arch
87b79e0fb261765d494cf15ba9803617d3147c88,0,0,0,0,0,0,0,0,0,0,0,0,0,0,110,11,0,0,0,0,0,0,0,0,0,0,100,NoArch
03c9421b025638bbc4da61f804521523ecfbaae6,0,0,0,0,0,0,0,0,0,0,0,0,0,0,111,12,0,0,0,0,0,0,0,0,0,0,100,NoArch
6b630462e73129f397b1f43301a2aa9001d60ed8,0,0,0,0,0,0,0,0,0,0,0,0,0,0,112,13,0,0,0,0,0,0,0,0,0,0,100,NoArch
c1fcc22f319ec83407b9d43752836c0b810ae9aa,1,23,15,8,0,0,0,1,2,2,1,1,0,64,61,12,3,5,2,342,293,49,2,4,2,0,95.34883721,Arch
f030d33350b514b86dcafe57231c7b893c49ca05,3,368,0,368,2,0,2,1,4,5,1,2,1.12148066,191,62,13,75,37,38,2656,905,1751,27,9,18,0,99.44,NoArch
207b1e555016d03dcf773a3677eeb538a0187a8d,11,108,936,828,0,3,3,2,10,239,1,3,3.199226978,1411,63,14,41,145,104,1916,5843,3927,12,44,32,0,98.36734694,NoArch
a17a3c0bed2a4b38cc5eb8223335753f01b5ad75,2,2,3,1,0,0,0,1,2,246,1,2,0.970950594,231,64,15,21,21,0,946,946,0,8,8,0,0,100,NoArch
112323e3111198587ee8b398f2a07b0ae1156861,0,0,0,0,0,0,0,0,0,0,0,0,0,0,22,14,0,0,0,0,0,0,0,0,0,1,100,NoArch
82f27ac28668b2eee9f3462116408911c0d6f79c,0,0,0,0,0,0,0,0,0,0,0,0,0,0,23,15,0,0,0,0,0,0,0,0,0,0,100,NoArch
5889cf4a50160196cc70002e38557dcf034c4c4d,0,0,0,0,0,0,0,0,0,0,0,0,0,0,65,16,0,0,0,0,0,0,0,0,0,0,100,NoArch
fb440bc3f5e7c3433f7ee57363058a560587ab8a,0,0,0,0,0,0,0,0,0,0,0,0,0,0,113,14,0,0,0,0,0,0,0,0,0,0,100,NoArch
3f03b45c4f57765938d88538a3741feb103f804b,1,3,0,3,0,0,0,3,20,17,1,1,0,400,114,14,58,58,0,2232,2223,9,16,16,0,0,100,NoArch
8d950b794f72ec15581f7d712d2b5bb76cadb533,0,0,0,0,0,0,0,0,0,0,0,0,0,0,115,15,0,0,0,0,0,0,0,0,0,0,100,NoArch
5c494e64decc84cc15f48fa6602d2238cd809149,0,0,0,0,0,0,0,0,0,0,0,0,0,0,66,17,0,0,0,0,0,0,0,0,0,1,100,NoArch
49b38982349b4b9d69c7d46115149e48535030d1,0,0,0,0,0,0,0,0,0,0,0,0,0,0,67,18,0,0,0,0,0,0,0,0,0,0,100,NoArch
ac38449f574ed4b4160da088bf3d25425042b107,0,0,0,0,0,0,0,0,0,0,0,0,0,0,68,19,0,0,0,0,0,0,0,0,0,1,100,NoArch
261c717d5b810f2f995b3e8f6e0db2864a5c32d9,0,0,0,0,0,0,0,0,0,0,0,0,0,0,69,20,0,0,0,0,0,0,0,0,0,1,100,NoArch
c4d33fdf9ae898967b891e7bb2e311d7357f011e,0,0,0,0,0,0,0,0,0,0,0,0,0,0,70,21,0,0,0,0,0,0,0,0,0,0,100,NoArch
da567c7710dad97e8b3bec4e3ac92e8e557c6243,0,0,0,0,0,0,0,0,0,0,0,0,0,0,116,16,0,0,0,0,0,0,0,0,0,0,100,NoArch
6a49038d774a76e44d97f3c02c08609e8bdfc6ca,8,57,7,50,0,0,0,1,12,172,1,2,2.606145033,1007,117,17,131,109,22,5549,5167,382,66,59,7,1,100,NoArch
9d6a3f1b808a8778f18c53e0a3e8120d1aac104a,379,39405,14637,24768,158,68,226,2,7,35,1,92,7.559217848,36339,40,0,7996,4551,3445,274538,163122,111416,2939,1722,1217,0,59.287183,Arch
a62d657b81c35e2d1e744754c0630e6316d1dc84,0,0,0,0,0,0,0,0,0,0,0,0,0,0,41,1,0,0,0,0,0,0,0,0,0,0,100,NoArch
998778cdf98335caa88ce27226a1779312e958ab,379,14513,39976,25463,65,163,228,3,20,253,1,92,7.565284251,61217,71,22,4546,8002,3456,162823,274846,112023,1717,2945,1228,0,58.73452545,Arch
a84715ac8886310017f0358f07761a82c80d481c,0,0,0,0,0,0,0,0,0,0,0,0,0,0,72,23,0,0,0,0,0,0,0,0,0,0,100,NoArch
8b4cd29a23eb209b0b1973d1d035bbd248c0c5c1,3,96,74,22,0,0,0,2,4,152,1,2,1.297419344,375,73,24,39,40,1,2101,1865,236,20,21,1,0,92.47889486,Arch
1c21856c34d4fd24d105cbb06eb80fe05ef4873a,2,19,8,11,0,0,0,2,4,283,1,1,0.605186577,188,51,1,21,19,2,822,791,31,15,13,2,0,100,NoArch
1fdab8292b7e0acf2f83adec49ec7b4369a771d7,17,220,215,5,0,0,0,4,10,59,1,14,2.383733839,2665,74,24,223,210,13,11681,11499,182,80,78,2,1,99.64961458,NoArch
0d08e885cfa90583172a03dcc1cdf1e92b2f9f0d,0,0,0,0,0,0,0,0,0,0,0,0,0,0,75,25,0,0,0,0,0,0,0,0,0,1,100,NoArch
d6bfd852b5c66213ee7ad6e378c3572a6ba99aa7,0,0,0,0,0,0,0,0,0,0,0,0,0,0,76,26,0,0,0,0,0,0,0,0,0,0,100,NoArch
43bdb68b45057311d48faf2a6ecbed1416d87335,0,0,0,0,0,0,0,0,0,0,0,0,0,0,77,27,0,0,0,0,0,0,0,0,0,0,100,NoArch
212c4a127d1e5d1abbe654082c9e166817c73b79,0,0,0,0,0,0,0,0,0,0,0,0,0,0,78,28,0,0,0,0,0,0,0,0,0,0,100,NoArch
ce84f6549fe1e4892ed80272baf53d8375946a4f,1,14,3,11,0,0,0,3,7,41,1,1,0,202,52,2,27,24,3,1241,1128,113,12,12,0,0,100,NoArch
29541bb7af3a56b5ce61557f094f258633d9655b,1,1,1,0,0,0,0,3,10,61,1,1,0,366,53,2,53,53,0,2295,2295,0,26,26,0,0,100,NoArch
7f8505ae3ec8b356a14426005b944304be51e95e,0,0,0,0,0,0,0,0,0,0,0,0,0,0,118,5,0,0,0,0,0,0,0,0,0,0,100,NoArch
cb085c13d5abaec6c55d9422cc03b68d283210e6,0,0,0,0,0,0,0,0,0,0,0,0,0,0,119,6,0,0,0,0,0,0,0,0,0,0,100,NoArch
9c197fabc257159b8e9abb1225a9908132f09ad2,2,36,5,31,0,0,0,3,4,70,1,2,0.989245297,172,79,14,26,20,6,1063,807,256,15,14,1,1,100,NoArch
8be6b8c3aa20cc2e95952bc6bd277e08146d9828,0,0,0,0,0,0,0,0,0,0,0,0,0,0,80,15,0,0,0,0,0,0,0,0,0,0,100,NoArch
48ba8d069e105dea79186060a77017a71e79326e,0,0,0,0,0,0,0,0,0,0,0,0,0,0,120,7,0,0,0,0,0,0,0,0,0,0,100,NoArch
a8a7c5092359d2adca2232fcc36748b93ff2de7a,14,287,42,245,0,0,0,3,21,50,1,7,3.771206336,3405,121,8,462,417,45,20662,19575,1087,178,163,15,0,100,NoArch
269efcc8de8d9f2ceb7725eb59ea951312f0a249,0,0,0,0,0,0,0,0,0,0,0,0,0,0,122,9,0,0,0,0,0,0,0,0,0,0,100,NoArch
ab88754c0f1041fb2a8fb52802f2bfedf4693523,0,0,0,0,0,0,0,0,0,0,0,0,0,0,123,5,0,0,0,0,0,0,0,0,0,0,100,NoArch
ce45896b42e1a13f788461439a9cb3b197a4ec27,2,5,5,0,0,0,0,2,9,582,1,2,0.721928095,825,81,10,78,78,0,2556,2556,0,24,24,0,0,100,NoArch
063a250741ecaebc4b3fa7a14d971d95ea29431d,0,0,0,0,0,0,0,0,0,0,0,0,0,0,124,6,0,0,0,0,0,0,0,0,0,0,100,NoArch
d2397b177c96be0454bcc2276037388d9b43dbdd,1,1,0,1,0,0,0,2,9,6,1,1,0,377,125,7,50,50,0,1962,1953,9,26,26,0,0,100,NoArch
aa84ab48dd36684f1fc987471af246eb9c9c33ad,14,42,287,245,0,0,0,3,22,0,1,7,3.771206336,3651,126,8,417,462,45,19584,20671,1087,163,178,15,0,100,NoArch
8214b7ffc44adfe8ec77a727bd8bb35b4ab13623,0,0,0,0,0,0,0,0,0,0,0,0,0,0,127,9,0,0,0,0,0,0,0,0,0,0,100,NoArch
7de262d1b084ebdc77f28f3824e1623464ff4b08,3,292,0,292,3,0,3,1,1,0,1,1,1.463200124,0,82,8,25,0,25,955,0,955,13,0,13,0,99.51422623,NoArch
ee1a59a3c1b8ca6ab1de0b965ce413852c751461,1,1,8,7,0,0,0,2,5,12,1,1,0,146,83,9,21,23,2,672,728,56,13,13,0,0,100,NoArch
8f4ebf0b9a0e86269db6322538e02f44e73480f9,0,0,0,0,0,0,0,0,0,0,0,0,0,0,84,10,0,0,0,0,0,0,0,0,0,0,100,NoArch
762adc4ad52c13bda023835966bca769f95305ee,14,82,49,33,0,0,0,3,13,135,1,9,3.432492906,2689,24,0,309,301,8,13555,13201,354,105,105,0,1,100,NoArch
dedac6457c9b875812898c0a7664805ddaa43e84,385,39557,15216,24341,158,71,229,2,7,35,1,93,7.599333683,37551,42,0,8067,4676,3391,276840,167539,109301,2969,1769,1200,0,61.26182965,Arch
ade5c35932483a92d86a15ac3aeb6a0f18f756bd,0,0,0,0,0,0,0,0,0,0,0,0,0,0,43,1,0,0,0,0,0,0,0,0,0,0,100,NoArch
6b8b7add2863045589e100f6c8d8550a0eb98da4,390,15858,40812,24954,76,168,244,3,22,265,1,94,7.635202427,61892,128,10,4671,8162,3491,167205,280364,113159,1764,3001,1237,0,61.26182965,Arch
ea4da6200b79a1c62ebc3b9c8fb2e452f3fcb31b,1,5,1,4,0,0,0,4,11,41,1,1,0,381,54,2,43,42,1,1447,1400,47,10,10,0,0,100,NoArch
c8d9b5816c094b90ba2700d7dab52464318867a2,1,13,1,12,0,0,0,2,4,95,1,1,0,459,55,3,105,102,3,2793,2749,44,56,53,3,0,100,NoArch
af9f6865452c7fc3178955aef3e3475c9717dbc6,1,5,0,5,0,0,0,5,8,80,1,1,0,104,56,4,7,6,1,380,353,27,5,4,1,0,100,NoArch
421062d61e77f9cee11e21e9a0ee487990e871fb,1,12,0,12,0,0,0,3,10,14,1,1,0,270,57,5,33,31,2,1647,1559,88,14,14,0,0,99.7926745,NoArch
14c119d8db79e2ccb78006b648033d6aad708cb0,390,40812,15891,24921,168,76,244,2,7,34,1,94,7.634871343,36971,44,2,8067,4776,3291,276840,170999,105841,2969,1803,1166,0,61.11111111,Arch
2676f5f27b5b1edf021b3343bb1ce2b61d613adb,0,0,0,0,0,0,0,0,0,0,0,0,0,0,45,3,0,0,0,0,0,0,0,0,0,0,100,NoArch
9e157fde7ebd4ba85cddb6c1a5f79a8bd91b3470,1,2,2,0,0,0,0,3,6,798,1,1,0,280,46,4,34,32,2,1592,1569,23,6,6,0,1,100,NoArch
9fd371ca329e1baee2e4a3b3e8558fd71f216679,390,15892,40813,24921,76,168,244,3,22,265,1,94,7.635910371,61892,32,0,4680,8164,3484,167434,280387,112953,1768,3001,1233,1,61.11111111,Arch
a5260d999ff537b85d17b5310bce0f060204c2f3,6,9,0,9,0,0,0,3,4,69,1,6,2.281036113,308,85,6,26,25,1,832,747,85,21,20,1,0,100,NoArch
a76613ca7a387a6a5ac6cd187556d4759d90ca14,0,0,0,0,0,0,0,0,0,0,0,0,0,0,129,11,0,0,0,0,0,0,0,0,0,0,100,NoArch
ea9eb16576ed00871e573907e2592d960500f32e,390,40812,15900,24912,168,76,244,2,7,36,1,94,7.635528178,36980,47,5,8069,4779,3290,276863,171107,105756,2969,1804,1165,0,61.11111111,Arch
449ae6a2af59f6ea889996ce5aeee365d34d66ba,390,15901,40813,24912,76,168,244,3,22,263,1,94,7.636567026,61892,86,7,4681,8164,3483,167519,280387,112868,1769,3001,1232,1,61.11111111,Arch
f7d46b34c9424f412956e9d5952ed2b2bafd9234,0,0,0,0,0,0,0,0,0,0,0,0,0,0,87,8,0,0,0,0,0,0,0,0,0,0,100,NoArch
423617841a161a2564dbaffe3fcd55f773f62744,2,10,2,8,0,0,0,4,12,65,1,2,0.918295834,392,88,9,45,44,1,2126,2051,75,13,13,0,0,100,NoArch
340c8a05f04da63f577b74d60347a5ac75650fcc,1,5,2,3,0,0,0,5,11,112,1,1,0,309,58,4,47,43,4,1631,1593,38,10,10,0,1,100,NoArch
c234bd42b2d50a59bdb1bb3e9207519519ad7801,1,1,0,1,0,0,0,4,7,3,1,1,0,104,89,9,13,12,1,389,378,11,4,4,0,0,100,NoArch
3e305c55d3a562b1fadbc441f3ccfb45346e1f96,390,40814,15914,24900,168,76,244,2,7,36,1,94,7.635768682,36992,79,0,8069,4785,3284,276863,171231,105632,2969,1804,1165,0,61.11111111,Arch
88420bc2f65c9cb612b3b0cc6b141093b8d15c93,0,0,0,0,0,0,0,0,0,0,0,0,0,0,48,6,0,0,0,0,0,0,0,0,0,0,100,NoArch
a75c525658758134920e8dadd38c9287951d19b3,390,15925,40815,24890,76,168,244,3,22,263,1,94,7.637010894,61892,59,5,4690,8164,3474,167739,280387,112648,1769,3001,1232,1,61.11111111,Arch
1f1ecb0de9a472d9d090d0daad25ec4171fa947f,0,0,0,0,0,0,0,0,0,0,0,0,0,0,60,6,0,0,0,0,0,0,0,0,0,0,100,NoArch
a8d4bbb2b4c18bfb9faa5b0dcb8598017d8d43df,0,0,0,0,0,0,0,0,0,0,0,0,0,0,130,1,0,0,0,0,0,0,0,0,0,0,100,NoArch
928d6739bd7489aedf4efb76d43c33d4168315ca,3,22,14,8,0,0,0,2,8,86,1,1,1.251629167,432,61,7,60,59,1,2492,2489,3,27,27,0,1,91.75891759,Arch
59172d13cf8d69a0cdf825314bd434c56162074c,4,201,135,66,0,0,0,2,5,761,1,2,0.795956939,329,62,7,29,22,7,1397,896,501,9,7,2,1,100,NoArch
ed09a6b69dcac0f591f778beda1b696f2fcaf09f,3,416,0,416,3,0,3,1,1,0,1,2,1.425527489,0,90,5,43,0,43,1385,0,1385,18,0,18,0,98.29968119,NoArch
2448f558bfbfb3cfcbe93536b407fede2d0e7468,2,111,155,44,1,0,1,1,8,67,1,2,0.808285256,197,91,6,14,27,13,414,831,417,13,7,6,0,99.79591837,NoArch
b9274d5107384abe44133d8833b72ec021cb6243,2,160,0,160,2,0,2,1,1,0,1,2,0.97779457,0,92,7,14,0,14,430,0,430,13,0,13,0,99.44584383,NoArch
8d211bd5637fb1065dab086d6b0565a07124b39b,0,0,0,0,0,0,0,0,0,0,0,0,0,0,93,8,0,0,0,0,0,0,0,0,0,0,100,NoArch
6de6a15db9372c7e6e120a854c3bcd11cd39d6b3,0,0,0,0,0,0,0,0,0,0,0,0,0,0,94,9,0,0,0,0,0,0,0,0,0,0,100,NoArch
37c5ffe04361630c20e287b93f741a0af22e0cb5,0,0,0,0,0,0,0,0,0,0,0,0,0,0,95,10,0,0,0,0,0,0,0,0,0,0,100,NoArch
58d355cfa035ae850682efe9019d070d1dae827d,1,5,3,2,0,0,0,5,13,42,1,1,0,292,96,10,34,34,0,1706,1689,17,8,8,0,0,100,NoArch
5d4e8511c72b3e8b6f7b860406477cce8f748bac,1,16,0,16,0,0,0,1,2,129,1,1,0,318,97,11,52,49,3,1515,1407,108,17,16,1,0,100,NoArch
7d9727f031d8c5d0d0aa91455b9de9e8184319d7,13,27,2,25,0,0,0,3,23,45,1,5,3.440070117,2794,131,2,331,326,5,16480,16262,218,132,129,3,0,100,NoArch
5a326cd4e94820cdcae586074bba8f78f12d82f1,399,41037,16790,24247,168,82,250,2,7,37,1,100,7.676591575,37889,49,2,8088,4861,3227,277507,174145,103362,2973,1851,1122,0,65.36193029,Arch
50f738bf48d6db778cfb349ed2e8c6af0ac99906,2,18,8,10,0,0,0,2,4,759,1,1,0.619382195,189,50,3,21,19,2,822,800,22,15,13,2,1,100,NoArch
459f74df3bbacacead9753194c944387e8359062,1,1,1,0,0,0,0,2,2,1166,1,1,0,1858,51,3,219,219,0,8420,8414,6,67,67,0,1,100,NoArch
1f2af77496abc0879e09e7adf52ee1b8472736d4,397,16813,41030,24217,82,168,250,3,23,267,1,100,7.676527295,61947,98,9,4745,8164,3419,169857,280237,110380,1802,2992,1190,1,65.36193029,Arch
3577e7a47d7bff975f73e9245564684484058b05,0,0,0,0,0,0,0,0,0,0,0,0,0,0,99,10,0,0,0,0,0,0,0,0,0,1,100,NoArch
135861abc47d86841edf9f95a5c53eefce39573b,0,0,0,0,0,0,0,0,0,0,0,0,0,0,100,10,0,0,0,0,0,0,0,0,0,1,100,NoArch
11919af89da5b49d19b91c52b9e038eea33e4ec2,0,0,0,0,0,0,0,0,0,0,0,0,0,0,101,11,0,0,0,0,0,0,0,0,0,1,100,NoArch
2a9b49f94f9551acb6760af0c2e2d829e2534580,0,0,0,0,0,0,0,0,0,0,0,0,0,0,102,12,0,0,0,0,0,0,0,0,0,1,100,NoArch
0558afd94ec7883f20361364a513be2c6758d17e,1,1,1,0,0,0,0,4,11,149,1,1,0,279,103,13,35,35,0,1761,1756,5,6,6,0,1,100,NoArch
f3797052388c19399959d63d90273a4d94899f7e,0,0,0,0,0,0,0,0,0,0,0,0,0,0,132,2,0,0,0,0,0,0,0,0,0,0,100,NoArch
2f4619faa12117faffe3c14062bceb45ff665b21,1,33,11,22,0,0,0,5,7,158,1,1,0,218,104,14,16,15,1,1182,986,196,5,4,1,0,100,NoArch
dd91a83c884a954bd82de7dddededa5a83f320a1,0,0,0,0,0,0,0,0,0,0,0,0,0,0,105,15,0,0,0,0,0,0,0,0,0,1,100,NoArch
9f3c43b3a06488e5e7dca0e999473456bde6c882,0,0,0,0,0,0,0,0,0,0,0,0,0,0,106,16,0,0,0,0,0,0,0,0,0,0,100,NoArch
08438d51db849e84db78307ad9b8751397993f77,12,38,13,25,0,0,0,1,1,0,1,9,3.530610648,1523,107,17,185,185,0,6459,6223,236,77,77,0,0,95.64823209,Arch
3fb3f84e62a3bbb536ba0a85ee0dc0347f2227e4,404,41809,17639,24170,174,88,262,2,7,38,1,104,7.727058231,37808,52,4,8069,4958,3111,276763,177993,98770,2960,1871,1089,0,66.16577799,Arch
292902a434fac911894b578ba8f5eb41fbb7abc0,0,0,0,0,0,0,0,0,0,0,0,0,0,0,53,5,0,0,0,0,0,0,0,0,0,0,100,NoArch
7280aa5f13e3c21325b17e81922a340c60f93adb,404,17640,41810,24170,88,174,262,3,23,266,1,104,7.728048438,61978,108,18,4746,8273,3527,170344,284231,113887,1803,3025,1222,0,66.16577799,Arch
b274942cc27cef60b898f87b3a01e1eba3acbeff,1,2,0,2,0,0,0,2,3,633,1,1,0,737,63,4,67,64,3,1476,1458,18,30,30,0,0,100,NoArch
cccaaeac5c614101973b7b9dd58827dcd579d88e,0,0,0,0,0,0,0,0,0,0,0,0,0,0,109,19,0,0,0,0,0,0,0,0,0,0,100,NoArch
ba372da378d8b7067e5799445c5023f4f07d2937,10,93,16,77,1,0,1,3,7,280,1,9,3.082764057,346,110,20,0,0,0,755,624,131,0,0,0,0,95.63965446,Arch
1ec2b4554ed831f69a99b52694573bc096b1ae2b,407,41811,17720,24091,174,89,263,2,7,34,1,104,7.733967118,38657,54,5,8133,5025,3108,278282,179661,98621,2990,1901,1089,0,66.36363636,Arch
f5464800e5827c89265e74056fe75d4e1b256c3e,0,0,0,0,0,0,0,0,0,0,0,0,0,0,55,6,0,0,0,0,0,0,0,0,0,0,100,NoArch
0c10d8be5c8ef28c9fade453e93b03d9b413533e,407,17721,41812,24091,89,174,263,3,23,269,1,104,7.734963257,62748,133,3,4813,8337,3524,172012,285750,113738,1833,3055,1222,0,66.36363636,Arch
027c5313bab0f3e82f910129eb48199041fa2a5c,1,111,3,108,0,0,0,3,11,31,1,1,0,275,64,3,57,44,13,2909,2117,792,20,13,7,0,100,NoArch
30997e890ca75e61dd586ea14a3fe93b58cb1e4a,1,21,14,7,0,0,0,3,6,158,1,1,0,120,65,4,27,23,4,568,500,68,3,3,0,0,99.87799919,NoArch
dd01808de3aa42e180261fec7530f3570eb8fb7a,1,1,0,1,0,0,0,3,7,0,1,1,0,127,66,5,27,27,0,577,568,9,3,3,0,0,100,NoArch
c73910edd33196e2602fb883fd9aad68ef5b4182,1,1,1,0,0,0,0,5,9,124,1,1,0,260,111,21,16,16,0,1052,1052,0,9,9,0,0,100,NoArch
2730c37ffee8a23aa8e1cf9432d4553bf0535c2d,0,0,0,0,0,0,0,0,0,0,0,0,0,0,134,3,0,0,0,0,0,0,0,0,0,0,100,NoArch
728eeda5481eda68f79f4752a23e5b8469abacb5,1,45,10,35,0,0,0,3,12,34,1,1,0,284,67,5,37,33,4,1855,1665,190,18,14,4,1,100,NoArch
5c6b4762fe37fb558c14079a7e93741d2fd062bf,0,0,0,0,0,0,0,0,0,0,0,0,0,0,135,4,0,0,0,0,0,0,0,0,0,0,100,NoArch
0d585c5d2878932019f08f76485741463a683dc9,1,1,1,0,0,0,0,4,9,165,1,1,0,250,68,5,49,49,0,1149,1149,0,27,27,0,0,100,NoArch
0707f4ec39d1af44cfa16f5a276914723dd882b8,1,1,1,0,0,0,0,3,13,2,1,1,0,319,69,6,37,37,0,1857,1855,2,18,18,0,0,100,NoArch
2ea95cd34ae2ef1bc173fcf3f7142b5cd3ed7401,1,4,3,1,0,0,0,3,24,38,1,1,0,404,70,7,58,58,0,2245,2241,4,16,16,0,0,100,NoArch
b0c8b61b404328de415f57fe468d7d03eb5cae87,3,42,5,37,0,0,0,2,11,173,1,3,1.381415163,342,112,16,43,39,4,1750,1479,271,24,22,2,1,100,NoArch
23182b9ec3ff2a3a3e61c30bad4fc78a30a999c9,1,1,0,1,0,0,0,3,8,9,1,1,0,128,71,8,28,27,1,582,577,5,3,3,0,0,100,NoArch
3988e7cf047fb862264c670979eb52d99c83fbed,2,65,13,52,0,0,0,5,24,138,1,1,0.98285869,1215,15,5,226,226,0,8967,8437,530,28,28,0,0,99.96044304,NoArch
ea98496e33d2da78068aeecd6c52370858d348c1,0,0,0,0,0,0,0,0,0,0,0,0,0,0,14,4,0,0,0,0,0,0,0,0,0,0,100,NoArch
c568c6959efb1a5463d4f129afc7a93003257def,0,0,0,0,0,0,0,0,0,0,0,0,0,0,15,5,0,0,0,0,0,0,0,0,0,0,100,NoArch
6af4eee8f16eef9a2a39f0b1d868ad6cb51710cb,1,1,0,1,0,0,0,3,10,302,1,1,0,514,167,0,85,84,1,2626,2617,9,30,30,0,0,100,NoArch
07e98426464a6eaeb26a295f41c7399faf97d544,1,3,3,0,0,0,0,1,4,139,1,1,0,874,168,0,154,154,0,4966,4962,4,41,41,0,1,100,NoArch
487f87b6cc3566528e51e668bd05a9e20b4ea3ef,1,13,4,9,0,0,0,4,23,309,1,1,0,514,169,1,78,75,3,2704,2654,50,35,35,0,0,100,NoArch
f12d0442ebcf6a028f7ff007bbf9cbca312945f1,40,365,217,148,0,0,0,5,47,449,1,29,4.333935623,7150,170,0,890,873,17,36768,35549,1219,301,297,4,1,93.62786746,Arch
8275b66cd93a60dc628dd4b79aad41f68b853795,1,71,0,71,1,0,1,1,1,0,1,1,0,0,171,1,12,0,12,443,0,443,10,0,10,0,92.6653883,Arch
ff8b30881135b73133b1386605050d6c1445cad8,1,71,0,71,0,0,0,1,2,0,1,1,0,71,172,2,12,12,0,443,443,0,10,10,0,0,100,NoArch
6365dfaf4f341c995b7da351f017775e3ad4a561,3,8,2,6,0,0,0,5,28,404,1,1,1.485475297,480,173,3,56,54,2,2673,2656,17,12,12,0,1,100,NoArch
5921853252e171438579fd4c0b7c4aa2020ed92f,1,8,9,1,0,0,0,2,4,537,1,1,0,93,227,0,10,10,0,359,344,15,1,1,0,1,100,NoArch
5ae900e247054b1ed5b247a84ff20bef513ee3a8,2,32,10,22,0,0,0,2,12,444,1,2,0.998363673,857,228,1,109,107,2,3735,3594,141,29,28,1,1,100,NoArch
ff01b7db77b5a308d15485eb28dfc45880b09337,0,0,0,0,0,0,0,0,0,0,0,0,0,0,229,2,0,0,0,0,0,0,0,0,0,1,100,NoArch
63b48b1800c3144aaacb1719e241a999d28b6667,0,0,0,0,0,0,0,0,0,0,0,0,0,0,230,3,0,0,0,0,0,0,0,0,0,1,100,NoArch
f4d506126d37a64fd4ffb6a26f5343ea363fa88f,0,0,0,0,0,0,0,0,0,0,0,0,0,0,231,4,0,0,0,0,0,0,0,0,0,1,100,NoArch
26da6449c01bec6ac5f5933a7378bd9d6bd82a05,1,21,14,7,0,0,0,4,11,18,1,1,0,62,232,5,5,5,0,247,249,2,3,3,0,1,100,NoArch
3dc46ce7d60e7b59a5c1e0f13dc5d0219e082ed7,18,688,72,616,5,0,5,4,48,262,1,7,3.194243412,4893,174,0,848,790,58,28895,26515,2380,204,191,13,1,99.25149701,NoArch
78b0f9cad6b10d78cb77261fa5327cf2bd434183,5,18,10,8,0,0,0,5,30,96,1,4,2.113669993,1872,175,1,300,300,0,12661,12586,75,42,42,0,1,100,NoArch
35969c829f5dd659d34bbe180fa2ab46bd84e85a,1,0,8,8,0,0,0,1,5,639,1,1,0,330,233,0,31,33,2,1202,1246,44,11,11,0,0,100,NoArch
194d0cd6b2b0c2a9df6c3f0b1c0a02cbf0430e6f,0,0,0,0,0,0,0,0,0,0,0,0,0,0,0,0,0,0,0,0,0,0,0,0,0,0,100,NoArch
0d409acde80ab582a9169151c863b7f1d64d5921,1,24,12,12,0,0,0,2,7,49,1,1,0,908,1,1,163,159,4,5241,5181,60,44,41,3,1,100,NoArch
c7f29f9def6b3fa540b13d09341cdf914c2dae16,3,114,124,10,0,0,0,5,49,34,1,2,1.288043334,1781,16,0,305,304,1,10249,10302,53,71,71,0,1,100,NoArch
16e0ceca8e061eedd73acf717bb66de98a42dbe3,7,70,22,48,0,0,0,5,16,420,1,5,2.570624679,1198,2,2,167,165,2,6175,5963,212,44,43,1,1,94.13156649,Arch
5fd9f02bd19bd5887c21209e632c0a82fad56aa0,2,76,8,68,0,0,0,3,5,654,1,2,0.905928216,423,3,3,62,55,7,1871,1572,299,22,19,3,1,100,NoArch
7e7805092d93a87c46618f1d6b598939a09bf126,1,2,1,1,0,0,0,6,26,55,1,1,0,626,4,4,118,118,0,4804,4802,2,17,17,0,1,100,NoArch
367b7e05c7c5d4ba9105c519149822deee8c2f89,5,676,1,675,4,0,4,1,10,121,1,4,1.670795361,243,17,1,97,36,61,4216,1038,3178,29,15,14,1,92.78350515,Arch
9c64d44c04e8caf6580b7e734024d96cba8d9374,0,0,0,0,0,0,0,0,0,0,0,0,0,0,5,5,0,0,0,0,0,0,0,0,0,0,100,NoArch
52b385450b8a3673dc7d89ca697acbe9cd8a34fa,0,0,0,0,0,0,0,0,0,0,0,0,0,0,6,6,0,0,0,0,0,0,0,0,0,0,100,NoArch
629209fa3f53f7187c81929166f15d36f2279cb5,1,28,8,20,0,0,0,7,19,663,1,1,0,412,7,7,60,59,1,2171,2098,73,27,25,2,1,100,NoArch
5de25972c7715167fc7fe5f355abb7c40124b7b4,2,14,2,12,0,0,0,3,7,664,1,1,0.811278124,558,176,0,93,90,3,2809,2765,44,58,55,3,0,100,NoArch
c0f38bc1400dc22453ffb2bc65a0f94e02947268,4,77,32,45,0,0,0,4,26,447,1,3,1.626012614,648,8,8,74,67,7,3627,3327,300,25,21,4,1,100,NoArch
338af99b037026675951c55c5c608588b9ab086d,4,108,78,30,0,0,0,5,50,148,1,3,1.636731665,1911,9,9,316,312,4,11180,10961,219,75,75,0,1,100,NoArch
404a40e7f3a7376f54abaed4e9c6f057c9714106,4,262,153,109,1,0,1,6,17,87,1,4,1.433595064,786,13,0,134,131,3,4062,3842,220,30,26,4,1,96.44286349,Arch
982df0086c72359684f4570bb65457e789369e78,0,0,0,0,0,0,0,0,0,0,0,0,0,0,14,1,0,0,0,0,0,0,0,0,0,1,100,NoArch
0e098169657166dc791aa501f6fe72ea0f93e5b8,9,150,31,119,2,0,2,1,51,92,1,6,2.681163988,3256,10,10,564,552,12,20798,20132,666,121,111,10,1,96.32451815,Arch
159b3c4fb02c4c9ca6812dc90f9c3bc348e40b4a,2,68,81,13,0,0,0,4,25,434,1,1,0.992676976,493,11,11,78,83,5,3039,3106,67,21,21,0,1,92.33830846,Arch
a01d11ec1fa7d2cdeb82b9b4278f76e755bc05e6,1,1,0,1,0,0,0,5,26,0,1,1,0,309,12,12,59,59,0,2050,2041,9,12,12,0,1,100,NoArch
fbadd7acbdeda1a2a7113d721330475c9fcec387,0,0,0,0,0,0,0,0,0,0,0,0,0,0,13,3,0,0,0,0,0,0,0,0,0,1,100,NoArch
93a499e4b9df0561e9290e090190cd6648c607e5,1,10,1,9,0,0,0,5,38,118,1,1,0,557,14,4,85,83,2,3456,3418,38,25,25,0,1,100,NoArch
481cca224223bc691ec74128d3e848d9ebc2657a,15,421,105,316,1,0,1,5,27,258,1,12,1.589068869,2560,15,2,366,325,41,14342,13538,804,123,120,3,1,99.9,NoArch
959e9c885966e19cc608119c90d0acdd14a6d07e,1,13,13,0,0,0,0,5,18,377,1,1,0,157,16,3,13,15,2,824,814,10,5,5,0,1,100,NoArch
2200f22b9bde66d226e8cd803bea6505a922dba9,2,61,85,24,0,0,0,5,28,6,1,2,0.745910576,612,17,4,72,76,4,2594,2623,29,15,15,0,1,100,NoArch
c62095750b1c477780189825daa68ca0aeb10fad,0,0,0,0,0,0,0,0,0,0,0,0,0,0,18,5,0,0,0,0,0,0,0,0,0,1,100,NoArch
091c0f4aa71b762d8b41e16f1ad666a226f5cfc4,0,0,0,0,0,0,0,0,0,0,0,0,0,0,15,0,0,0,0,0,0,0,0,0,0,1,100,NoArch
1f1ee03468f93d58181b8ccc568b455450384c08,3,3,2,1,0,0,0,5,29,166,1,2,1.521928095,862,19,6,142,142,0,5073,5060,13,50,50,0,1,100,NoArch
f1bebb13da82e5f6847497359080b02b83566904,8,126,85,41,0,0,0,6,30,268,1,4,2.33507213,2094,20,7,333,326,7,11896,11566,330,107,110,3,1,100,NoArch
46ba3251855b8c69ae30f7d6bbe2c6deaa43aaab,0,0,0,0,0,0,0,0,0,0,0,0,0,0,21,8,0,0,0,0,0,0,0,0,0,1,100,NoArch
3ca801d2185db273c410da26e618939af41e7749,1,2,2,0,0,0,0,4,13,73,1,1,0,164,22,9,19,19,0,916,912,4,10,10,0,1,100,NoArch
9d273b9ba6bbcbbf5ee5de5e7dcc8ec3b5166068,2,2,1,1,0,0,0,2,2,168,1,1,0.918295834,207,23,6,17,17,0,634,612,22,9,9,0,1,100,NoArch
7f060aa27531ba55ee0d6b294e499978848ade9d,2,25,1,24,0,0,0,3,24,324,1,2,0.391243564,699,24,7,100,98,2,4287,4090,197,45,43,2,1,100,NoArch
9e37db6a2ea512b00a99e056554e1733632d8566,1,2,1,1,0,0,0,6,34,100,1,1,0,342,25,6,48,47,1,2025,2015,10,14,14,0,1,100,NoArch
c548f361d5100f02d58a9762199142876c492945,1,10,4,6,0,0,0,3,4,783,1,1,0,124,26,6,19,19,0,640,594,46,3,3,0,1,100,NoArch
ed6e143b4c57b33dae6f41677d2689a2a65004b7,0,0,0,0,0,0,0,0,0,0,0,0,0,0,27,6,0,0,0,0,0,0,0,0,0,0,100,NoArch
d8325971d65bd7dd90ded1118831ac5eb25e5d39,4,17,14,3,0,0,0,5,19,89,1,4,1.632700917,1207,28,5,204,205,1,6223,6221,2,84,83,1,1,100,NoArch
339fc078890c06c2904b5527fc047d2f6c704410,3,7,3,4,0,0,0,3,23,270,1,3,1.521928095,678,29,6,81,80,1,2920,2896,24,24,24,0,1,95.12548263,Arch
5a30e60153b65fee98b7a5ade651eaf0ac33cf00,55,284,337,53,0,0,0,4,39,627,1,15,5.039057179,13472,30,7,2173,2187,14,68020,68041,21,580,586,6,1,90.64885496,Arch
2865e0e16f3ff8d2f817a727098bf7c85ba4baa2,8,882,0,882,8,0,8,1,1,0,1,5,2.896247758,0,31,3,84,0,84,3772,0,3772,54,0,54,1,94.87179487,Arch
2cc1934a1e3d35f2c279bc6a015cc0205699086d,5,233,173,60,0,0,0,1,6,396,1,2,1.332864728,720,32,1,72,66,6,3358,2978,380,26,25,1,1,99.71284996,NoArch
3f724529b4a559c263b09e706eea3fd01ff2b033,0,0,0,0,0,0,0,0,0,0,0,0,0,0,33,2,0,0,0,0,0,0,0,0,0,1,100,NoArch
8533ffbb9008f17522afef3ae4d0c212c77f62e2,0,0,0,0,0,0,0,0,0,0,0,0,0,0,34,3,0,0,0,0,0,0,0,0,0,1,100,NoArch
f1720192339b8c2d8feea59aed2dc499cfaa4364,11,62,37,25,0,0,0,5,31,234,1,3,2.939435387,2355,35,4,292,285,7,12114,12077,37,96,94,2,1,100,NoArch
2dcef0b214d8248f1ce2cb35db89dacf78f28df3,1,3,1,2,0,0,0,5,32,21,1,1,0,235,36,4,28,27,1,1426,1411,15,6,6,0,1,100,NoArch
9396ecfed994f2e9d99947b4a6e82b428e73c4e0,3,55,46,9,0,0,0,1,33,7,1,3,0.561982896,795,37,5,99,99,0,3740,3734,6,27,26,1,1,99.56942949,NoArch
bdd8e9989f2114466713ae0d3d0f4c63d732c66b,1,0,3,3,0,0,0,1,2,1,1,1,0,371,38,3,47,47,0,1236,1242,6,10,10,0,1,100,NoArch
d0c3c92ad3108b3b8d5109712d10839327fbdd6d,0,0,0,0,0,0,0,0,0,0,0,0,0,0,177,0,0,0,0,0,0,0,0,0,0,0,100,NoArch
917b6ec0048e494efea5a080df8b940661f89ecc,1,7,1,6,0,0,0,5,40,123,1,1,0,565,178,1,86,85,1,3477,3448,29,25,25,0,1,100,NoArch
50738f9d8dec622d9f73899ab8f7fbba3d378143,2,106,2,104,1,0,1,1,3,70,1,2,0.183122068,96,39,3,22,10,12,727,255,472,8,4,4,1,99.71459151,NoArch
c83f319845986290f876b326c43eb21ddb7a1dfb,6,482,120,362,2,0,2,1,21,284,1,5,1.731816671,951,40,1,174,130,44,6955,5096,1859,48,30,18,3,99.82363316,NoArch
13f6eebad5303b6074d7239e82af5ff6d3178889,1,8,1,7,0,0,0,6,22,2,1,1,0,289,41,2,35,34,1,1818,1797,21,8,8,0,1,100,NoArch
d24fc604037252e77d300181c2a17b80b39f01c1,1,2,3,1,0,0,0,1,2,8,1,1,0,78,42,3,3,3,0,462,471,9,3,3,0,1,100,NoArch
38f9df217c25dc31cebcd2a8107984d52c03b18b,0,0,0,0,0,0,0,0,0,0,0,0,0,0,43,3,0,0,0,0,0,0,0,0,0,1,100,NoArch
40aa24ff6de299b56ffb522b5b8b53c808a19798,12,75,1282,1207,0,6,6,3,21,458,1,8,2.784294893,2745,18,0,164,353,189,6917,11742,4825,50,134,84,1,95.36679537,Arch
5d2ecf81998fddb5cd61da64efe83607ed89a3ca,1,14,1,13,0,0,0,4,18,343,1,1,0,406,16,0,83,79,4,1929,1832,97,13,13,0,1,100,NoArch
bebd9a8a784cd190a26df7f910ebaf0198d6eac3,15,151,59,92,1,0,1,2,19,534,1,11,3.430172467,2175,44,0,288,283,5,10737,10197,540,81,77,4,1,99.4834266,NoArch
cb4025e17fea0aa410c28cb69fae95d8c3cf827d,5,10,20,10,0,0,0,6,26,439,1,4,2.001606746,1791,17,0,278,281,3,10261,10314,53,95,95,0,1,100,NoArch
45d35fae2c1921cb4dbd22bc8508fbdf2cbe20ba,3,743,0,743,3,0,3,1,1,0,1,1,1.26418376,0,18,1,67,0,67,3147,0,3147,20,0,20,1,99.69892473,NoArch
ef9765d13709a4621d245d88cfe95f9bf82b315b,9,270,99,171,0,0,0,6,52,344,1,7,2.272883426,2963,45,1,468,457,11,16997,16257,740,133,130,3,1,97.9990905,Arch
000ba9534799b79811edbf3751f99ad2f2d9ca25,6,36,37,1,0,0,0,5,35,370,1,4,1.350190995,1701,46,2,214,214,0,8057,8126,69,49,49,0,1,100,NoArch
192f3d92f5c27d132b226e7c53e6e9eff0a97d0f,4,7,7,0,0,0,0,6,15,386,1,4,1.664497779,1281,47,3,180,180,0,6570,6594,24,88,88,0,1,100,NoArch
3fdaed8baf2b7fefe96755a8114f445d347c54b3,2,0,419,419,0,2,2,4,7,276,1,1,0.919089325,419,48,4,0,60,60,0,1428,1428,0,20,20,1,99.70887918,NoArch
95e7fe003129edb5230d698912a1b262299d46e1,2,2,2,0,0,0,0,6,26,144,1,2,1,979,49,5,163,163,0,6117,6115,2,63,63,0,1,100,NoArch
16df6f4fd794eb422fa815a34dbf62583d9bd5c8,2,7,7,0,0,0,0,5,11,724,1,1,0.985228136,147,50,6,8,8,0,666,672,6,7,7,0,1,100,NoArch
0005f1bdd119b5ee534a2056f28e49fa75a7ae3e,1,0,181,181,0,1,1,3,3,1086,1,1,0,181,51,7,0,23,23,0,810,810,0,5,5,1,99.90262902,NoArch
702172f0e4d68a3414a2f30c2020c7dc444e8831,2,69,13,56,1,0,1,6,16,7,1,2,0.63079708,132,19,2,19,16,3,998,787,211,6,3,3,1,99.31540342,NoArch
53add0d3c05bb5490d3492d4724a3b8e4caab026,0,0,0,0,0,0,0,0,0,0,0,0,0,0,20,3,0,0,0,0,0,0,0,0,0,1,100,NoArch
8f0af3c5de9a3ad958a827f37960f82df4df6876,1,1,0,1,0,0,0,2,2,447,1,1,0,133,21,4,10,10,0,564,553,11,2,2,0,1,100,NoArch
848014c3e17939018a7ad2529002047109120505,1,3,2,1,0,0,0,4,12,33,1,1,0,177,22,5,23,23,0,1147,1132,15,10,10,0,1,100,NoArch
e55f9b64e51ba222defe8a0e69e8923bf27974a2,3,199,84,115,1,1,2,1,23,774,1,2,1.490775844,485,23,0,76,69,7,3425,2914,511,31,30,1,1,99.80372915,NoArch
ca8be904e67cb4f9ed706a51929b8cf372e89272,0,0,0,0,0,0,0,0,0,0,0,0,0,0,179,0,0,0,0,0,0,0,0,0,0,1,100,NoArch
7f29db1d07b47e5015455519403585cccb0b8a67,1,6,2,4,0,0,0,5,13,1221,1,1,0,227,24,0,42,41,1,1302,1284,18,22,22,0,1,100,NoArch
f10381127eff805c83d5d7cdd1073bb3994730a1,3,578,79,499,1,0,1,1,18,438,1,2,1.476634786,323,52,0,81,32,49,3350,1676,1674,28,14,14,1,99.90196078,NoArch
845b73ab2773037a793302b45ba263b7c69506a5,1,27,15,12,0,0,0,6,18,216,1,1,0,646,180,0,111,108,3,4336,4222,114,11,11,0,1,100,NoArch
9eccbdf94af0968d6bdcb891811ce96bbe890190,1,117,48,69,0,0,0,5,26,204,1,1,0,456,181,1,95,85,10,4144,3413,731,29,28,1,0,100,NoArch
264246cd5346e299c9fb07b1486bfc06707b9278,1,16,6,10,0,0,0,3,13,205,1,1,0,949,182,2,161,159,2,5367,5337,30,45,45,0,1,100,NoArch
d074e30acca243304743d31a83d7a162a5a3390b,2,37,4,33,0,0,0,1,41,681,1,2,0.996134484,738,183,3,110,106,4,4780,4554,226,31,30,1,1,100,NoArch
251a2b45818456f073d67b367f52f50ef738b034,13,86,56,30,1,0,1,2,53,477,1,6,2.96366595,4542,234,0,733,737,4,27720,27567,153,187,185,2,1,90.12833169,Arch
dbe5f46cb4f6fcbcd426e1e3d5f97af14e28a0c9,0,0,0,0,0,0,0,0,0,0,0,0,0,0,25,0,0,0,0,0,0,0,0,0,0,1,100,NoArch
8cc3bbb9fb021d6cde0a28c851dabfc9ef743f56,0,0,0,0,0,0,0,0,0,0,0,0,0,0,26,1,0,0,0,0,0,0,0,0,0,1,100,NoArch
dd5413394c0e841bfabe41ce18ef8fdff78a8328,3,43,40,3,0,0,0,3,14,650,1,2,1.175842072,775,184,0,113,112,1,4192,4122,70,49,49,0,1,100,NoArch
9b68fcfcbfe6623637cfbc17fd24197adad99ddf,1,2,1,1,0,0,0,5,24,195,1,1,0,456,27,2,70,70,0,2791,2779,12,29,29,0,1,100,NoArch
931161b01682eb43d992cd74177ef8b39ffe5d30,0,0,0,0,0,0,0,0,0,0,0,0,0,0,28,3,0,0,0,0,0,0,0,0,0,1,100,NoArch
fb34dadcf12679e56339257d6b5c584c227725ad,6,237,90,147,1,0,1,6,22,288,1,6,1.640497108,1434,19,0,170,161,9,6612,6417,195,53,47,6,1,99.60297767,NoArch
760edfb88fe6b8c3e10ccdacb00cb65f3f73d55a,1,49,42,7,0,0,0,6,42,80,1,1,0,588,29,2,87,88,1,3561,3567,6,26,26,0,1,100,NoArch
ff275f33a78667f4d300ef1b0f9e3f51bd481f8a,3,5,5,0,0,0,0,3,23,643,1,3,1.521928095,378,30,3,31,31,0,1867,1867,0,12,12,0,1,100,NoArch
083b25cdbe4139341fe55037e5b6ad4718f93e91,1,5,2,3,0,0,0,3,3,1378,1,1,0,177,31,4,29,29,0,1169,1123,46,8,8,0,1,100,NoArch
1add0135722361358e4827e4166f3770dc4df3ac,1,1,1,0,0,0,0,2,2,123,1,1,0,192,32,5,12,12,0,609,609,0,12,12,0,1,100,NoArch
20efa46b66005d84bf007cd1731f46e331dbabd6,1,4,0,4,0,0,0,5,19,1388,1,1,0,327,33,6,58,56,2,2069,2039,30,8,8,0,1,100,NoArch
725d97e86c255053cf36e4f2443a8823118e095d,0,0,0,0,0,0,0,0,0,0,0,0,0,0,53,0,0,0,0,0,0,0,0,0,0,1,100,NoArch
9b3148da4010b5a6f122c6c551c30f5639ebd27e,1,6,1,5,0,0,0,5,14,242,1,1,0,231,185,0,43,42,1,1338,1302,36,22,22,0,1,100,NoArch
01c312efc33dd22610659853a2caa6ccd524bf4e,2,23,6,17,0,0,0,6,43,92,1,1,0.362051252,738,186,1,104,104,0,4545,4524,21,28,28,0,1,100,NoArch
b7e12d7699072ba7307b30d9cef6c22acd030ee9,1,12,3,9,0,0,0,5,25,0,1,1,0,143,187,2,18,17,1,993,959,34,2,2,0,1,100,NoArch
0b3e562d3ec60563c487a0789679baf420257b0c,1,3,1,2,0,0,0,5,20,76,1,1,0,331,188,3,59,58,1,2080,2069,11,8,8,0,1,100,NoArch
17f3fd726b785ce080193e86959c4b6e39f9b75a,1,2,2,0,0,0,0,3,7,1465,1,1,0,145,189,4,15,15,0,554,554,0,9,9,0,1,100,NoArch
258e9281e5f9e8ce3a929e60f865393316d83cf4,0,0,0,0,0,0,0,0,0,0,0,0,0,0,190,5,0,0,0,0,0,0,0,0,0,0,100,NoArch
7a67a8a5ea5656e51cd08561a78d48ca8346ce40,3,32,17,15,0,0,0,5,54,245,1,2,0.774517861,1792,191,6,297,291,6,10328,10239,89,69,69,0,1,100,NoArch
43386a43ca9c460ca863c3470443cb71e188c663,7,36,20,16,0,0,0,4,55,415,1,2,2.165567442,2318,192,7,359,358,1,11724,11671,53,80,79,1,1,100,NoArch
7189e940e8c05ed2f56813146f573001a3899f82,0,0,0,0,0,0,0,0,0,0,0,0,0,0,193,8,0,0,0,0,0,0,0,0,0,1,100,NoArch
677ed6d1d9001e2a241314b401631d48cbeca6aa,1,2,2,0,0,0,0,5,26,9,1,1,0,152,194,9,18,18,0,993,993,0,2,2,0,1,100,NoArch
4ab867ba72c9feec8825f0f43af8e1b3b3dcf317,0,0,0,0,0,0,0,0,0,0,0,0,0,0,195,10,0,0,0,0,0,0,0,0,0,0,100,NoArch
ef14edda93c1eacbb0a2985c2c79eb8f09d15a5d,17,197,203,6,0,0,0,2,56,391,1,7,3.829127382,4606,196,11,630,626,4,26287,25829,458,217,215,2,1,100,NoArch
59695c9d079e8b9c2151c17a4bd6b906ca5f8599,2,26,1,25,0,0,0,2,5,1299,1,2,0.99107606,297,197,12,24,24,0,1114,1017,97,10,10,0,1,100,NoArch
672177f48ed0897387ed12eb5ba720e1220c7c8a,0,0,0,0,0,0,0,0,0,0,0,0,0,0,34,0,0,0,0,0,0,0,0,0,0,1,100,NoArch
f6d9f82436366e17246e2bfa145d758e0d49a7ea,1,3,3,0,0,0,0,5,17,69,1,1,0,969,7,0,165,165,0,5440,5431,9,45,45,0,0,100,NoArch
5ecabe588ba3cab75ebee6f2bd930d9ec0b65db2,1,3,3,0,0,0,0,5,13,1023,1,1,0,571,8,1,95,95,0,2681,2681,0,24,24,0,0,100,NoArch
636115ff1ddd02e95ce01dcb7742e2e5231b88a3,4,27,0,27,0,0,0,5,57,171,1,3,1.846393983,1766,54,0,283,280,3,9920,9803,117,72,72,0,1,100,NoArch
d3d753677a5389aca236887a8b82e8ebbec33de0,1,8,0,8,0,0,0,5,15,697,1,1,0,428,9,2,90,90,0,2576,2576,0,34,34,0,0,100,NoArch
72556a46d28054b65410240f8c8f2ac77dc497db,0,0,0,0,0,0,0,0,0,0,0,0,0,0,10,0,0,0,0,0,0,0,0,0,0,0,100,NoArch
18c707e302cc6875eb8620ab05d3ba47f229c7cb,1,11,2,9,0,0,0,1,2,338,1,1,0,212,20,0,25,24,1,613,557,56,6,6,0,1,99.95049505,NoArch
19d60aeece513faaa886eae3e14029c821c685e0,1,1,1,0,0,0,0,6,28,274,1,1,0,520,198,0,80,79,1,2771,2765,6,35,35,0,0,100,NoArch
ff5c58276b5d395bef9260f559e213034cd70678,41,345,276,69,0,0,0,2,58,613,1,14,4.743092509,11512,199,0,1613,1613,0,67325,66441,884,488,488,0,1,100,NoArch
0c1dbf9d365c5ecf918d01432d2c53f73b3a2e16,2,154,0,154,1,0,1,1,11,228,1,2,0.32122717,328,200,0,65,48,17,2628,1663,965,35,30,5,1,99.80227385,NoArch
e2875cbd6341f0b066661f7ca83834da366df242,1,5,4,1,0,0,0,5,8,853,1,1,0,707,201,1,110,110,0,3248,3222,26,75,75,0,1,100,NoArch
3ffaa8fb0a6716ba569e2ee1b658e0efb2e6be53,0,0,0,0,0,0,0,0,0,0,0,0,0,0,202,2,0,0,0,0,0,0,0,0,0,1,100,NoArch
acf73dc6366a5dabe3bfb5be3173395e54d236b3,1,1,1,0,0,0,0,6,38,182,1,1,0,347,55,0,49,49,0,2099,2099,0,14,14,0,1,100,NoArch
88ed2067b532517e1a6e88c417c41a2d8ee9c564,0,0,0,0,0,0,0,0,0,0,0,0,0,0,56,1,0,0,0,0,0,0,0,0,0,1,100,NoArch
db83035b2448e5869b54821efaea3d907efa3804,5,170,4,166,1,0,1,5,23,996,1,4,0.964711152,1613,203,0,259,239,20,8410,7698,712,57,52,5,1,94.71057884,Arch
f789eab53b6d5eabd885b032a47c6d9863fb7831,2,8,14,6,0,0,0,5,59,188,1,1,1,1558,57,2,262,264,2,8786,8800,14,63,63,0,1,100,NoArch
75b90a275dc7f98f6d6633abfa74cdd1683ec62a,0,0,0,0,0,0,0,0,0,0,0,0,0,0,58,3,0,0,0,0,0,0,0,0,0,1,100,NoArch
8625a2b49cd5234e5d0cfd93a1cc890627b120e0,1,25,18,7,0,0,0,6,21,193,1,1,0,663,59,4,109,109,0,4439,4420,19,11,11,0,1,100,NoArch
bf2d8c79d2edf3a51d68b92d107053c1357e6b88,0,0,0,0,0,0,0,0,0,0,0,0,0,0,21,0,0,0,0,0,0,0,0,0,0,1,100,NoArch
ea187218f8973e5b6cc7be07d1c30581fb10770b,1,4,1,3,0,0,0,3,3,2069,1,1,0,91,60,5,8,8,0,288,261,27,8,8,0,1,100,NoArch
efb617d66b59177d29166b81c822e1191b7fcf92,1,4,1,3,0,0,0,6,39,35,1,1,0,347,61,6,50,49,1,2116,2099,17,14,14,0,1,100,NoArch
92c62720e1628d88e15a017490b4dfb9ae3a095d,2,27,9,18,0,0,0,4,30,400,1,1,0.581321499,760,35,0,123,123,0,4126,4001,125,62,63,1,1,100,NoArch
6fd822ac62705244a64ea1b1d79fb317484dcad7,4,17,15,2,0,0,0,6,60,257,1,2,1.600317587,2852,36,1,486,486,0,18154,18127,27,91,91,0,1,100,NoArch
f6b4d90933ce32942353c08cf878cdeebc48bba8,1,184,0,184,1,0,1,1,1,0,1,1,0,0,37,2,13,0,13,891,0,891,6,0,6,1,99.74811083,NoArch
7aa6ae3bb1c6b4abe1873a9d6e81242347a7bc38,0,0,0,0,0,0,0,0,0,0,0,0,0,0,38,3,0,0,0,0,0,0,0,0,0,1,100,NoArch
16b29831449897b26fd2b80f1a6421e2e485c8f5,1,182,0,182,1,0,1,1,1,0,1,1,0,0,39,4,14,0,14,1064,0,1064,6,0,6,1,99.89949749,NoArch
7d0a6c697f45193144a88df5b60cb1edd2424379,1,94,0,94,1,0,1,1,1,0,1,1,0,0,40,5,10,0,10,436,0,436,9,0,9,1,90.49462366,Arch
a753e0b7acc0f98acea58e57982fe7c92e12d718,1,36,0,36,0,0,0,2,3,1176,1,1,0,213,41,6,30,25,5,793,691,102,12,10,2,1,100,NoArch
80f77888b58c6e581ae07e488305a3d016a42bcc,16,3903,62,3841,13,0,13,2,10,163,1,6,3.515404261,560,42,7,452,62,390,22144,2727,19417,201,25,176,1,93.37623013,Arch
574b180befe309ca7d2370cf429d3bba88c77105,1,6,3,3,0,0,0,4,8,408,1,1,0,200,43,8,22,22,0,1606,1585,21,10,10,0,1,100,NoArch
dd0563795271449ab2e65080f8edbf48d1f89d7c,13,2586,0,2586,13,0,13,1,1,0,1,4,3.018066024,0,44,9,295,0,295,13959,0,13959,110,0,110,1,97.86504003,Arch
a00a4633b488b4e84c63a5085f8cc49df3fb44b4,0,0,0,0,0,0,0,0,0,0,0,0,0,0,45,10,0,0,0,0,0,0,0,0,0,1,100,NoArch
eeb99544daf90942e551e1a75493a822a07d8453,0,0,0,0,0,0,0,0,0,0,0,0,0,0,46,11,0,0,0,0,0,0,0,0,0,1,100,NoArch
3cc319ac07640b8836ee9725a2341415933dd727,0,0,0,0,0,0,0,0,0,0,0,0,0,0,47,12,0,0,0,0,0,0,0,0,0,1,100,NoArch
2c4b01b74b0275169b42384fa32594543fb5082f,2,217,0,217,2,0,2,1,1,0,1,2,0.699248942,0,48,0,26,0,26,963,0,963,8,0,8,1,99.54285714,NoArch
e9457e66844229f10493e0d5a8fbf15a3c346e00,0,0,0,0,0,0,0,0,0,0,0,0,0,0,49,1,0,0,0,0,0,0,0,0,0,1,100,NoArch
60a0fe0d0442205b41c7b58059b3540486884e9b,7,949,0,949,7,0,7,1,1,0,1,3,2.607549768,0,50,2,130,0,130,4990,0,4990,54,0,54,1,99.20844327,NoArch
f77ca03400f0630f4757f859e321a7e4d5c52831,0,0,0,0,0,0,0,0,0,0,0,0,0,0,11,0,0,0,0,0,0,0,0,0,0,0,100,NoArch
2d37cab499c6943fae05a969fd1438de26dc579c,0,0,0,0,0,0,0,0,0,0,0,0,0,0,235,0,0,0,0,0,0,0,0,0,0,0,100,NoArch
3be9e6d9c4fe5a8fe5b988146fcf99212952980f,0,0,0,0,0,0,0,0,0,0,0,0,0,0,236,1,0,0,0,0,0,0,0,0,0,0,100,NoArch
2e44f181dfe4ba0ee6f02825a0bfb438eb3192e8,0,0,0,0,0,0,0,0,0,0,0,0,0,0,62,0,0,0,0,0,0,0,0,0,0,0,100,NoArch
21acba4c11659490ce4f957bb298a4aa208a88f0,61,2594,1216,1378,18,0,18,2,40,1024,1,26,4.62177767,8424,63,1,1265,1085,180,51219,43119,8100,500,434,66,1,90.7550077,Arch
f8a928c6033d56195f1e0cee4179a17d9136145c,0,0,0,0,0,0,0,0,0,0,0,0,0,0,64,2,0,0,0,0,0,0,0,0,0,1,100,NoArch
6b47f785ee752aba1debd7eb70c97adf0b95d79e,1,10,7,3,0,0,0,2,4,903,1,1,0,160,65,3,19,19,0,775,764,11,3,3,0,1,100,NoArch
69ff5fceb9730089983334ff6e1da8fbc9b98c9f,2,2,144,142,0,1,1,3,3,262,1,2,0.104419078,233,66,4,8,14,6,623,1264,641,5,7,2,1,99.92044551,NoArch
7e9a2d535805d59f5ad529b1f9e94d4468bd1546,1,16,1,15,0,0,0,7,46,528,1,1,0,611,12,1,91,87,4,3846,3733,113,26,26,0,1,100,NoArch
0b8915210f7c9e6a3065086b57f6b08796804def,0,0,0,0,0,0,0,0,0,0,0,0,0,0,13,2,0,0,0,0,0,0,0,0,0,0,100,NoArch
edf49a8be85c14346e2b0a89c373b1091fb061b6,0,0,0,0,0,0,0,0,0,0,0,0,0,0,67,5,0,0,0,0,0,0,0,0,0,1,100,NoArch
478c83bdbb1b783a81b8136acda3b59606090f59,3,45,42,3,0,0,0,6,8,2403,1,2,0.626249948,397,68,6,39,39,0,2100,2059,41,20,20,0,1,100,NoArch
de1ea50abc0e0e011f48bfa49b3cb5e3b5ab8be0,6,49,247,198,0,1,1,5,16,701,1,3,1.014063714,1788,69,7,232,250,18,9179,10535,1356,85,91,6,1,97.82251438,Arch
cfd406b94ef0cf6b12e5c4413c1f7876d2e96d29,1,2,1,1,0,0,0,4,4,2404,1,1,0,38,70,8,2,2,0,134,104,30,1,1,0,1,100,NoArch
f4778c17c8282abaf0c958e3d01b6048b34bfda6,0,0,0,0,0,0,0,0,0,0,0,0,0,0,71,9,0,0,0,0,0,0,0,0,0,1,100,NoArch
5387fd042ab32ebb7cfbcc5b7d079ec8286495ee,0,0,0,0,0,0,0,0,0,0,0,0,0,0,72,5,0,0,0,0,0,0,0,0,0,1,100,NoArch
0ed6d64675ff06feeb580a42404614116d2c9916,1,207,0,207,1,0,1,1,1,0,1,1,0,0,73,6,23,0,23,1204,0,1204,8,0,8,1,99.91518236,NoArch
57102c50a460cabd300b320f6e8c2cd4f2327cfe,1,1,1,0,0,0,0,5,7,20,1,1,0,108,74,7,19,19,0,430,430,0,9,9,0,1,100,NoArch
29df588d388702394edd07807d9f26e40628b209,1,1,0,1,0,0,0,1,2,51,1,1,0,67,75,8,10,10,0,409,398,11,4,4,0,1,100,NoArch
9f2bd349dafde41d3d39840454433e6c2300f876,1,115,0,115,1,0,1,1,1,0,1,1,0,0,204,0,14,0,14,562,0,562,4,0,4,1,99.91546915,NoArch
cfc850d1e213a80583229abcdcf87d7ae2753b16,0,0,0,0,0,0,0,0,0,0,0,0,0,0,205,1,0,0,0,0,0,0,0,0,0,1,100,NoArch
d22073f277d5b70a911917ae3714368368e3d5d6,2,11,9,2,0,0,0,5,15,1822,1,2,0.934068055,260,206,2,21,21,0,1247,1246,1,8,8,0,1,100,NoArch
7400e1761de61d54b7398b63b948cab8e9186c01,1,3,2,1,0,0,0,3,6,2451,1,1,0,86,207,3,7,7,0,289,278,11,6,6,0,1,100,NoArch
a2ba8e229c11792afaabaf7c5dfd511142562ebc,1,13,5,8,0,0,0,4,16,61,1,1,0,177,76,1,21,18,3,1105,1005,100,9,9,0,2,100,NoArch
81d300365c69e6f11732aedf118f733d2d4a53e1,0,0,0,0,0,0,0,0,0,0,0,0,0,0,237,0,0,0,0,0,0,0,0,0,0,0,100,NoArch
1f8f06523c37b939a6669539f867dfffa6af769a,0,0,0,0,0,0,0,0,0,0,0,0,0,0,238,1,0,0,0,0,0,0,0,0,0,0,100,NoArch
55a38c3e14fa5b605c141b3a38a07ac127a19feb,2,75,22,53,1,0,1,1,24,54,1,2,0.943365658,307,239,2,26,21,5,1353,1259,94,13,10,3,1,99.83157895,NoArch
8963a1787186a61fcf5a2a41233f02cd71d9ab6e,0,0,0,0,0,0,0,0,0,0,0,0,0,0,240,3,0,0,0,0,0,0,0,0,0,1,100,NoArch
e30c6ca1ffc56680741714228e29dcb7bb2cb4c3,54,773,11,762,0,0,0,2,32,283,1,12,5.657977446,10733,241,4,1337,1337,0,59603,59609,6,481,481,0,1,100,NoArch
524f300d71e5812f0649aa7905efe0eee39462cf,9,144,0,144,0,0,0,2,4,489,1,8,3.169925001,1003,242,5,130,130,0,5244,5244,0,46,46,0,1,100,NoArch
624c649869693ce95b31dc3fbd2fdf82c4f990ad,0,0,0,0,0,0,0,0,0,0,0,0,0,0,243,6,0,0,0,0,0,0,0,0,0,1,100,NoArch
8d7c9dc134d3cd7029d2ff8ba03a46718d31adb8,4,30,18,12,0,0,0,5,12,3232,1,3,1.06556624,616,244,7,82,79,3,2476,2359,117,13,11,2,1,100,NoArch
910a0b814abf4a5a22a4a4b240dcbdd600470cf5,1,56,2,54,0,0,0,3,10,2487,1,1,0,185,245,8,36,28,8,1497,1107,390,13,12,1,1,100,NoArch
4de08e67a204e99513e6158510921b99c5f155ff,58,0,7433,7433,0,58,58,1,16,2396,1,20,5.295273972,7433,246,9,0,688,688,0,28603,28603,0,315,315,0,91.99084668,Arch
186c716be986e09d87b2c4d822fc961f74b81e1b,2,44,13,31,0,0,0,1,25,4,1,2,0.994442325,360,247,10,28,26,2,1658,1353,305,15,13,2,1,99.84932195,NoArch
f6453510b1068a9dcf0c3a298fb4298e8ef53110,1,18,15,3,0,0,0,7,23,125,1,1,0,431,248,11,63,62,1,2227,2192,35,28,28,0,1,100,NoArch
79cce738b58b5f0360abf409ed483bb0e69f1d5f,1,19,1,18,0,0,0,6,22,251,1,1,0,980,249,12,169,165,4,5619,5518,101,45,45,0,1,100,NoArch
3a788815dc1b232afaa44644bfbdb97ef43d068b,3,57,20,37,0,0,0,6,23,531,1,3,1.506131603,1740,250,13,280,275,5,9401,9231,170,75,73,2,1,100,NoArch
e7aee8b3123e3a57801eac5d91cc92f50d3c3c91,2,13,3,10,0,0,0,5,26,376,1,1,0.811278124,707,251,14,147,145,2,4231,4187,44,39,38,1,1,100,NoArch
234c2647081aefe8d48403d112026cec44766ba2,0,0,0,0,0,0,0,0,0,0,0,0,0,0,252,13,0,0,0,0,0,0,0,0,0,1,100,NoArch
dd4f990e1fbc603e40a6050ecfbb9948d2b2e11d,0,0,0,0,0,0,0,0,0,0,0,0,0,0,208,0,0,0,0,0,0,0,0,0,0,1,100,NoArch
ad1883440edc4c128f3724f8bd52b633e43308ba,1,4,0,4,0,0,0,5,20,482,1,1,0,425,209,1,42,42,0,1824,1813,11,10,10,0,1,100,NoArch
c8a5ee69b5b7248aad6c776d7eee236b47e41329,0,0,0,0,0,0,0,0,0,0,0,0,0,0,210,2,0,0,0,0,0,0,0,0,0,0,100,NoArch
c487bf73ffd8974a756579d670a8060d80625e2e,0,0,0,0,0,0,0,0,0,0,0,0,0,0,253,14,0,0,0,0,0,0,0,0,0,1,100,NoArch
fc37cf3733d24f54cef02338fc7e143bccfa37bf,4,606,1174,568,0,1,1,6,61,111,1,3,1.029096539,1957,254,15,210,307,97,7897,11135,3238,53,71,18,1,92.27895392,Arch
e9ffa7f9d437f9f3c5cf8dc89b380dd9772391bf,1,4,0,4,0,0,0,3,3,42,1,1,0,55,211,3,4,4,0,244,235,9,1,1,0,1,93.27698809,Arch
9ab5c1a5ccf03b461afbda220cc864cb94f7ce2a,0,0,0,0,0,0,0,0,0,0,0,0,0,0,255,7,0,0,0,0,0,0,0,0,0,0,100,NoArch
913d19abba72a36124f89ef8394d6f733b9ccf39,0,0,0,0,0,0,0,0,0,0,0,0,0,0,256,8,0,0,0,0,0,0,0,0,0,0,100,NoArch
6bee302e4b61012a75eb4815786782c89f27a1a1,2,380,0,380,1,0,1,1,3,29,1,1,0.175565026,26,77,0,40,0,40,1916,44,1872,26,0,26,1,97.79411765,Arch
46a192a4b5a4394558f5333c35884f9cc0b4efed,2,6,1,5,0,0,0,1,5,2428,1,2,0.591672779,206,257,7,12,11,1,962,923,39,4,4,0,1,100,NoArch
797e70361364ec51825c16d6bdf844fc5f1fc834,0,0,0,0,0,0,0,0,0,0,0,0,0,0,258,8,0,0,0,0,0,0,0,0,0,0,100,NoArch
4e31a10f999e0cd35749415d8d14bf209d79addf,0,0,0,0,0,0,0,0,0,0,0,0,0,0,259,4,0,0,0,0,0,0,0,0,0,1,100,NoArch
8979a442d68415e0b0aa2d61c54561167dbc5612,0,0,0,0,0,0,0,0,0,0,0,0,0,0,260,5,0,0,0,0,0,0,0,0,0,0,100,NoArch
85420321b7def8b711e3fe5b734650b36e19f613,0,0,0,0,0,0,0,0,0,0,0,0,0,0,261,6,0,0,0,0,0,0,0,0,0,1,100,NoArch
3551b4e67d98f3d12b62247ab0b7dc8b924a22cd,0,0,0,0,0,0,0,0,0,0,0,0,0,0,262,7,0,0,0,0,0,0,0,0,0,0,100,NoArch
40220140cc728552cbe82de3372d57eb8446abeb,0,0,0,0,0,0,0,0,0,0,0,0,0,0,263,8,0,0,0,0,0,0,0,0,0,0,100,NoArch
2eae45991b0747cccdad164d2473d361f31b72d3,0,0,0,0,0,0,0,0,0,0,0,0,0,0,264,9,0,0,0,0,0,0,0,0,0,0,100,NoArch
22a24ab776e5ad901e11a5c622b77cffe5d29606,0,0,0,0,0,0,0,0,0,0,0,0,0,0,265,10,0,0,0,0,0,0,0,0,0,0,100,NoArch
a194c418c362412b46f4d8a8904079fcfeac2252,0,0,0,0,0,0,0,0,0,0,0,0,0,0,266,11,0,0,0,0,0,0,0,0,0,0,100,NoArch
8cc00b481af03601459b2b296065fa3ad5018a41,0,0,0,0,0,0,0,0,0,0,0,0,0,0,267,12,0,0,0,0,0,0,0,0,0,1,100,NoArch
371869b47a5740fc3bf7860817e90dbe85093eec,0,0,0,0,0,0,0,0,0,0,0,0,0,0,268,13,0,0,0,0,0,0,0,0,0,1,100,NoArch
9153a3742d58e929fdfe1563d4649b2871e67d3f,0,0,0,0,0,0,0,0,0,0,0,0,0,0,269,14,0,0,0,0,0,0,0,0,0,0,100,NoArch
b1ca8a85ba3e0c121cbd91922bc524010d764495,0,0,0,0,0,0,0,0,0,0,0,0,0,0,270,15,0,0,0,0,0,0,0,0,0,1,100,NoArch
4a72e78ca6a058b3a0cd78e5d5b51dd0701b63e2,0,0,0,0,0,0,0,0,0,0,0,0,0,0,271,14,0,0,0,0,0,0,0,0,0,1,100,NoArch
022eeba07ff90a422d8b76fa621eebf852924e47,0,0,0,0,0,0,0,0,0,0,0,0,0,0,272,15,0,0,0,0,0,0,0,0,0,0,100,NoArch
6817388489d57e5912a209a383fa18e84dabd8f8,0,0,0,0,0,0,0,0,0,0,0,0,0,0,273,16,0,0,0,0,0,0,0,0,0,0,100,NoArch
4dd40032ae99fa8c0c36958064a66eae5c2f0606,0,0,0,0,0,0,0,0,0,0,0,0,0,0,274,15,0,0,0,0,0,0,0,0,0,0,100,NoArch
4f62826994129225e6f8999763677c0e4e29d67e,0,0,0,0,0,0,0,0,0,0,0,0,0,0,0,0,0,0,0,0,0,0,0,0,0,0,100,NoArch
1742e5a8eee6e30faad250c29be4f1ae138e741c,351,14422,22013,7591,72,97,169,2,46,194,2,122,7.524487669,54774,0,0,6173,6906,733,223662,269342,45680,2138,2401,263,0,81.49680331,Arch
506ad9c6318cddecff9c19216a6ac2b31d542361,0,0,0,0,0,0,0,0,0,0,0,0,0,0,48,16,0,0,0,0,0,0,0,0,0,0,100,NoArch
01e97d75ba0bde7ced4b9ef734ecfa032f412b3f,1,10,3,7,0,0,0,4,4,305,1,1,0,312,49,17,57,54,3,2141,2090,51,9,9,0,1,100,NoArch
db5947b96bd390a182b503f7b76d9fb9d0ec5d0b,0,0,0,0,0,0,0,0,0,0,0,0,0,0,50,18,0,0,0,0,0,0,0,0,0,1,100,NoArch
64b20b912df14fed5954614ed73d08fe922c8828,1,3,10,7,0,0,0,3,3,1182,1,1,0,319,27,0,54,57,3,2090,2141,51,9,9,0,1,100,NoArch
8392ef63df8f2a038169e0f645a3d482294e0202,1,1,2,1,0,0,0,4,5,1577,1,1,0,39,245,0,2,2,0,104,134,30,1,1,0,1,100,NoArch
920c5506257b4be0f9b8591e55ded5508252a515,1,10,3,7,0,0,0,4,4,305,1,1,0,312,245,0,57,54,3,2141,2090,51,9,9,0,0,100,NoArch
cc2ace2f540f23303f9c115e48dab973f0e479dd,40,16,5786,5770,0,32,32,6,24,3142,1,18,4.75478267,6256,28,1,61,667,606,2997,24840,21843,15,187,172,1,90.43478261,Arch
be790fc5bae157e79058df782f249b22d8dbdccd,0,0,0,0,0,0,0,0,0,0,0,0,0,0,246,1,0,0,0,0,0,0,0,0,0,1,100,NoArch
1b4ed9dc73b97ebc4d28395c53834fed8bbf33f4,143,123,19827,19704,1,122,123,1,41,1723,1,49,6.497697465,22105,247,2,242,2798,2556,11072,107431,96359,114,1071,957,1,81.24014714,Arch
3bf7de69a6abfb5e7c8e25b2aaa13414d68257a1,23,255,81,174,1,0,1,2,71,1057,1,9,4.267148488,8259,49,16,1029,1029,0,47136,45381,1755,352,351,1,1,95.52033081,Arch
fd7758bdb963f08a7f184bb2981e5a02e1c91ef6,182,25673,136,25537,161,1,162,1,41,1143,1,66,6.870689521,2572,51,18,3409,249,3160,130953,12037,118916,1249,120,1129,1,76.79683079,Arch
9b699860a915e3142798445b31067891dfdd4488,182,136,25673,25537,1,161,162,1,41,1981,1,66,6.870689521,28109,248,3,249,3409,3160,12037,130953,118916,120,1249,1129,0,76.79683079,Arch
c13525909614ea3d5d8c7a703b3361f6bbbaffab,2,160,166,6,0,0,0,7,10,1622,1,2,0.149629663,982,29,2,115,115,0,4181,4224,43,54,54,0,1,100,NoArch
d8074ebc0c105774f5277964e101d8f40cbbe468,0,0,0,0,0,0,0,0,0,0,0,0,0,0,30,3,0,0,0,0,0,0,0,0,0,1,100,NoArch
c3637695b52705ba62501cd275d38074446525d1,0,0,0,0,0,0,0,0,0,0,0,0,0,0,31,4,0,0,0,0,0,0,0,0,0,1,100,NoArch
d92d7317384076837d48fb5a8148a1ace1526260,0,0,0,0,0,0,0,0,0,0,0,0,0,0,249,4,0,0,0,0,0,0,0,0,0,1,100,NoArch
8ae4941bafe7ac8152e42cff91e7f7019a34a18f,0,0,0,0,0,0,0,0,0,0,0,0,0,0,32,5,0,0,0,0,0,0,0,0,0,1,100,NoArch
8707be945416f81e55bd879053de014b308ac234,0,0,0,0,0,0,0,0,0,0,0,0,0,0,250,5,0,0,0,0,0,0,0,0,0,1,100,NoArch
f39c9d58eca99ff5b9b9c0fc2e4da8594a9f6463,0,0,0,0,0,0,0,0,0,0,0,0,0,0,251,6,0,0,0,0,0,0,0,0,0,0,100,NoArch
48cf56616d70ec4f1bcd8a9af6e60357a95bf0ee,0,0,0,0,0,0,0,0,0,0,0,0,0,0,33,6,0,0,0,0,0,0,0,0,0,1,100,NoArch
71a41c6d2a28819222cf217789ad6e11375ba35c,0,0,0,0,0,0,0,0,0,0,0,0,0,0,34,7,0,0,0,0,0,0,0,0,0,1,100,NoArch
783f857cf4c64a10dfa511e3f0b61b9fc122076a,0,0,0,0,0,0,0,0,0,0,0,0,0,0,35,8,0,0,0,0,0,0,0,0,0,1,100,NoArch
89986ead459e95e8aadac55952115ea3d976ed88,184,25847,298,25549,161,1,162,1,41,1146,1,67,6.885707799,3548,27,0,3525,364,3161,135217,16218,118999,1304,174,1130,1,76.79683079,Arch
6e7b5eaef543fc5c591af97eab159497619953c9,184,296,25839,25543,1,161,162,1,41,1991,1,67,6.883631815,29097,36,9,365,3525,3160,16258,135217,118959,175,1304,1129,1,76.79683079,Arch
3d5f0cde474c91edb444eeba7d465940ccb1619c,0,0,0,0,0,0,0,0,0,0,0,0,0,0,37,10,0,0,0,0,0,0,0,0,0,1,100,NoArch
7d79b14955ed4364e8ef19e482982b78088f783a,0,0,0,0,0,0,0,0,0,0,0,0,0,0,38,10,0,0,0,0,0,0,0,0,0,1,100,NoArch
8e611de9dacf10a70de381ad353f45a4f70c5c55,0,0,0,0,0,0,0,0,0,0,0,0,0,0,39,11,0,0,0,0,0,0,0,0,0,0,100,NoArch
e0a017f1d6f78529799142280ef04fc2d6992e5e,6,121,91,30,0,0,0,5,35,1661,1,5,2.100457063,1210,252,7,139,132,7,5941,5703,238,51,44,7,1,100,NoArch
5e690a608d3a70f3b05e8d2ffd934f54a5c45ea9,0,0,0,0,0,0,0,0,0,0,0,0,0,0,40,12,0,0,0,0,0,0,0,0,0,1,100,NoArch
64f74c971772f08feb1d6f19db7edbe75fa41953,0,0,0,0,0,0,0,0,0,0,0,0,0,0,50,1,0,0,0,0,0,0,0,0,0,1,100,NoArch
7ca12b1f2710d0fbfa65d2814eaf1803dbe307b8,189,25933,420,25513,161,1,162,1,41,1128,1,71,6.9091867,4641,52,1,3638,485,3153,139911,21190,118721,1346,224,1122,1,76.79683079,Arch
5463a41dc4d3e61841a98b5bc142b7b5d22cd6ee,192,421,25931,25510,1,161,162,1,41,1961,1,71,6.910993166,30553,51,2,527,3679,3152,22740,141442,118702,238,1360,1122,1,76.79683079,Arch
10871906f907bfc84b73079de707efef6949229d,189,25933,420,25513,161,1,162,1,41,1128,1,71,6.9091867,4641,53,2,3638,485,3153,139911,21190,118721,1346,224,1122,1,76.79683079,Arch
50e2b3f81b33c097a62246f714d8d6a104aa658e,189,416,25929,25513,1,161,162,1,41,2000,1,71,6.908876443,30154,52,2,485,3638,3153,21190,139911,118721,224,1346,1122,0,76.79683079,Arch
cac66cbbded786d4528be9847233ea30a6149540,3,143,1,142,2,0,2,7,25,88,1,1,1.274901004,676,53,3,122,110,12,5088,4480,608,13,11,2,1,95.12525389,Arch
0777aa58df6b7213e867728caa559851ed66d2d7,189,25933,420,25513,161,1,162,1,41,1128,1,71,6.9091867,4641,54,2,3638,485,3153,139911,21190,118721,1346,224,1122,1,75.92900721,Arch
8c5e258367454af34b0a3adeb07ac862866dc163,2,312,0,312,2,0,2,1,1,0,1,2,0.990374836,0,55,3,40,0,40,1063,0,1063,14,0,14,1,96.7396367,Arch
ca591b8709739259d8e24b7f272a5859ce599077,1,3,3,0,0,0,0,1,2,0,1,1,0,138,56,4,13,13,0,378,378,0,4,4,0,1,100,NoArch
e53ece0350b85e6ef6df2919c9d2234fa20530b4,191,416,26241,25825,1,163,164,1,41,1954,1,73,6.931495385,30466,41,5,485,3678,3193,21190,140974,119784,224,1360,1136,1,76.72786177,Arch
85fe3b8bb8726ec114e76080e2de2ffa149d8eae,191,26239,420,25819,163,1,164,1,41,1127,1,73,6.931886785,4641,54,0,3676,485,3191,140944,21190,119754,1360,224,1136,1,76.72786177,Arch
e60eb6e911cd3712ae04f7d4a197cb3ffbb3186c,199,1249,26235,24986,9,163,172,1,41,1923,1,75,7.000417782,30460,253,0,575,3676,3101,26478,140979,114501,248,1360,1112,1,66.28398792,Arch
97b1d8396183047a6d2a9b1365c6fb1248b59ac1,2,21,10,11,0,0,0,1,2,0,1,2,0.99323382,254,254,1,34,32,2,1976,1847,129,5,5,0,0,99.82078853,NoArch
8c59362a43eb95756c0a97d8bbd57a6348d7457a,1,2,2,0,0,0,0,6,15,3269,1,1,0,139,42,1,16,16,0,498,460,38,3,3,0,1,100,NoArch
7d23d361b1e25738f9edd34fc2ed0fc15901f256,200,26240,1264,24976,163,9,172,0,41,1091,1,76,7.001257233,5624,28,0,3692,594,3098,141442,27239,114203,1363,252,1111,1,66.38503319,Arch
6a0c40419bc498d47a9b52db6c26533d9c0c1f6b,201,1321,26244,24923,10,163,173,1,41,1863,1,76,7.010600983,30600,43,2,600,3692,3092,27414,141477,114063,254,1363,1109,1,66.30500301,Arch
1de50533d5fcef41dde2bc1a8edb2c13874e88dc,200,26240,1264,24976,163,9,172,0,41,1075,1,76,7.001257233,5657,29,1,3697,599,3098,141663,27460,114203,1364,253,1111,1,65.6838143,Arch
9af14ecb5535bea7b5ef8d3f658fe76b4d2da803,1,1,0,1,0,0,0,8,26,1590,1,1,0,325,57,3,23,23,0,1247,1245,2,11,11,0,1,100,NoArch
141d057643e664734faae4839d9457400ddf09f9,200,1260,26236,24976,9,163,172,1,41,1857,1,76,7.000968805,30634,54,2,598,3697,3099,27328,141700,114372,252,1364,1112,1,65.6838143,Arch
e2030edd4b5dbf9c519c25897a6b0b0f4c33932a,1,1,7,6,0,0,0,2,3,12,1,1,0,166,55,3,22,22,0,1332,1398,66,4,4,0,1,89.9917287,Arch
576c15961a95286706f4c7e39912cda4c7efee66,8,0,0,0,0,0,0,1,1,0,1,2,0,838,56,4,92,92,0,5351,5351,0,24,24,0,1,89.09090909,Arch
5590eaa1f8f65dc9dc0418877b36408e9a7f5172,0,0,0,0,0,0,0,0,0,0,0,0,0,0,57,5,0,0,0,0,0,0,0,0,0,1,100,NoArch
1bc6a960c4578ad31024b2aa8b45c97597a0457e,0,0,0,0,0,0,0,0,0,0,0,0,0,0,58,6,0,0,0,0,0,0,0,0,0,1,100,NoArch
bb4f191f36b08a096c2c766a9eeca9acc488328d,200,26240,1258,24982,163,9,172,1,41,1082,1,75,7.001170545,5652,30,2,3697,599,3098,141665,27396,114269,1364,253,1111,1,71.98863636,Arch
6f41716323e00ce88d9897f2b821ea899f1c2d27,196,1302,23868,22566,9,156,165,1,41,1817,1,75,6.963534639,29216,44,3,726,3538,2812,31818,137161,105343,277,1321,1044,1,76.33756205,Arch
0edfbc611c7a8e9e3a5ea66b0112c8f6718e399a,1,96,5,91,0,0,0,2,2,4,1,1,0,160,255,2,34,22,12,2040,1332,708,9,4,5,0,100,NoArch
1b1153ed47caad551fda072e33f87263c8821905,196,23871,1396,22475,156,9,165,1,41,1075,1,75,6.963293392,6741,246,0,3538,739,2799,137126,32660,104466,1321,283,1038,1,76.33756205,Arch
2ac881265fc1ef5fe702c4ed5d3446a8041b7245,6,117,59,58,1,0,1,2,6,712,1,4,1.80439281,853,247,1,142,134,8,5313,5086,227,52,43,9,1,99.9032882,NoArch
fc16e95a72d9c6aec27205b83cc17328bc4c7cca,0,0,0,0,0,0,0,0,0,0,0,0,0,0,58,4,0,0,0,0,0,0,0,0,0,1,100,NoArch
ab915fb2f8944e07a21c8480ed67b0a977ab4be9,193,1294,23830,22536,8,156,164,1,41,1808,1,74,6.946441153,29034,59,7,699,3507,2808,31387,136258,104871,254,1302,1048,1,76.4738292,Arch
2a461083d9093f30c5561cfa5664fc98cb89d7a4,192,23821,1288,22533,156,8,164,1,41,1083,1,74,6.942529205,6242,59,5,3472,665,2807,134705,30012,104693,1291,244,1047,1,76.4738292,Arch
fec778d7c7ca0f2de93720b5d768b3ac4436ff08,192,1284,23817,22533,8,156,164,1,41,1808,1,74,6.942236435,28775,60,8,664,3472,2808,29878,134740,104862,243,1291,1048,0,76.4738292,Arch
a67c6703843853b50b5b8783bd1a8f7059ddd5ca,0,0,0,0,0,0,0,0,0,0,0,0,0,0,61,9,0,0,0,0,0,0,0,0,0,0,100,NoArch
868b4dd60d08cfe711ce70919b92ff02eb1c1dde,192,23821,1288,22533,156,8,164,1,41,1083,1,74,6.942529205,6242,60,6,3472,665,2807,134705,30012,104693,1291,244,1047,0,76.4738292,Arch
f90fa17d4e20b3eb6381eb9abb2ce764199e1658,0,0,0,0,0,0,0,0,0,0,0,0,0,0,61,7,0,0,0,0,0,0,0,0,0,0,100,NoArch
2bd1591e4b039a61325d8d0dc6038cfd0c920e2b,0,0,0,0,0,0,0,0,0,0,0,0,0,0,62,8,0,0,0,0,0,0,0,0,0,0,100,NoArch
242ed9b787d33b15847702e345f47d09b61923b1,2,0,6,6,0,0,0,5,15,1669,1,2,1,263,31,3,30,30,0,1337,1385,48,21,21,0,1,100,NoArch
6a1727ca57d139ffdaf1b1e492752b8a41bc83ec,2,15,12,3,0,0,0,5,8,362,1,2,0.691289869,318,32,0,34,34,0,1484,1464,20,16,16,0,1,100,NoArch
db795268f94783a9b2ebd84b8c05576b991fa041,1,1,0,1,0,0,0,4,11,1662,1,1,0,239,33,1,36,36,0,1512,1497,15,13,13,0,1,100,NoArch
6af78e760626e8aab7a342728fbed6c1c4126a6e,0,0,0,0,0,0,0,0,0,0,0,0,0,0,34,2,0,0,0,0,0,0,0,0,0,1,100,NoArch
7a2fd4eef0f3fa81cb7d2b2645d25c226760c742,2,7,1,6,0,0,0,6,17,3211,1,1,0.954434003,445,61,0,57,56,1,2115,2073,42,15,15,0,1,100,NoArch
550a5eef330a32985dfd58158a116eb7495640e1,0,0,0,0,0,0,0,0,0,0,0,0,0,0,64,1,0,0,0,0,0,0,0,0,0,0,100,NoArch
39a7aaff6b21a83d2494ea90e1bb73a95f09b51b,1,3,1,2,0,0,0,5,18,2174,1,1,0,209,248,0,30,29,1,982,974,8,6,6,0,1,100,NoArch
08b38ce79c6384b6b087202a5d96851c3166487b,197,1303,23840,22537,8,156,164,1,41,1824,1,78,6.951266654,29725,256,0,779,3588,2809,34463,139354,104891,290,1338,1048,1,76.4738292,Arch
4771aae62075996672f8dc5f19c5d276293689f6,197,23872,1307,22565,156,8,164,1,41,1122,1,78,6.953113298,7188,249,1,3592,780,2812,139399,34597,104802,1340,291,1049,1,76.4738292,Arch
1a3b3af9e0b59500f8c1cb8e219c6e5098b05d36,2,15,3,12,0,0,0,9,29,357,1,1,0.852405179,698,62,1,102,100,2,3726,3684,42,44,44,0,1,100,NoArch
7330d3642964a9fa3565c2dfe03ef3f0b306d398,1,6,3,3,0,0,0,8,27,145,1,1,0,326,63,2,24,23,1,1260,1247,13,11,11,0,1,100,NoArch
afc3e91d629d5667a6104bc4264293d4e50cd3d5,1,25,0,25,0,0,0,2,3,1736,1,1,0,66,64,3,7,5,2,581,413,168,5,4,1,1,100,NoArch
5c39b8d4106202f06f7b5782452493f77314ddb8,0,0,0,0,0,0,0,0,0,0,0,0,0,0,68,5,0,0,0,0,0,0,0,0,0,0,100,NoArch
c4acc8e0651afca49eb52149f1ba86f8bd8506d4,198,1326,23906,22580,8,156,164,1,41,1832,1,79,6.959218149,29859,0,0,787,3602,2815,35032,140070,105038,295,1345,1050,1,76.4738292,Arch
9adea98e98b903da5e1dadb4711e0840d9991616,0,0,0,0,0,0,0,0,0,0,0,0,0,0,1,1,0,0,0,0,0,0,0,0,0,1,100,NoArch
14e43b4a71dd38365c343ac81f27608dda63dcf8,1,19,17,2,0,0,0,2,4,0,1,1,0,88,2,2,7,7,0,581,552,29,5,5,0,1,100,NoArch
771df16604443afbbce351e9240a43dd064b841a,1,1,1,0,0,0,0,6,12,428,1,1,0,106,3,0,8,7,1,339,331,8,4,4,0,1,100,NoArch
985ab8f59f1219503f91fff1ef132a00c29cadf9,1,2,1,1,0,0,0,9,29,78,1,1,0,302,4,1,23,23,0,1118,1116,2,10,10,0,1,100,NoArch
cb6e4d045e8d649530700d3c0e44448e735039cf,2,18,1,17,0,0,0,3,6,2934,1,2,0.899743759,322,5,2,24,24,0,1183,1114,69,10,10,0,1,100,NoArch
224c1cffab10227aac7d2f0abc94f245fef1a2fd,1,15,2,13,0,0,0,5,7,512,1,1,0,120,257,0,11,9,2,861,750,111,5,5,0,1,100,NoArch
107508477a6485161eed8ca2d5a3d67a51fa16d0,1,5,5,0,0,0,0,6,19,515,1,1,0,105,258,1,11,11,0,538,522,16,3,3,0,1,100,NoArch
f2fd4152b35f091ff8fa008fbae3bb61bdf0a80c,0,0,0,0,0,0,0,0,0,0,0,0,0,0,45,0,0,0,0,0,0,0,0,0,0,1,100,NoArch
e27288664b9a8ce4c5f005512310e6b63e2b327b,2,0,6,6,0,0,0,5,15,2110,1,2,1,263,46,1,30,30,0,1337,1385,48,21,21,0,1,100,NoArch
dbdd0723ed794c069a39b45bf908128f2b5480ca,2,6,1,5,0,0,0,7,17,3557,1,1,0.863120569,445,47,2,57,56,1,2115,2073,42,15,15,0,1,100,NoArch
f93d5647602163b922be6bd8c2ca7a5aa566188a,2,15,12,3,0,0,0,5,8,657,1,2,0.691289869,312,48,3,33,33,0,1441,1421,20,15,15,0,1,100,NoArch
d0f099b968668e0d1e00535e49ef19991118254b,0,0,0,0,0,0,0,0,0,0,0,0,0,0,49,4,0,0,0,0,0,0,0,0,0,1,100,NoArch
f73648c4efbbd29df93382f3fa76de2a6b45da11,2,312,0,312,2,0,2,1,1,0,1,2,0.990374836,0,50,5,40,0,40,1063,0,1063,14,0,14,1,94.37971213,Arch
8f7c7fffb88b769feef6872ac312926f60378090,1,62,82,20,0,0,0,1,2,0,1,1,0,138,51,6,9,13,4,305,378,73,3,4,1,1,100,NoArch
44f313da9a058d30c9e4e72bc72af00547bbb5aa,0,0,0,0,0,0,0,0,0,0,0,0,0,0,52,7,0,0,0,0,0,0,0,0,0,1,100,NoArch
4412ca47d7c780986c17cc4fcf50c923614f250a,0,0,0,0,0,0,0,0,0,0,0,0,0,0,53,7,0,0,0,0,0,0,0,0,0,2,100,NoArch
366bea359572a56c4268f5ab8d6d56e8662753f0,0,0,0,0,0,0,0,0,0,0,0,0,0,0,54,8,0,0,0,0,0,0,0,0,0,2,100,NoArch
d6d1e2e0fa2ee0cdfa9984f0ea46ac9a0dcd795b,0,0,0,0,0,0,0,0,0,0,0,0,0,0,55,9,0,0,0,0,0,0,0,0,0,2,100,NoArch
7344ba9358eb58067e8164f50ea84a531884b9db,0,0,0,0,0,0,0,0,0,0,0,0,0,0,56,10,0,0,0,0,0,0,0,0,0,1,100,NoArch
372dfb29da0b2c2d0ec54b71b1dfee191b8e62c7,0,0,0,0,0,0,0,0,0,0,0,0,0,0,57,11,0,0,0,0,0,0,0,0,0,1,100,NoArch
8b232735884acedb3df5976a05d8b66c65430b16,1,7,1,6,0,0,0,3,3,2059,1,1,0,192,58,12,25,24,1,725,695,30,6,6,0,1,100,NoArch
3e960180336a2c8bf9c745186835735c86a1008c,2,2,4,2,0,0,0,6,19,550,1,2,0.918295834,646,59,13,99,99,0,3130,3130,0,19,19,0,1,100,NoArch
17fdc291936dac80e4957732cdf7eeb46d0d4b91,2,96,75,21,0,0,0,2,18,2103,1,2,0.856405239,362,60,14,40,36,4,1729,1609,120,11,9,2,1,98.31994156,NoArch
66454e4043713c7dded12530d387b579fc5ea84c,1,3,3,0,0,0,0,8,72,605,1,1,0,1189,61,1,203,203,0,6750,6750,0,52,52,0,1,100,NoArch
a082800e2e5a8d5949f70b77f1573fbe73ccfd1a,0,0,0,0,0,0,0,0,0,0,0,0,0,0,62,1,0,0,0,0,0,0,0,0,0,0,100,NoArch
e48d972429b8e898a34def6c509893db70087afc,0,0,0,0,0,0,0,0,0,0,0,0,0,0,6,0,0,0,0,0,0,0,0,0,0,1,100,NoArch
c4c5b2914b855a040b459f3ac80b07703c370eb1,1,11,4,7,0,0,0,7,15,3899,1,1,0,174,63,2,21,20,1,965,916,49,4,4,0,2,100,NoArch
2ed2d7b81f50ecd718d11d0bebb42a3705f20ca8,1,1,1,0,0,0,0,8,73,140,1,1,0,1189,259,0,203,203,0,6750,6750,0,52,52,0,1,100,NoArch
c3b52bb27d76b96ba153b0e4e5643b1c3e9f28e2,2,1,201,200,0,0,0,6,26,1056,1,2,0.167350845,1013,260,1,116,149,33,3838,4834,996,29,35,6,1,95.30831099,Arch
488aba5cc4a38525483c6ef11c796b7cacc44a0e,8,122,58,64,0,0,0,3,7,3205,1,8,2.733828366,1559,261,2,226,219,7,6993,6655,338,68,67,1,1,100,NoArch
bb8625642df06c239ec853badf3c83929d567eae,1,2,2,0,0,0,0,8,74,0,1,1,0,1189,262,3,203,203,0,6750,6750,0,52,52,0,1,100,NoArch
9272fc6b4e5f9fb91b2bfa1978efb28d055de269,0,0,0,0,0,0,0,0,0,0,0,0,0,0,64,0,0,0,0,0,0,0,0,0,0,2,100,NoArch
eed2fc844c5814235bf82e1bdb2b71bdbfb3bc8a,0,0,0,0,0,0,0,0,0,0,0,0,0,0,7,0,0,0,0,0,0,0,0,0,0,1,100,NoArch
7acb6c8798618a198de9a1ccc40282ccacfb1115,1,190,0,190,1,0,1,1,1,0,1,1,0,0,8,1,20,0,20,1065,0,1065,11,0,11,1,95.18072289,Arch
107bf5a2a3f2ab60f38e8d83b678f75c3db8a910,4,68,0,68,0,0,0,4,5,592,1,4,2,516,9,0,76,76,0,3558,3558,0,29,29,0,1,100,NoArch
337843d6e363b39b2e563561e4eb28192542c74d,0,0,0,0,0,0,0,0,0,0,0,0,0,0,10,1,0,0,0,0,0,0,0,0,0,1,100,NoArch
870d868f0ba7a572ce556e90f557b9c946442312,0,0,0,0,0,0,0,0,0,0,0,0,0,0,65,0,0,0,0,0,0,0,0,0,0,1,100,NoArch
6e81e6f6f4fc78ccb4c91068da42108b2a927e19,1,5,1,4,0,0,0,6,18,836,1,1,0,193,66,1,23,21,2,1238,1189,49,9,9,0,1,100,NoArch
9b10e6818055b5a4f89f3a7f4cb1aa2aa088c1a5,1,8,3,5,0,0,0,2,4,4836,1,1,0,217,11,2,19,18,1,639,613,26,13,13,0,1,100,NoArch
a657ab07d8d1b899d2b49b5a9d492cda13f6d58b,0,0,0,0,0,0,0,0,0,0,0,0,0,0,12,3,0,0,0,0,0,0,0,0,0,1,100,NoArch
17315263fb3a38ffcf3f8966dec90a04d23ce9bc,1,2,0,2,0,0,0,3,4,2297,1,1,0,36,13,4,0,0,0,94,84,10,0,0,0,1,100,NoArch
ae0608d14e9f7cb56f4b4064ededd8cb1c8c9bea,1,2,4,2,0,0,0,2,2,1513,1,1,0,145,14,5,23,23,0,888,894,6,9,9,0,1,99.71160779,NoArch
6a7965ebc6c53fb82f0c096a3e87d1382b1cf67b,0,0,0,0,0,0,0,0,0,0,0,0,0,0,62,0,0,0,0,0,0,0,0,0,0,0,100,NoArch
40b69ee8ef5fded681dde92cae084fce1785ecb2,1,11,1,10,0,0,0,6,7,869,1,1,0,380,15,0,42,41,1,1975,1913,62,27,27,0,1,100,NoArch
e47f7ada80f478eeb77fdd2f1e7b470afd29bed9,1,2,9,7,0,0,0,6,8,0,1,1,0,390,16,1,41,42,1,1929,1975,46,27,27,0,1,100,NoArch
2150e90ab0b1ee474cd8016e04f5973a05db88cb,1,1,0,1,0,0,0,6,9,0,1,1,0,383,17,2,41,41,0,1935,1929,6,27,27,0,1,100,NoArch
341fba280bf308d704a2c67adf00ecd2a4209f0f,6,130,825,695,1,5,6,1,15,3814,1,4,2.547833288,825,67,0,8,57,49,506,2287,1781,2,29,27,1,95.78488372,Arch
7156531aa1b76df05c9f720ac2706321f7e2abb9,0,0,0,0,0,0,0,0,0,0,0,0,0,0,18,3,0,0,0,0,0,0,0,0,0,1,100,NoArch
e436a260d1b58d090ad4f5fa7dbc88e2e4828861,0,0,0,0,0,0,0,0,0,0,0,0,0,0,68,1,0,0,0,0,0,0,0,0,0,1,100,NoArch
2d2322b633fff6105d62e4d9bf8da6b5e813c820,1,1,1,0,0,0,0,6,12,921,1,1,0,102,69,2,4,4,0,500,500,0,4,4,0,0,100,NoArch
764319aa844874cbb5255945025d646f7ad22a35,0,0,0,0,0,0,0,0,0,0,0,0,0,0,70,3,0,0,0,0,0,0,0,0,0,1,100,NoArch
85f295ffecf7bf6986f468b391303a6674334ccd,1,1,1,0,0,0,0,5,7,933,1,1,0,90,19,4,11,11,0,478,478,0,4,4,0,1,100,NoArch
f5031bd832399723b17ce925250df934fd39c8e9,4,13,21,8,0,0,0,10,30,487,1,4,1.916805378,633,71,4,56,55,1,2556,2631,75,20,20,0,1,100,NoArch
54cd07edfa6ba689e276da46e3564b3a4a5c2075,0,0,0,0,0,0,0,0,0,0,0,0,0,0,20,1,0,0,0,0,0,0,0,0,0,1,100,NoArch
a14c6ea415ca18a0bc72ad393585103d7f7d52d6,0,0,0,0,0,0,0,0,0,0,0,0,0,0,72,1,0,0,0,0,0,0,0,0,0,0,100,NoArch
5ba9a5e5d3d82f518509eec1ba8ff614da3890ef,0,0,0,0,0,0,0,0,0,0,0,0,0,0,73,2,0,0,0,0,0,0,0,0,0,0,100,NoArch
d9ba6a2719b4233925489679468f8fd963211806,0,0,0,0,0,0,0,0,0,0,0,0,0,0,74,3,0,0,0,0,0,0,0,0,0,0,100,NoArch
9901f132d9efdef6a55623d7ae29b229819f2e37,0,0,0,0,0,0,0,0,0,0,0,0,0,0,75,3,0,0,0,0,0,0,0,0,0,0,100,NoArch
e779b1cb0d8445e9a6f092c6f149417f16fcf4d7,0,0,0,0,0,0,0,0,0,0,0,0,0,0,63,0,0,0,0,0,0,0,0,0,0,1,100,NoArch
5a2916e3494622e717ce96e9c14e33272ecea0da,0,0,0,0,0,0,0,0,0,0,0,0,0,0,64,1,0,0,0,0,0,0,0,0,0,0,100,NoArch
955ca31b6107d104158f7bba54f85d71b87b4cca,0,0,0,0,0,0,0,0,0,0,0,0,0,0,65,2,0,0,0,0,0,0,0,0,0,0,100,NoArch
86187abd5cb3490284b32f64416e4f0b05ab7e20,0,0,0,0,0,0,0,0,0,0,0,0,0,0,66,3,0,0,0,0,0,0,0,0,0,1,100,NoArch
8859cb5d63da7196fa72887e6022ba6d1d69bf82,0,0,0,0,0,0,0,0,0,0,0,0,0,0,67,4,0,0,0,0,0,0,0,0,0,0,100,NoArch
9de589bf22d16e52723e44d66644f551b7e49c37,0,0,0,0,0,0,0,0,0,0,0,0,0,0,132,6,0,0,0,0,0,0,0,0,0,0,100,NoArch
a03415029f68cfe844ade42d1d3f0e604b13675c,0,0,0,0,0,0,0,0,0,0,0,0,0,0,133,7,0,0,0,0,0,0,0,0,0,0,100,NoArch
42051857bb33e786442c33bea72597df6537dfeb,0,0,0,0,0,0,0,0,0,0,0,0,0,0,131,3,0,0,0,0,0,0,0,0,0,0,100,NoArch
2d84fc4a93b9866557836ae4e9db286ac8b12eba,2,26,0,26,0,0,0,6,25,292,1,2,0.619382195,542,132,4,92,87,5,2932,2764,168,31,30,1,1,100,NoArch
2c230ddf1a0084273613f5d4a3e247784383273c,6,1307,1083,224,5,0,5,1,113,8,1,1,1.997372317,1669,133,3,266,263,3,10050,8981,1069,63,60,3,1,97.68674699,Arch
473add00cd38019e7185639dfd0ac910a25dc6cd,2,20,11,9,0,0,0,3,19,192,1,1,0.981152234,567,134,4,82,81,1,3328,3239,89,15,15,0,1,100,NoArch
e571a165aaa0441aad704fa67d5af45aa2f8189f,0,0,0,0,0,0,0,0,0,0,0,0,0,0,159,2,0,0,0,0,0,0,0,0,0,1,100,NoArch
f42f144bc1bf16e7b410ea91cbe9c5556acf94a8,1,23,9,14,0,0,0,2,9,42,1,1,0,614,160,3,49,48,1,2908,2843,65,10,10,0,1,100,NoArch
9c98d62f7d6425efb84ab37b46757730e890d877,3,196,53,143,0,0,0,5,7,57,1,3,1.185286437,449,0,0,68,50,18,2363,1808,555,19,15,4,1,100,NoArch
a2d65b6552192ab5a361ad507d7eecb1329bed94,1,3,7,4,0,0,0,2,2,92,1,1,0,129,65,0,5,6,1,374,384,10,2,2,0,1,100,NoArch
7fa9cef2d6ba0aefdcf4adfd3af9147bc8d34f21,1,8,14,6,0,0,0,7,20,16,1,1,0,376,66,1,59,59,0,1997,2033,36,7,7,0,1,100,NoArch
9debd25ff4c8ac6e6667a381d11edd825150898e,1,52,26,26,0,0,0,4,19,319,1,1,0,208,250,0,27,25,2,1405,1151,254,3,5,2,1,100,NoArch
eff9ccb4a47effd3602a0c08fa8ca43d77ddd28e,6,270,2,268,3,0,3,1,5,25,1,4,2.251183473,1013,161,2,177,141,36,7039,5981,1058,59,29,30,1,99.65736662,NoArch
2081ef617969f42727b1dcf8b5539a4b34ab8bee,0,0,0,0,0,0,0,0,0,0,0,0,0,0,162,3,0,0,0,0,0,0,0,0,0,0,100,NoArch
529d32f9a330beff573570a8995e90711bd7395d,2,21,0,21,0,0,0,2,49,76,1,2,0.958711883,410,163,4,54,51,3,2248,2142,106,14,13,1,2,100,NoArch
79148ddf1d4d3c913bce8fee4ee64e57bf4c2151,1,1,1,0,0,0,0,13,114,32,1,1,0,598,67,2,68,68,0,3191,3191,0,15,15,0,1,100,NoArch
3ad6393b75656099ff79ddc57944d758badb6fc6,0,0,0,0,0,0,0,0,0,0,0,0,0,0,68,3,0,0,0,0,0,0,0,0,0,1,100,NoArch
dfbda722d168c90ee9a25cdf2294bb63bfc8619d,1,25,8,17,0,0,0,5,8,45,1,1,0,304,1,0,33,31,2,1260,1185,75,11,11,0,1,100,NoArch
9fc98789bdb1bfa26390367c4cec02ebf012ae10,1,15,11,4,0,0,0,5,9,2,1,1,0,321,2,1,34,33,1,1278,1260,18,11,11,0,1,100,NoArch
2407466fefa310b48831c24c1fa359e364dc6ea8,0,0,0,0,0,0,0,0,0,0,0,0,0,0,69,3,0,0,0,0,0,0,0,0,0,1,100,NoArch
3999d0f3fccc22f5422c21bbec9f9459ba2c2ee7,3,36,8,28,0,0,0,1,41,236,1,3,1.169855594,1440,135,0,237,230,7,7300,7133,167,49,48,1,1,100,NoArch
0ee4f428e6e8095117617b0a5ce42f4ab6413c50,1,23,12,11,0,0,0,2,3,52,1,1,0,738,164,0,117,112,5,4400,4340,60,12,12,0,1,100,NoArch
16b73c1b8be276d596f4f084804435bd93801dc9,3,113,15,98,1,0,1,1,6,60,1,2,1.070036715,242,165,1,28,19,9,1766,1269,497,21,15,6,1,99.85380117,NoArch
e071831d61318e9f593b7d248193184b6b3da997,1,55,0,55,1,0,1,1,1,0,1,1,0,0,166,2,8,0,8,182,0,182,8,0,8,1,99.56268222,NoArch
8397611b49de4aac408806765191fc796ba4b15f,3,172,0,172,2,0,2,1,7,1,1,3,0.989019754,219,167,3,38,21,17,1885,1216,669,25,16,9,1,99.75810353,NoArch
cbf0725fdc536fc26f85589d2ec876ebfd83ff40,1,1,2,1,0,0,0,7,13,132,1,1,0,280,70,1,33,33,0,899,906,7,6,6,0,1,100,NoArch
b754b90761743e07cd63dd9e8d8713e631d08371,2,93,2,91,0,0,0,1,6,118,1,2,0.147310667,272,168,4,42,28,14,2262,1690,572,12,11,1,1,100,NoArch
dfc87f35ded6e9fe57759b7cd8dc48e6a2fd250f,7,517,0,517,7,0,7,1,1,0,1,2,2.5613625,0,169,1,56,0,56,2576,0,2576,25,0,25,1,99.23809524,NoArch
a29b0aed67ec697814d147de3efd99300f2029fc,0,0,0,0,0,0,0,0,0,0,0,0,0,0,170,2,0,0,0,0,0,0,0,0,0,0,100,NoArch
b14a6d53a4367049773436a7e0bba29ef71c8853,0,0,0,0,0,0,0,0,0,0,0,0,0,0,251,0,0,0,0,0,0,0,0,0,0,1,100,NoArch
e04680d5cb78396eec44a9826609b23c3be08428,1,1,0,1,0,0,0,9,38,194,1,1,0,388,71,0,66,66,0,2535,2526,9,13,13,0,1,100,NoArch
b80945ed43bc24db252b3d109cd7d75b2e639cf0,1,0,589,589,0,1,1,5,10,442,1,1,0,589,72,1,0,96,96,0,3250,3250,0,18,18,1,99.90592662,NoArch
8f0a98458f86a0c4616cdaffc2282011ba0c2f7a,1,16,2,14,0,0,0,7,21,127,1,1,0,370,73,2,61,59,2,2080,1997,83,7,7,0,1,100,NoArch
6ec1ff7014f7aaa06582c15324f72f4cd812dbd9,3,461,0,461,3,0,3,1,1,0,1,1,1.266992049,0,171,2,46,0,46,2466,0,2466,14,0,14,1,99.67151572,NoArch
29626cbb318006bb2d2f791f4d880f513a017e6a,0,0,0,0,0,0,0,0,0,0,0,0,0,0,172,3,0,0,0,0,0,0,0,0,0,1,100,NoArch
ad8b299c62ff9e5654b61778d99107c7aec54519,0,0,0,0,0,0,0,0,0,0,0,0,0,0,173,4,0,0,0,0,0,0,0,0,0,1,100,NoArch
0974a914be0442ae23a18fe3f13fb5975ce12d77,2,0,0,0,0,0,0,1,1,0,1,1,0,249,174,5,32,32,0,1428,1428,0,12,12,0,0,99.62581852,NoArch
0fcda9a6d3e4ef00347e82294f65fc2be118ced4,2,50,3,47,0,0,0,3,7,458,1,2,0.859531691,233,175,6,17,15,2,1160,874,286,8,7,1,1,100,NoArch
d87bb73d8d432fc55615d876a9cccd1521285520,4,3,299,296,0,2,2,1,8,0,1,3,1.606983812,529,176,7,15,49,34,874,2588,1714,7,20,13,1,99.62441315,NoArch
f17c11f34fb5743465dd3c793577e3fcf2233899,2,249,0,249,2,0,2,1,3,0,1,1,0.953317131,0,177,8,32,0,32,1428,0,1428,12,0,12,0,99.62441315,NoArch
3f650b405e39074f499be190af1ad14a888648b6,0,0,0,0,0,0,0,0,0,0,0,0,0,0,178,9,0,0,0,0,0,0,0,0,0,1,100,NoArch
d38220032503d8319731f41da2eb7dded089d095,1,7,7,0,0,0,0,9,42,459,1,1,0,339,215,0,68,68,0,1742,1742,0,5,5,0,1,100,NoArch
5f606e3e669448b352e522a5f03702a407b5639e,1,51,42,9,0,0,0,10,41,459,1,1,0,710,216,1,120,117,3,4981,4963,18,17,17,0,1,100,NoArch
c9a18e26a4d664892f4d1e2cf6ae11c2b0e401f6,2,102,4,98,0,0,0,9,43,334,1,1,0.924457141,1353,217,2,251,233,18,9447,8889,558,74,71,3,1,100,NoArch
e54a5cee6e6f9ade47367f822eccc44ed0b542b1,2,107,3,104,0,0,0,3,9,6,1,2,0.892121281,233,179,8,23,15,8,1504,874,630,10,7,3,1,100,NoArch
6fe59f89d7a56caf5b88a8152df77b6010c52f87,1,39,24,15,0,0,0,10,30,297,1,1,0,557,180,9,60,60,0,2519,2496,23,11,11,0,1,100,NoArch
82d11a6e4e05de3f7c51f5a494e9bf66497ae679,0,0,0,0,0,0,0,0,0,0,0,0,0,0,181,10,0,0,0,0,0,0,0,0,0,1,100,NoArch
b183eeb5a9719be8d2d93767b36acf9b66dc0ee5,0,0,0,0,0,0,0,0,0,0,0,0,0,0,182,9,0,0,0,0,0,0,0,0,0,1,100,NoArch
9b181be7dd929b32575d43e4d9c55b8359b10d2e,7,1168,0,1168,7,0,7,1,1,0,1,4,2.183977538,0,183,4,90,0,90,4485,0,4485,31,0,31,1,97.15234931,Arch
197d054e1fe7ffdfdb0342b1b500f719a055360b,0,0,0,0,0,0,0,0,0,0,0,0,0,0,74,0,0,0,0,0,0,0,0,0,0,0,100,NoArch
a64ec0c751b18136bbbc49318b0e51b4223d6c13,2,70,15,55,0,0,0,1,12,354,1,2,0.273769169,397,136,0,43,36,7,2148,1760,388,6,6,0,1,100,NoArch
b017487ac9e04ed2f0c2473dff8bfd9a924535df,1,40,20,20,0,0,0,2,13,1,1,1,0,318,137,1,34,30,4,1526,1433,93,3,3,0,1,100,NoArch
d5db6e379506ae47130e1cde3bc51bd5d6a88001,2,63,10,53,0,0,0,4,22,129,1,1,0.996613283,673,138,2,108,98,10,4298,3923,375,18,16,2,1,100,NoArch
747051e37a8d7ccb94d5c54786b4246755afe55e,5,585,45,540,4,0,4,1,3,7,1,3,1.565966246,134,184,0,92,13,79,3310,715,2595,25,3,22,1,99.56834532,NoArch
a0e411de74e2f5b8b83f8731cc733b811eb74f9e,0,0,0,0,0,0,0,0,0,0,0,0,0,0,185,1,0,0,0,0,0,0,0,0,0,1,100,NoArch
d2dad5d346d3ddc3dc6617133135f8e8bbc3ebb5,1,6,2,4,0,0,0,12,42,201,1,1,0,579,186,2,98,97,1,2875,2851,24,24,24,0,1,100,NoArch
2bc07749bf3ec41971bb3df46b22245bd09af549,1,2,2,0,0,0,0,13,67,308,1,1,0,812,187,3,110,108,2,4799,4767,32,30,30,0,1,100,NoArch
be139b488b9be9b32342256a94e73a217daf7498,0,0,0,0,0,0,0,0,0,0,0,0,0,0,75,0,0,0,0,0,0,0,0,0,0,1,100,NoArch
a661afe90361529072c6386f40bc44eab11b2f72,2,26,6,20,0,0,0,10,22,574,1,2,0.625262405,404,188,4,32,25,7,1821,1715,106,16,16,0,1,100,NoArch
a67cbc7d99c3b4172e690408f0abc54a098348bc,5,81,42,39,0,0,0,2,14,510,1,3,1.46784823,630,139,0,65,59,6,3564,3256,308,19,19,0,1,100,NoArch
845b922c4c38f54894ac9cf47289614deef38565,34,165,196,31,0,0,0,4,50,439,1,16,3.830059819,9280,252,0,1027,1029,2,51299,50262,1037,255,257,2,1,98.10885609,NoArch
23c7ceeb09edb1962832dfee4afd3dc27cfdc1bf,2,13,5,8,0,0,0,3,4,36,1,2,0.852405179,371,140,1,49,48,1,1973,1873,100,15,15,0,1,100,NoArch
8cc920d4827d692894eac170515885cf2dbda75c,1,15,0,15,0,0,0,11,35,4,1,1,0,778,218,0,123,117,6,4960,4866,94,12,12,0,1,100,NoArch
9648acc6de88f7fda5e09e9d2c3d37bd393399b1,0,0,0,0,0,0,0,0,0,0,0,0,0,0,219,1,0,0,0,0,0,0,0,0,0,1,100,NoArch
6ac77f9cad7b5650e009d4e761f46e604fa3733b,3,480,0,480,3,0,3,1,1,0,1,1,0.913589999,0,253,1,50,0,50,2176,0,2176,14,0,14,0,99.68875056,NoArch
7f85442f5ad02b0fea1f7d27de56dd0b2bd318e8,1,3,1,2,0,0,0,1,2,5,1,1,0,380,254,2,41,40,1,1881,1873,8,11,11,0,0,100,NoArch
01d2f52a220af4d6644d7ba9d8057ed99713eb3d,0,0,0,0,0,0,0,0,0,0,0,0,0,0,141,2,0,0,0,0,0,0,0,0,0,1,100,NoArch
586c221a5660f57d199e44d47be602f6a9679063,3,9,0,9,0,0,0,1,2,81,1,2,1.392147224,444,189,0,70,68,2,2218,2180,38,15,14,1,1,100,NoArch
4b93ace638fa14d77593e8038092116f811849fe,3,193,94,99,1,0,1,1,2,186,1,2,1.550205295,170,190,1,43,17,26,1052,647,405,22,9,13,1,99.91142604,NoArch
67ed5b8aaef6936ab39c3c13182b826282c999ba,0,0,0,0,0,0,0,0,0,0,0,0,0,0,255,0,0,0,0,0,0,0,0,0,0,0,100,NoArch
49dae14e682bafd0a3b5d4b6e55466084b56008a,1,17,2,15,0,0,0,2,5,52,1,1,0,182,191,2,22,21,1,1083,983,100,7,7,0,1,100,NoArch
315d7006261f1335d961ade960ec8801ff1dab4b,2,70,1,69,1,0,1,1,8,149,1,2,0.417864262,221,192,3,27,21,6,1570,1238,332,19,16,3,1,99.69053935,NoArch
b349b85057266a1782acb6b22a77c3780ef2025d,1,3,0,3,0,0,0,7,23,139,1,1,0,408,220,0,65,65,0,2249,2238,11,7,7,0,1,100,NoArch
5b90bc36922c9e604bc7a0df7209ce4d16b7b2d7,1,2,0,2,0,0,0,1,2,33,1,1,0,81,193,3,17,16,1,269,263,6,10,9,1,1,100,NoArch
a8b4f7d05318e238f2922273ccff1cc8f267d694,12,332,141,191,0,0,0,1,115,308,1,8,3.112222909,3791,194,4,519,489,30,22437,21344,1093,147,147,0,1,99.50958538,NoArch
c4cb1ac201488ff48bf5b6ab468dea053b02559a,0,0,0,0,0,0,0,0,0,0,0,0,0,0,195,5,0,0,0,0,0,0,0,0,0,0,100,NoArch
b25055e9bfb5edd6df4a705a8664ae97c7cce503,0,0,0,0,0,0,0,0,0,0,0,0,0,0,196,6,0,0,0,0,0,0,0,0,0,1,100,NoArch
1e63bc1349296c7bd8ffdba6eb9eae53d77051c1,0,0,0,0,0,0,0,0,0,0,0,0,0,0,76,0,0,0,0,0,0,0,0,0,0,1,100,NoArch
23c7761aff830db82a1e44b84bf81265639c9a26,11,1236,583,653,2,0,2,10,33,364,1,2,2.154391938,2106,1,0,352,267,85,12994,9549,3445,129,95,34,1,99.41520468,NoArch
3c45bd77ecffd7a7ae1aaae9d74c28f0e6eabdc5,1,1,1,0,0,0,0,3,3,401,1,1,0,125,2,1,5,5,0,376,374,2,2,2,0,1,100,NoArch
f0bc7223d75d986a8c76c377d59558a2e75440fd,2,356,0,356,2,0,2,1,1,0,1,1,0.345466798,0,256,1,31,0,31,1974,0,1974,9,0,9,1,99.82046679,NoArch
4aabfba9b709b3bd2dc0f2b93ef477050dd51b78,0,0,0,0,0,0,0,0,0,0,0,0,0,0,257,2,0,0,0,0,0,0,0,0,0,1,100,NoArch
5d26a98a748a4b75850a189d06cfae6b150d87ff,0,0,0,0,0,0,0,0,0,0,0,0,0,0,3,2,0,0,0,0,0,0,0,0,0,1,100,NoArch
d385fe6c8640d81938d03876fc24bc1e6a9ee97a,1,4,0,4,0,0,0,2,6,32,1,1,0,197,142,0,22,22,0,1123,1083,40,7,7,0,1,100,NoArch
2885f6cfad5680fc705e35cfbd294c9e9accf983,1,6,0,6,0,0,0,2,6,497,1,1,0,137,143,1,17,17,0,857,808,49,6,6,0,1,100,NoArch
3130c36343ebc74cea57f7b57aeea23338bd2c21,1,1,1,0,0,0,0,2,9,33,1,1,0,225,144,2,22,22,0,1254,1254,0,17,17,0,1,100,NoArch
83b1b6e42a892953f6f4c7886d22ff4a48bba28b,0,0,0,0,0,0,0,0,0,0,0,0,0,0,0,0,0,0,0,0,0,0,0,0,0,1,100,NoArch
c73a416d64a6675e5423ca13be435e284c408ef0,0,0,0,0,0,0,0,0,0,0,0,0,0,0,1,1,0,0,0,0,0,0,0,0,0,1,100,NoArch
40f2218d772b9c14feab8f377bb49fbaa1fffc65,54,3647,0,3647,52,0,52,1,3,1,1,17,5.503477814,162,145,3,331,32,299,16694,534,16160,250,18,232,1,95.10012782,Arch
178299c99b73a5c041f832fa18ac1dc16bf806f0,0,0,0,0,0,0,0,0,0,0,0,0,0,0,146,4,0,0,0,0,0,0,0,0,0,1,100,NoArch
fd91a6f36f07dc9304c8c4b5e865180ab09cb972,1,6,4,2,0,0,0,1,3,86,1,1,0,109,197,0,12,12,0,549,524,25,5,5,0,1,100,NoArch
908378bd140fc2b8ba61117121c6a26d74376877,1,4,3,1,0,0,0,3,4,382,1,1,0,749,77,0,117,117,0,4407,4400,7,12,12,0,1,100,NoArch
91441e1c606c052ab38da539bc3a3a8b450de76b,2,137,0,137,2,0,2,1,1,0,1,1,0.952393679,0,0,0,10,0,10,546,0,546,4,0,4,1,99.837794,NoArch
a567f4d9f07243480eb482b2c48c50fb851f8237,0,0,0,0,0,0,0,0,0,0,0,0,0,0,1,1,0,0,0,0,0,0,0,0,0,1,100,NoArch
c92b345f85c93d7bbd081b8faac768a0ed9addd3,3,243,9,234,2,0,2,1,4,47,1,1,1.290190171,197,2,2,48,28,20,2337,990,1347,14,8,6,1,99.79789814,NoArch
cc7373e27dd34b4b50a0f800fbfb97f5b1ace87b,2,34,0,34,0,0,0,1,2,0,1,1,1,234,3,3,20,20,0,1347,1347,0,6,6,0,1,100,NoArch
322b8d79a2ec2e875467a13a761763c38f6c5721,1,0,235,235,0,1,1,4,4,147,1,1,0,235,4,4,0,18,18,0,1505,1505,0,6,6,0,99.91922456,NoArch
c734ac0aa0cde48bf8016276c34a55036918e369,2,24,2,22,0,0,0,2,15,119,1,2,0.619382195,481,198,1,54,51,3,2474,2388,86,9,9,0,1,100,NoArch
80c15661ad234bb7a2e7caae6b1835caa695d7ed,3,10,0,10,0,0,0,8,43,367,1,3,1.521928095,942,199,2,132,132,0,4355,4273,82,36,36,0,1,100,NoArch
401433e3742bdd88298b0f7e19a5b1bf47f8aa85,5,15,10,5,0,0,0,1,3,99,1,2,2.13366069,590,200,3,80,80,0,2764,2764,0,19,19,0,1,100,NoArch
a8b4a5265b7ada1f09f99803e5d63f93b4f33e75,0,0,0,0,0,0,0,0,0,0,0,0,0,0,201,4,0,0,0,0,0,0,0,0,0,0,100,NoArch
da6f381e8b745002e6ab7ea79e5b7a9dd8a8cd66,0,0,0,0,0,0,0,0,0,0,0,0,0,0,147,0,0,0,0,0,0,0,0,0,0,1,100,NoArch
88afa2775c24fa92d781ae9eeea92ef2797c04e2,2,385,0,385,2,0,2,1,1,0,1,2,0.987304766,0,4,0,27,0,27,2176,0,2176,14,0,14,1,98.06451613,NoArch
74c3ce8a6560caac99f5f6b3e37b1e8285b30a4b,1,3,3,0,0,0,0,1,2,0,1,1,0,167,5,1,16,16,0,698,698,0,4,4,0,0,100,NoArch
f46ca417fe47a7d9fbb24eff5e462c4b40d5ae0d,7,731,0,731,6,0,6,1,10,13,1,4,2.361105652,225,2,0,99,22,77,5396,1254,4142,39,17,22,1,99.07815631,NoArch
252eb2a87c219c90fe9a3072234e1efdeb1bfd7e,1,28,5,23,0,0,0,2,4,560,1,1,0,82,3,1,9,6,3,569,405,164,6,5,1,0,100,NoArch
5b1965e64511d38877fd68d428bc3047ab7cde25,0,0,0,0,0,0,0,0,0,0,0,0,0,0,202,4,0,0,0,0,0,0,0,0,0,0,100,NoArch
895ff047d13e4e3fecd99bd62463a67d69545ed9,0,0,0,0,0,0,0,0,0,0,0,0,0,0,203,5,0,0,0,0,0,0,0,0,0,0,100,NoArch
ce423d71bd15ec1e3abec0883db27249d7f27d9a,5,15,18,3,0,0,0,2,24,102,1,4,2.246251803,1388,0,0,172,172,0,8005,8060,55,46,46,0,1,100,NoArch
af65aac660e70ce6f4646421334965c876a95f34,1,57,41,16,0,0,0,3,16,33,1,1,0,356,148,1,38,37,1,1651,1595,56,3,3,0,1,100,NoArch
56cab894436348e7fbb9bbc8f5ff014bd73fdc20,1,189,0,189,1,0,1,1,1,0,1,1,0,0,204,6,18,0,18,1076,0,1076,6,0,6,1,99.80127186,NoArch
8cacfbd1ac33f9a57c181ca65f793340ca5c86c6,2,58,0,58,1,0,1,1,13,412,1,2,0.362051252,131,205,7,26,23,3,817,603,214,16,13,3,1,99.27826784,NoArch
7906c269401170a8a498f8cb079eaf414180af93,1,174,0,174,1,0,1,1,1,0,1,1,0,0,206,8,12,0,12,946,0,946,5,0,5,1,99.91876523,NoArch
610acbf98b887752a0436a7eeba2bc67e886ed0d,2,20,9,11,0,0,0,1,3,539,1,2,0.479832024,188,207,9,30,26,4,1242,1111,131,14,14,0,1,100,NoArch
d61c0b6bf0c56820efdfa1190a66557ca9a0e79e,0,0,0,0,0,0,0,0,0,0,0,0,0,0,149,2,0,0,0,0,0,0,0,0,0,0,100,NoArch
28d9fdab0dacf88a58f8b8b9989f962d89e202e0,6,53,4,49,0,0,0,1,12,101,1,5,1.935518917,1213,150,2,95,95,0,6647,6591,56,34,34,0,1,100,NoArch
ed76030117cc17e15be35bda83ad30f5248af5fd,2,190,0,190,0,0,0,4,15,606,1,2,0.931695849,274,258,0,53,28,25,1790,1103,687,12,7,5,1,100,NoArch
dc0210b86b41acd9a7a30003e9131cacc9f094d3,1,18,4,14,0,0,0,2,2,35,1,1,0,189,0,0,18,18,0,1165,1076,89,6,6,0,1,100,NoArch
7b87ac998005aad3dab718c15ba5af9953d9332a,1,18,3,15,0,0,0,6,12,236,1,1,0,219,1,1,24,24,0,1398,1291,107,6,6,0,1,100,NoArch
8217ac72b4bc9d969aec0f5e04febc037123ff79,1,11,6,5,0,0,0,2,2,35,1,1,0,174,2,2,12,12,0,990,946,44,5,5,0,1,100,NoArch
a032d202d0949eabbdfe08be93c86e03796cf8bd,1,0,521,521,0,1,1,7,18,862,1,1,0,521,151,3,0,85,85,0,2660,2660,0,30,30,1,99.79683056,NoArch
50a0e3d0b3603e2c09ed4044d1ed85a57c09a306,0,0,0,0,0,0,0,0,0,0,0,0,0,0,152,4,0,0,0,0,0,0,0,0,0,1,100,NoArch
f41ffc03a5cc7f7722fe80e1d01cf82df571be47,1,161,0,161,1,0,1,1,1,0,1,1,0,0,3,3,16,0,16,573,0,573,8,0,8,1,99.87804878,NoArch
f08c4f8bb387b792e4bce5cd32e62d7edc6958ba,1,75,0,75,1,0,1,1,1,0,1,1,0,0,4,4,4,0,4,306,0,306,4,0,4,1,99.79716024,NoArch
5a919183be790beb15e7f2bcc4118b450b14f1c3,0,0,0,0,0,0,0,0,0,0,0,0,0,0,5,5,0,0,0,0,0,0,0,0,0,1,100,NoArch
bad4d3bd675dcd84312863a448c0a1e30634b2e3,1,94,83,11,0,0,0,4,17,41,1,1,0,372,6,6,40,38,2,1708,1651,57,3,3,0,1,100,NoArch
7f0f45c7d68c90103abd7c16a1186fc6424cc7f2,5,114,5,109,0,0,0,2,5,266,1,1,2.080331038,500,4,0,43,43,0,2766,2692,74,25,25,0,1,100,NoArch
495d92a68eefec264d5388e65b980d0fb5700987,1,52,5,47,0,0,0,4,18,15,1,1,0,383,7,7,46,40,6,1973,1708,265,3,3,0,1,100,NoArch
b511a22a1c2098ec7fb6b8ea3daae55f7a31b0de,1,2,2,0,0,0,0,4,19,2,1,1,0,430,8,8,46,46,0,1984,1973,11,3,3,0,1,100,NoArch
93b68ebbc260ff8f886f6c31dd126964b72f8547,2,49,31,18,0,0,0,8,50,196,1,2,0.848548178,1105,259,1,169,166,3,6801,6691,110,20,20,0,1,100,NoArch
5aea6674041f34b5042291175bcc8c07e0955c47,0,0,0,0,0,0,0,0,0,0,0,0,0,0,78,0,0,0,0,0,0,0,0,0,0,1,100,NoArch
6176d5f2ad808f1dfa24dea2501bb738804ff3fd,0,0,0,0,0,0,0,0,0,0,0,0,0,0,260,1,0,0,0,0,0,0,0,0,0,0,100,NoArch
1cfd482e9103b0a4496f7e001959637165e42da9,1,1,1,0,0,0,0,2,3,903,1,1,0,140,79,1,10,10,0,620,620,0,6,6,0,1,100,NoArch
c318f58303ebe1cbe880c888bddd946e09bd0d7c,0,0,0,0,0,0,0,0,0,0,0,0,0,0,261,2,0,0,0,0,0,0,0,0,0,0,100,NoArch
f4c063ff59ee05aee05de7098da705b38fad2a39,1,2,2,0,0,0,0,13,69,219,1,1,0,834,262,3,112,112,0,4890,4890,0,30,30,0,1,100,NoArch
188962e1328a579597b62b2da9193ed60864620a,0,0,0,0,0,0,0,0,0,0,0,0,0,0,80,2,0,0,0,0,0,0,0,0,0,1,100,NoArch
a52193dbb9390436140bd781b3e36c84d05aba8f,0,0,0,0,0,0,0,0,0,0,0,0,0,0,221,0,0,0,0,0,0,0,0,0,0,1,100,NoArch
48a7639be9aaa775b84c0e272753618cfc441d0b,0,0,0,0,0,0,0,0,0,0,0,0,0,0,153,0,0,0,0,0,0,0,0,0,0,0,100,NoArch
0277fc797fa427e629116c09a811bf00318b093a,0,0,0,0,0,0,0,0,0,0,0,0,0,0,154,1,0,0,0,0,0,0,0,0,0,0,100,NoArch
b5fa3a811457223e60ece5f31e7d4a6c045a8586,1,8,0,8,0,0,0,13,45,934,1,1,0,336,81,3,38,37,1,1383,1341,42,11,11,0,1,100,NoArch
a2051a2bca408c89233d50a8727cb3c3452c4303,0,0,0,0,0,0,0,0,0,0,0,0,0,0,155,2,0,0,0,0,0,0,0,0,0,0,100,NoArch
c92d3de9a7582934effae0564ebf2a2543997ca2,0,0,0,0,0,0,0,0,0,0,0,0,0,0,82,3,0,0,0,0,0,0,0,0,0,0,100,NoArch
167ba46cf545f5e1eed089f11c1c19e948c0baa6,1,4,11,7,0,0,0,10,32,941,1,1,0,355,83,4,46,47,1,1982,2006,24,8,8,0,1,100,NoArch
21be23120e8a0c789c809706dd3368f4f4442c05,1,5,0,5,0,0,0,4,20,63,1,1,0,430,156,3,47,46,1,2007,1984,23,3,3,0,1,100,NoArch
fa4ebb821b722a6d974afb78c23cf292436c8489,2,14,3,11,0,0,0,3,10,370,1,2,0.873981048,482,157,4,67,65,2,2845,2777,68,14,14,0,1,100,NoArch
c0d94907ea4e1f11f90deb2cd8a9b5595388ef2f,1,2,18,16,0,0,0,4,21,20,1,1,0,435,9,0,45,47,2,1956,2007,51,3,3,0,1,100,NoArch
ff137169fc0134fc1f402fadfd6b3010f9a47a9a,2,22,2,20,0,0,0,5,8,986,1,2,0.738284866,259,222,0,29,27,2,1184,1006,178,8,7,1,1,100,NoArch
43397749996686d741f2516ef5b46430b357b868,1,31,20,11,0,0,0,8,25,211,1,1,0,411,223,0,66,65,1,2316,2247,69,7,7,0,1,100,NoArch
c93c24d28133418eac82d6fecbfd3c732d6037c2,1,36,3,33,0,0,0,4,7,333,1,1,0,317,224,1,38,33,5,2042,1771,271,13,13,0,1,99.54806902,NoArch
c73707eb22a1a57f6bf89127f33942c07a3ef6fc,5,117,4,113,0,0,0,4,10,1030,1,4,1.835768264,592,1,0,66,49,17,2025,1602,423,37,29,8,1,100,NoArch
bfee8174b1b43ae45045bc8d76b32e477e04b1f5,2,245,0,245,2,0,2,1,1,0,1,2,0.768281409,0,225,2,28,0,28,1173,0,1173,8,0,8,1,99.34399344,NoArch
f4278e4c174ed0b54d7df87bad1aedb47f663cbd,0,0,0,0,0,0,0,0,0,0,0,0,0,0,226,3,0,0,0,0,0,0,0,0,0,1,100,NoArch
51e6704fc27b085e80dd1c1ac12ad45a635c2307,1,27,5,22,0,0,0,4,21,425,1,1,0,233,227,4,33,27,6,1531,1394,137,4,3,1,1,100,NoArch
e34f1ff5b0ab2afd7b224e495dd22c971c69e9b6,1,16,4,12,0,0,0,4,22,0,1,1,0,255,228,5,36,33,3,1602,1531,71,4,4,0,1,99.54991817,NoArch
80da5d782b7a406cb6108897dfc15644528b8e43,1,114,23,91,0,0,0,4,23,5,1,1,0,267,229,6,48,36,12,2081,1602,479,8,4,4,1,100,NoArch
5e90638b979092fa583e13dca580cc4d783f8d53,1,1,0,1,0,0,0,8,10,1066,1,1,0,330,230,7,47,47,0,1138,1130,8,12,12,0,1,100,NoArch
0484768da1263db2d9229213254d3b7bb2ee9b28,7,1612,1,1611,6,0,6,1,13,134,1,2,2.510751807,65,231,8,202,3,199,9098,383,8715,64,3,61,1,97.55301794,Arch
8bc61c6512cebbef5e5655ccd76b10741fbb8288,4,5,792,787,0,2,2,7,12,1072,1,1,1.134733677,1897,232,9,96,185,89,5659,9518,3859,50,90,40,1,99.59790913,NoArch
5f4a293245becafbe756130cc2d79c09971bbbfe,0,0,0,0,0,0,0,0,0,0,0,0,0,0,84,0,0,0,0,0,0,0,0,0,0,1,100,NoArch
bf65d2f0eb0e26823ef9c7dbad1e4f49b31d581b,0,0,0,0,0,0,0,0,0,0,0,0,0,0,85,1,0,0,0,0,0,0,0,0,0,1,100,NoArch
823d3a1faf4abcc13e0443ea537461998f9fd9eb,0,0,0,0,0,0,0,0,0,0,0,0,0,0,5,0,0,0,0,0,0,0,0,0,0,1,100,NoArch
c2b8299f43ee264f9f9c5a8f51937e479b517e9f,0,0,0,0,0,0,0,0,0,0,0,0,0,0,6,1,0,0,0,0,0,0,0,0,0,1,100,NoArch
156f86d308a9abc8914ce1ea048788718568d667,3,175,129,46,0,0,0,3,5,504,1,1,1.291510046,384,233,2,57,47,10,2247,2057,190,17,13,4,1,100,NoArch
72ad76184d212a07842fc06d555a631e849a038d,0,0,0,0,0,0,0,0,0,0,0,0,0,0,234,3,0,0,0,0,0,0,0,0,0,1,100,NoArch
ba86ddfcc2431ae41accd8f56cc4ffcba16d1cc3,1,5,4,1,0,0,0,10,34,423,1,1,0,557,263,0,86,86,0,2747,2747,0,13,13,0,1,100,NoArch
a39868de6e07be65584643d027e47df88731c518,14,555,421,134,7,5,12,1,33,321,1,4,3.375983975,1037,7,0,145,142,3,5510,5175,335,38,38,0,1,94.28090833,Arch
e2852562ef66840256f4b5e6741174d69194f8e1,0,0,0,0,0,0,0,0,0,0,0,0,0,0,235,2,0,0,0,0,0,0,0,0,0,1,100,NoArch
f2f2ed65b00e707dc72d2d34acf2d0c88cff242e,3,54,5,49,0,0,0,6,15,1147,1,1,1.207923989,1417,236,3,189,181,8,5245,4928,317,50,49,1,1,100,NoArch
5784b64a5d75559e6e909d0a661feeb0ae089a9f,2,82,4,78,1,0,1,6,16,0,1,1,0.854180205,270,237,4,35,29,6,1996,1640,356,4,3,1,1,94.20056383,Arch
ecce5ab72371466fc4e181a1a1b36d1924c56b04,1,1,2,1,0,0,0,12,52,453,1,1,0,310,238,5,40,40,0,1773,1773,0,11,11,0,1,100,NoArch
b895a9a48c84c0463123b5f62b4b3cb8a88fcd1e,1,2,2,0,0,0,0,13,116,453,1,1,0,610,239,6,70,70,0,3253,3253,0,15,15,0,1,100,NoArch
5c632f73ed28874aa0e6aeb642301f28ba303e56,0,0,0,0,0,0,0,0,0,0,0,0,0,0,240,7,0,0,0,0,0,0,0,0,0,1,100,NoArch
e4f893f36fb808be04a96aea4f5fcd160d1b878f,1,60,18,42,0,0,0,2,3,297,1,1,0,203,10,0,19,18,1,1430,1165,265,6,6,0,1,100,NoArch
ead7dde0e92a593d85124001c06232e8bce2c526,0,0,0,0,0,0,0,0,0,0,0,0,0,0,11,1,0,0,0,0,0,0,0,0,0,1,100,NoArch
a8c8aa74baf458b20355474f608e25f8e3918d9f,1,74,44,30,0,0,0,4,8,135,1,1,0,350,241,6,46,38,8,2209,2042,167,13,13,0,1,100,NoArch
b3a6fb3d950d1128fe2caf26faf557cef3d3b615,1,1,1,0,0,0,0,2,2,667,1,1,0,456,242,7,13,13,0,1745,1745,0,11,11,0,1,100,NoArch
40412a26a411778e2707fd096c714ee22d2fe70d,2,5,5,0,0,0,0,7,40,820,1,1,0.970950594,631,243,8,92,92,0,3928,3928,0,22,22,0,1,100,NoArch
1aa67f78199b4d941f10a82dc6b3504d1b4ea49f,2,53,24,29,0,0,0,8,51,284,1,2,0.964547659,1123,244,9,182,169,13,6987,6801,186,20,20,0,1,100,NoArch
d52526dd84fc141d98910b596897e4c06a012a15,3,299,0,299,3,0,3,1,1,0,1,2,1.179611079,0,245,10,32,0,32,1506,0,1506,10,0,10,1,99.74045235,NoArch
f7236dfb0092bd0488c728d370741ab14f69ef4e,2,36,26,10,0,0,0,10,45,632,1,1,0.999249248,1442,246,11,250,251,1,9583,9441,142,72,74,2,1,100,NoArch
af49ac4d2ee9f55d858a45429381bc94c3ab1cb0,1,11,2,9,0,0,0,4,9,5,1,1,0,380,247,12,47,46,1,2269,2209,60,13,13,0,1,100,NoArch
9e640679aa0f4b2c79490785222fd015a79595f1,4,119,43,76,1,0,1,1,70,63,1,2,1.756725164,2286,248,13,368,362,6,14780,14473,307,103,102,1,1,99.40850277,NoArch
25e879afc9c48981e3daccb055b5389799fae464,1,2,0,2,0,0,0,1,2,3,1,1,0,74,249,14,4,3,1,260,251,9,1,1,0,1,100,NoArch
3c691eb2823cb85c9ffe95e9212ce7ac0e564709,2,371,269,102,0,0,0,12,42,478,1,1,0.192822257,756,86,0,104,102,2,5026,4451,575,24,21,3,1,97.9008947,Arch
288dceedb7de28457878eecb03a571d082a48cc2,5,149,8,141,1,0,1,11,43,457,1,3,0.75300144,1461,87,1,182,171,11,8121,7427,694,43,39,4,0,99.77499196,NoArch
0baca7a966dd1031c80caa5e8e4a3e855c1f358e,4,5,5,0,0,0,0,7,16,414,1,1,1.921928095,665,88,2,43,43,0,3602,3602,0,21,21,0,0,100,NoArch
756f2a1c88d638f21515ec472088d8f504d12d44,0,0,0,0,0,0,0,0,0,0,0,0,0,0,89,3,0,0,0,0,0,0,0,0,0,1,100,NoArch
f5e430e557cc3768261ab86617b1b1589e120d92,1,1,1,0,0,0,0,3,6,0,1,1,0,145,90,4,9,9,0,733,733,0,5,5,0,0,100,NoArch
2015703cfd32cae98b14d2fd6af5ac4396237c48,15,525,522,3,4,1,5,10,52,285,1,8,2.183342222,3565,0,0,438,437,1,18964,19477,513,92,93,1,1,97.10095498,Arch
9a284c0d6d2aec86b00016a8abeddc07e5292ee9,0,0,0,0,0,0,0,0,0,0,0,0,0,0,1,1,0,0,0,0,0,0,0,0,0,0,100,NoArch
906237ab6136a9118278430490a7e6914d69b286,8,520,277,243,1,0,1,11,43,413,1,3,1.033433282,2047,208,0,246,233,13,12301,11032,1269,64,57,7,1,97.61023225,Arch
15c583e22437dcde4ec711ef0634614fcf077409,0,0,0,0,0,0,0,0,0,0,0,0,0,0,209,1,0,0,0,0,0,0,0,0,0,1,100,NoArch
12fc121ce66c2e1795d0206dfe394365eeee5fad,1,5,4,1,0,0,0,10,34,423,1,1,0,557,210,2,86,86,0,2747,2747,0,13,13,0,1,100,NoArch
a3e7420494304bc4de7ee1a0b25a5158108856f5,0,0,0,0,0,0,0,0,0,0,0,0,0,0,211,3,0,0,0,0,0,0,0,0,0,1,100,NoArch
230693d6dc648f587e88e59817eea934166c9247,1,46,26,20,0,0,0,3,7,534,1,1,0,201,0,0,23,22,1,1314,1123,191,7,7,0,1,100,NoArch
a9b2491a365a8fbe4ff0750dd99e3f165735152d,0,0,0,0,0,0,0,0,0,0,0,0,0,0,1,1,0,0,0,0,0,0,0,0,0,1,100,NoArch
fa33472297aca6a6468461bb6945225c93590d6d,4,643,0,643,4,0,4,1,1,0,1,2,1.570134133,0,2,2,90,0,90,3211,0,3211,28,0,28,1,99.68789014,NoArch
366104d169ec566004c0c1522b8ee39bc692b86d,0,0,0,0,0,0,0,0,0,0,0,0,0,0,3,3,0,0,0,0,0,0,0,0,0,1,100,NoArch
3cda222971c970270dcc7525b97dfffe4b818ced,3,92,91,1,0,0,0,1,2,3,1,2,1.035303881,576,4,4,86,86,0,2981,2981,0,24,24,0,1,100,NoArch
f52935994dec9468edf6087c5e11b3d9ed2517b1,5,57,48,9,0,0,0,1,8,6,1,3,1.888179982,865,5,5,113,113,0,4535,4525,10,35,35,0,1,100,NoArch
2c42680823079faf87705df4d0698dcf8b43ef66,8,71,687,616,0,4,4,2,7,123,1,5,2.213151454,1237,0,0,64,151,87,3326,6344,3018,22,48,26,1,99.68789014,NoArch
b62f43fda3648bd7a37da550a180c3da5a1e3986,0,0,0,0,0,0,0,0,0,0,0,0,0,0,8,0,0,0,0,0,0,0,0,0,0,1,100,NoArch
60e5a0e626c50244588db2b097490c816ed1aa3e,2,346,0,346,2,0,2,1,1,0,1,2,0.933809673,0,0,0,29,0,29,1726,0,1726,12,0,12,1,99.71866208,NoArch
47cc4e27a41a78753ed431685010da1987bca269,4,33,398,365,0,2,2,0,13,273,1,3,1.509415587,1107,2,0,59,87,28,3333,5055,1722,12,24,12,1,99.71866208,NoArch
bd9b8afea3c9d2734199138ae7c0c8e9ba9d6c2a,2,52,33,19,0,0,0,3,12,335,1,1,0.220283267,742,0,0,58,59,1,3329,3333,4,12,12,0,0,100,NoArch
5d05f2806c2281d82d362ab3993bf0c4d3e12403,0,0,0,0,0,0,0,0,0,0,0,0,0,0,1,1,0,0,0,0,0,0,0,0,0,0,100,NoArch
7a7362c141155d8fe163667328be204b1f592488,1,23,12,11,0,0,0,4,8,83,1,1,0,221,2,2,25,23,2,1393,1314,79,7,7,0,0,100,NoArch
521e325c7509f6afd5c9d8f7bf83afedc232ed9d,1,5,3,2,0,0,0,4,9,0,1,1,0,232,3,3,25,25,0,1408,1393,15,7,7,0,0,100,NoArch
d953b96f93bcfa3a8644b753c73a34f60675b427,0,0,0,0,0,0,0,0,0,0,0,0,0,0,4,4,0,0,0,0,0,0,0,0,0,0,100,NoArch
d6bcefd926dffb02d8f6ebfebad8adeea31e8f50,3,47,79,32,0,0,0,3,13,543,1,2,1.058757828,995,212,0,82,83,1,4647,4737,90,19,19,0,1,100,NoArch
044e8e77e015df051d0345927eca4fa5f38527fd,5,671,18,653,4,0,4,1,8,6,1,3,1.837035376,221,213,1,113,23,90,4535,1314,3221,35,7,28,0,99.68789014,NoArch
8572fd9551b430f31a4fdace14738f2d9959b370,1,318,92,226,0,0,0,1,4,59,1,1,0,347,6,0,90,57,33,2827,1804,1023,14,12,2,1,100,NoArch
6ff1ecbbb8527f760a81a316ffa6ae5b823f980a,3,70,7,63,0,0,0,4,14,217,1,1,1.411241084,1117,3,1,122,112,10,5492,5134,358,46,44,2,0,100,NoArch
a08804913c500b331c9296996ce1ba3d4929d3a8,1,7,3,4,0,0,0,5,15,0,1,1,0,700,4,2,66,65,1,3492,3464,28,12,12,0,0,100,NoArch
6d2bfa98635d8055d56dbe2597efc953f420ed5a,6,203,80,123,1,0,1,1,26,549,1,3,1.569450079,1661,91,0,191,192,1,8622,8012,610,57,56,1,1,99.93781095,NoArch
0e03daf1139a1a8465d6e2a6b54490e2dfc2a9ef,1,1,1,0,0,0,0,6,8,181,1,1,0,768,92,1,121,121,0,4519,4519,0,12,12,0,0,100,NoArch
298cffc4927eabf310ff65dd57847010ebb8f7f1,7,83,205,122,0,1,1,0,25,365,1,4,1.64624364,2552,5,2,313,312,1,12535,13141,606,68,69,1,0,99.93781095,NoArch
f5adbcc3c3bb447110b6733e0851b931e57465c3,1,278,278,0,0,0,0,4,7,0,1,1,0,393,6,3,57,57,0,1890,1890,0,34,34,0,0,100,NoArch
04d203ad4d8fa66eab5f1bff53eedfe68b2d5310,4,197,7,190,1,0,1,1,26,467,1,3,0.510446413,1245,214,0,200,190,10,8007,7011,996,25,22,3,0,99.93781095,NoArch
37458a93e27a8c4562d34e83248549e064b07617,0,0,0,0,0,0,0,0,0,0,0,0,0,0,215,1,0,0,0,0,0,0,0,0,0,0,100,NoArch
7f211ecdc38b15c957be8dd1bb528f40d9218abc,1,27,14,13,0,0,0,4,11,63,1,1,0,222,216,2,25,23,2,1418,1324,94,7,7,0,0,100,NoArch
71f0471b8e20774f241560440359b8b4702fbac4,0,0,0,0,0,0,0,0,0,0,0,0,0,0,217,3,0,0,0,0,0,0,0,0,0,1,100,NoArch
dce7a28c70297208c0d86a572f4c232120e72018,2,87,76,11,0,0,0,4,17,358,1,2,0.401313922,830,158,0,71,71,0,3929,3872,57,14,14,0,0,100,NoArch
83890f2af33763ac7fbb1e0c1d26db03449fca3a,2,346,0,346,2,0,2,1,1,0,1,2,0.933809673,0,218,4,29,0,29,1726,0,1726,12,0,12,1,99.72075706,NoArch
6b8586a47ef0ee52ad220f2763d5d9082e69070f,0,0,0,0,0,0,0,0,0,0,0,0,0,0,219,5,0,0,0,0,0,0,0,0,0,1,100,NoArch
956538984f20580ffa2350e2fc6319499a120ae9,2,0,346,346,0,2,2,2,2,106,1,2,0.933809673,346,159,1,0,29,29,0,1726,1726,0,12,12,1,99.72075706,NoArch
da252eb7b3d2d7b7021480db3bec1d82e6fa564d,3,49,18,31,0,0,0,3,3,132,1,2,1.054800649,400,0,0,45,41,4,2207,2012,195,16,15,1,1,100,NoArch
240d7f8e12f7e9b4e9cecd98974b3ca3602cbaa7,0,0,0,0,0,0,0,0,0,0,0,0,0,0,160,1,0,0,0,0,0,0,0,0,0,0,100,NoArch
506540da36c24e92e7cb40cc99215a487f5882b0,0,0,0,0,0,0,0,0,0,0,0,0,0,0,161,2,0,0,0,0,0,0,0,0,0,0,100,NoArch
1604cab7fad59ec4564e1e5f95ce889a5e29cb24,0,0,0,0,0,0,0,0,0,0,0,0,0,0,162,3,0,0,0,0,0,0,0,0,0,0,100,NoArch
7956daee8ac91180070f92949ecf99deae9b5ef0,0,0,0,0,0,0,0,0,0,0,0,0,0,0,163,3,0,0,0,0,0,0,0,0,0,0,100,NoArch
08b38ce79c6384b6b087202a5d96851c3166487b,1,3,1,2,0,0,0,5,18,2174,1,1,0,209,256,0,30,29,1,982,974,8,6,6,0,1,100,NoArch
c4acc8e0651afca49eb52149f1ba86f8bd8506d4,2,28,3,25,0,0,0,2,28,1049,1,2,0.869137581,365,0,0,30,27,3,1668,1512,156,15,14,1,1,100,NoArch
107bf5a2a3f2ab60f38e8d83b678f75c3db8a910,4,68,0,68,0,0,0,4,5,592,1,4,2,515,9,0,76,76,0,3558,3558,0,29,29,0,1,100,NoArch
073e52f7f8d9ca60d701def3da9f81b7b6f4419f,0,0,0,0,0,0,0,0,0,0,0,0,0,0,76,4,0,0,0,0,0,0,0,0,0,0,100,NoArch
f968e096a5b2bdba5e1ab0048ff3befd71614e09,0,0,0,0,0,0,0,0,0,0,0,0,0,0,77,5,0,0,0,0,0,0,0,0,0,0,100,NoArch
c11e5338bbb48aa07ff5b25e3f8aca6736f6a8b7,1,2,1,1,0,0,0,10,31,111,1,1,0,296,21,0,23,23,0,1083,1079,4,10,10,0,1,100,NoArch
c6e6042eaa2d58c6e4d399e313896a4720b2d744,1,3,1,2,0,0,0,8,26,972,1,1,0,297,22,1,35,35,0,1835,1835,0,8,8,0,1,100,NoArch
c738668fd47230fc0988277038c911ac11f15fc9,3,42,15,27,0,0,0,6,10,340,1,1,1.575819594,707,23,2,80,72,8,4027,3861,166,43,43,0,1,100,NoArch
532d4b0abe922367d81fb0a1f2105fe010b3dc64,0,0,0,0,0,0,0,0,0,0,0,0,0,0,24,3,0,0,0,0,0,0,0,0,0,1,100,NoArch
0a613b7693a7d2e15cfd381bcea69491ce1b695a,0,0,0,0,0,0,0,0,0,0,0,0,0,0,25,4,0,0,0,0,0,0,0,0,0,1,100,NoArch
98345c96e38096f14670004335edc134ee3deca8,2,9,0,9,0,0,0,6,11,10,1,1,0.99107606,536,26,5,59,57,2,2953,2899,54,34,32,2,1,100,NoArch
73bb9f252909974ad0bea0954c18b10b1b9c51a2,1,9,4,5,0,0,0,3,3,2580,1,1,0,385,27,6,64,63,1,1755,1731,24,17,17,0,1,100,NoArch
b49d01901d25eb9f438299669ad8db48136dd87c,1,33,0,33,0,0,0,5,9,129,1,1,0,97,28,7,23,12,11,733,524,209,5,4,1,1,100,NoArch
c21feba8d1b62a77d0f6277ba8ba2a3408c0311e,1,12,13,1,0,0,0,3,8,351,1,1,0,301,29,8,53,53,0,1705,1733,28,10,10,0,1,100,NoArch
32f7cafad67f096f25f01140614ab8906334bef4,2,19,4,15,0,0,0,6,40,2313,1,2,0.987692509,395,78,0,57,51,6,2517,2418,99,8,8,0,1,100,NoArch
60f0dbff4e5e7f509a3e98a7a41a93fec9f98d6e,1,9,0,9,0,0,0,3,3,5091,1,1,0,53,30,9,8,7,1,293,253,40,1,1,0,1,100,NoArch
6483e3e4f41ab69f989e0998855c0f5e306bee6d,1,10,11,1,0,0,0,4,4,1118,1,1,0,652,31,6,72,72,0,3159,3153,6,21,21,0,1,100,NoArch
a502692fedf3002d371f9201c487f000368e6cff,0,0,0,0,0,0,0,0,0,0,0,0,0,0,32,7,0,0,0,0,0,0,0,0,0,1,100,NoArch
0c3d3bfa8eef4aa0f3380c6bab6c24ea4e5863eb,1,127,0,127,1,0,1,1,1,0,1,1,0,0,33,8,14,0,14,713,0,713,5,0,5,1,97.49103943,Arch
2e614d9f3760184e21069cc2b007dfe4def9f01f,1,1,1,0,0,0,0,3,9,20,1,1,0,300,34,9,53,53,0,1705,1705,0,10,10,0,1,100,NoArch
8ed07ed014a5cc9d05f80307c84c15c13459f380,6,92,34,58,1,0,1,5,12,216,1,2,1.707602613,1064,35,7,137,135,2,6311,6064,247,56,55,1,2,99.50946041,NoArch
1e2d53117c6fbfd5ec8027253ddf29f2fa0a6f22,1,6,0,6,0,0,0,3,5,270,1,1,0,38,36,8,0,0,0,124,94,30,0,0,0,1,100,NoArch
6f3c6e5daa9103e0e37642adfb6a30b0d4b0b839,1,4,1,3,0,0,0,6,28,3272,1,1,0,527,37,8,95,95,0,4190,4181,9,29,29,0,1,100,NoArch
e25742de04548cea10385a8c06adbc621affb624,1,2,1,1,0,0,0,9,36,1104,1,1,0,163,0,0,20,20,0,1101,1101,0,3,3,0,1,100,NoArch
c6154c6cef7b6c9582802f0e937f442f0c37035d,1,1,1,0,0,0,0,7,21,1137,1,1,0,156,1,1,20,20,0,911,911,0,9,9,0,1,100,NoArch
7a3b71a6f27cfc2baaa7e0cf821680536c394859,0,0,0,0,0,0,0,0,0,0,0,0,0,0,67,0,0,0,0,0,0,0,0,0,0,0,100,NoArch
04db6ec142f9e7460f2e9787de9274a67f061aa1,0,0,0,0,0,0,0,0,0,0,0,0,0,0,68,1,0,0,0,0,0,0,0,0,0,0,100,NoArch
7e9726f05c22b8e25c5980c09a05729ed842db94,2,16,7,9,0,0,0,6,11,14,1,2,0.987692509,341,79,1,47,44,3,2246,2204,42,11,11,0,1,100,NoArch
1b2c46f855fe9b39cd2725987cd2dfc859d5444e,0,0,0,0,0,0,0,0,0,0,0,0,0,0,80,2,0,0,0,0,0,0,0,0,0,1,100,NoArch
66aa8ab457999ba7c8e071118a452c5f35cd3f44,0,0,0,0,0,0,0,0,0,0,0,0,0,0,2,2,0,0,0,0,0,0,0,0,0,1,100,NoArch
759f5a2276438fd8cd5e9c16a07d28c46b4027bf,0,0,0,0,0,0,0,0,0,0,0,0,0,0,3,3,0,0,0,0,0,0,0,0,0,1,100,NoArch
d2d88461705fcae9837866595062015703d8b2f7,2,26,6,20,0,0,0,4,5,583,1,1,0.337290067,1345,38,8,132,129,3,6799,6658,141,46,46,0,1,99.15134371,NoArch
4d7851378e920b2b0f9ae3ce618f71f3b60ed025,1,23,1,22,0,0,0,4,4,1145,1,1,0,59,39,9,8,5,3,364,253,111,3,3,0,1,100,NoArch
266678bc58421d1e08f70fae16b51938e850b4ea,1,4,1,3,0,0,0,9,75,396,1,1,0,1189,40,10,204,203,1,6783,6750,33,52,52,0,1,100,NoArch
b541d6efca627863f934f068ed194f0623d06263,0,0,0,0,0,0,0,0,0,0,0,0,0,0,4,4,0,0,0,0,0,0,0,0,0,1,100,NoArch
792f3e845d02e1c2e439cd2bfaa1204c1d9f8bff,1,17,8,9,0,0,0,3,5,1680,1,1,0,228,81,2,31,27,4,719,657,62,6,6,0,1,100,NoArch
060ebd4d7f1040d6fb57d7af1debf9d10b302eee,1,2,0,2,0,0,0,6,31,1455,1,1,0,311,82,3,69,69,0,1764,1718,46,5,5,0,1,100,NoArch
f0374bb41c8a203665b2f770844d2e8c324f84e3,1,2,0,2,0,0,0,9,76,26,1,1,0,1192,83,4,204,204,0,6799,6783,16,52,52,0,1,100,NoArch
9e009d4e10c2bc45b2add0336826663cb430269a,1,1,1,0,0,0,0,6,32,3,1,1,0,313,84,5,69,69,0,1764,1764,0,5,5,0,1,100,NoArch
d4be397adf3567307a878e0fb8cbcb347a541feb,0,0,0,0,0,0,0,0,0,0,0,0,0,0,5,1,0,0,0,0,0,0,0,0,0,1,100,NoArch
33fbd55927aa59f16133aee2d0e227d9c401f7e7,1,3,2,1,0,0,0,8,31,1208,1,1,0,180,41,0,18,18,0,1095,1086,9,9,9,0,1,100,NoArch
0d4049e17ce44cd4619d92e54392baddfe056aca,2,2,2,0,0,0,0,9,77,766,1,2,1,1677,85,3,302,302,0,9731,9725,6,88,88,0,1,100,NoArch
95b449506b6e70a3a06458e042a16c28adb055ab,1,3,0,3,0,0,0,6,12,1211,1,1,0,183,42,1,19,19,0,1148,1139,9,9,9,0,1,100,NoArch
60896556d3b7dd24b613b2e2ac47c1f80e39119f,0,0,0,0,0,0,0,0,0,0,0,0,0,0,6,1,0,0,0,0,0,0,0,0,0,2,100,NoArch
e3e5194d60f56811d679245fc82e00dc066516d5,0,0,0,0,0,0,0,0,0,0,0,0,0,0,7,2,0,0,0,0,0,0,0,0,0,1,100,NoArch
11db90881a41ca281eb833f2ab6e123ec882f674,1,5,1,4,0,0,0,8,21,270,1,1,0,103,43,2,12,11,1,523,511,12,3,3,0,1,100,NoArch
9470803a72d861bb3e3dca8f46475bca2b6003dc,1,1,1,0,0,0,0,1,2,108,1,1,0,127,44,3,14,14,0,712,713,1,5,5,0,1,94.20617005,Arch
637424c7b489afbce199dc236f656d8adb563990,1,44,20,24,0,0,0,5,12,4679,1,1,0,113,86,1,17,13,4,681,587,94,5,2,3,1,100,NoArch
45f8c542ae542f235fa53821de90af7895721efb,1,13,2,11,0,0,0,4,4,1226,1,1,0,267,45,4,20,19,1,1571,1514,57,7,7,0,1,100,NoArch
2a007dac5f0258007ef989d948d405b8fcb1c9a5,0,0,0,0,0,0,0,0,0,0,0,0,0,0,46,5,0,0,0,0,0,0,0,0,0,1,100,NoArch
b45a9aaf8e3abcc143cd92cff064391f184f5aa6,7,326,1780,1454,0,4,4,5,16,1672,1,2,2.282036497,2051,87,2,79,234,155,2816,9290,6474,20,85,65,1,94.39754413,Arch
ecb8693048206be7b750a71d336eb1df8c7c3544,1,1,1,0,0,0,0,9,51,1244,1,1,0,701,88,3,94,94,0,4228,4228,0,29,29,0,0,100,NoArch
78292c907f5bf28989c2cbadf9f4960875312475,0,0,0,0,0,0,0,0,0,0,0,0,0,0,89,4,0,0,0,0,0,0,0,0,0,1,100,NoArch
bf37c9d5be139dd83b8f453732c3ca24430ab6d9,1,1,1,0,0,0,0,6,20,684,1,1,0,211,90,5,30,30,0,984,984,0,6,6,0,1,100,NoArch
0e948a52a97bee8ce303fe032fd8b0e326adc8bd,1,54,28,26,0,0,0,9,78,65,1,1,0,1194,91,4,212,204,8,7000,6805,195,52,52,0,1,100,NoArch
477d6bc7f8ea6ffde9ac4f7ae27858af213c9104,1,2,1,1,0,0,0,6,19,710,1,1,0,433,92,5,70,69,1,2155,2146,9,13,13,0,1,100,NoArch
c0e6212d7fd20ab6e063d1066d81bc0d49562a98,2,23,5,18,0,0,0,4,26,2365,1,1,0.905928216,300,47,0,40,38,2,1941,1870,71,11,11,0,1,100,NoArch
76d2227efc0133439a9723508906c5aab7301254,1,75,0,75,1,0,1,1,1,0,1,1,0,0,8,0,9,0,9,383,0,383,4,0,4,1,99.0305742,NoArch
59665eb0a36342089860409243023f0175ca420e,1,5,0,5,0,0,0,1,2,2,1,1,0,75,9,1,9,9,0,383,383,0,4,4,0,1,100,NoArch
fef914ad42b1b69ed9f59907ef6678b4b9bb7d65,1,11,3,8,0,0,0,8,22,81,1,1,0,107,48,1,14,12,2,574,523,51,3,3,0,1,100,NoArch
b500242ccc53c0f5706fb772a012e82bc07eb88f,1,3,0,3,0,0,0,6,27,12,1,1,0,210,49,2,27,27,0,1485,1476,9,8,8,0,1,100,NoArch
2c8e6e80f374de2e63908d8848d7362a0ba66a8f,1,86,24,62,0,0,0,9,79,38,1,1,0,1220,50,3,221,212,9,7251,7000,251,53,52,1,2,100,NoArch
4d75bfecd2840605dedca889ad36fd833a7b336a,3,276,272,4,0,0,0,9,37,759,1,3,0.166201632,621,51,4,68,68,0,4137,4166,29,17,17,0,2,100,NoArch
7ea9bd77e367ac65d20541c252f3642add2c6129,0,0,0,0,0,0,0,0,0,0,0,0,0,0,52,5,0,0,0,0,0,0,0,0,0,1,100,NoArch
addea9caeecb88c2cd6159de499c29604c80bfbe,0,0,0,0,0,0,0,0,0,0,0,0,0,0,53,6,0,0,0,0,0,0,0,0,0,1,100,NoArch
ae2c38d56c636c35780b4e731240ad776b2a1924,2,14,4,10,0,0,0,2,22,1501,1,2,0.964078765,867,54,7,180,178,2,4123,4087,36,26,26,0,1,100,NoArch
3a7f0f0cbb16b50c841f6e7633f1a8bea6565f19,114,432,430,2,0,0,0,5,80,1805,1,51,6.647885532,28508,10,2,3692,3692,0,145575,146427,852,1115,1115,0,1,100,NoArch
7da4d6e4e488dffb0a29b61b975d8ddf513a1311,0,0,0,0,0,0,0,0,0,0,0,0,0,0,55,8,0,0,0,0,0,0,0,0,0,2,100,NoArch
caa378ba58a9748d37b2af0e4509549be589e3c1,1,13,1,12,0,0,0,11,53,2,1,1,0,701,56,8,96,94,2,4291,4220,71,29,29,0,1,100,NoArch
b9c41ebcc44bdf5e69ac46dfdba32c8ff0315438,240,15945,21587,5642,64,68,132,3,63,598,1,66,7.171483995,35456,75,0,3568,4462,894,143428,176540,33112,1218,1448,230,0,74.88931056,Arch
0460d89188ec5302f78fa8aef3ab94af54d7cde4,240,21552,15986,5566,68,66,134,0,80,788,1,66,7.170819777,29814,83,0,4451,3573,878,176286,143636,32650,1438,1223,215,0,74.88931056,Arch
02e371c24e6a511669d0d0d1c3fbe16f20022a2f,3,0,0,0,0,0,0,1,1,0,1,2,0,597,17,4,79,79,0,2816,2816,0,20,20,0,1,94.53183521,Arch
c2433d301c5606589eabd597da01a61b3ce5192d,242,16057,21699,5642,66,70,136,3,63,595,1,67,7.193231301,35456,108,0,3568,4469,901,143428,176809,33381,1218,1452,234,1,74.62121212,Arch
03cfcea850fa52e7278f52170cc070c0c4235d5e,242,21668,16102,5566,70,68,138,0,80,772,1,67,7.192494946,29814,281,0,4451,3582,869,176286,143994,32292,1438,1229,209,1,74.62121212,Arch
961d9be9e0173f1bafdc1a61d7e2829964c26185,0,0,0,0,0,0,0,0,0,0,0,0,0,0,156,0,0,0,0,0,0,0,0,0,0,1,100,NoArch
a4e1fcec276d04d3c7a4af42788ccfc05f7cc61c,242,16057,21699,5642,66,70,136,3,63,595,1,67,7.193231301,35456,109,1,3568,4469,901,143428,176809,33381,1218,1452,234,1,74.62121212,Arch
b179d2042d7256fcc6bea340c440fc577de51d3e,0,0,0,0,0,0,0,0,0,0,0,0,0,0,6,0,0,0,0,0,0,0,0,0,0,1,100,NoArch
8d78bd326003cb33534875e512d31b2bccf45068,242,21668,16102,5566,70,68,138,0,80,772,1,67,7.192494946,29814,18,2,4451,3582,869,176286,143994,32292,1438,1229,209,1,74.62121212,Arch
d8939b7d6ebff949b9125a14678f16394d56a2e4,1,8,8,0,0,0,0,3,5,20,1,1,0,115,19,3,14,14,0,536,536,0,8,8,0,1,100,NoArch
f69cf12b83894ba94e0c9f871577da19034d5655,0,0,0,0,0,0,0,0,0,0,0,0,0,0,20,4,0,0,0,0,0,0,0,0,0,1,100,NoArch
55f184554a164023ecea5ca094e1131fcd69d49c,1,3,1,2,0,0,0,10,81,26,1,1,0,1282,157,1,221,221,0,7257,7243,14,53,53,0,1,100,NoArch
077b1cb58f25dde4157e3951440121da30000ae9,1,4,6,2,0,0,0,8,33,32,1,1,0,300,80,4,53,54,1,2061,2073,12,12,12,0,1,100,NoArch
01ca2faae653d3da742295e9f4da619cffff55e5,0,0,0,0,0,0,0,0,0,0,0,0,0,0,81,4,0,0,0,0,0,0,0,0,0,1,100,NoArch
a4566c0a5ceb04d82da4e6a763b5ea7aab36e69f,242,16053,21695,5642,66,70,136,3,63,595,1,67,7.192117619,35456,23,0,3568,4468,900,143428,176811,33383,1218,1452,234,1,74.62121212,Arch
14b1087609cbf7da94093f1afa0e564955bcab89,242,21664,16098,5566,70,68,138,0,81,745,1,67,7.191381408,29814,21,4,4450,3582,868,176288,143994,32294,1438,1229,209,1,74.62121212,Arch
2ae9d555688620bb483a94a665a815d01133773c,242,16053,21695,5642,66,70,136,3,63,595,1,67,7.192117619,35456,7,1,3568,4468,900,143428,176811,33383,1218,1452,234,1,74.62121212,Arch
1a94dd0db7aa7d94a21d6890a57bf3da8a33492c,242,21664,16098,5566,70,68,138,0,81,745,1,67,7.191381408,29814,297,0,4450,3582,868,176288,143994,32294,1438,1229,209,1,74.62121212,Arch
1ecf4653351eb06696d41b73856752ae0db6b0c9,0,0,0,0,0,0,0,0,0,0,0,0,0,0,22,4,0,0,0,0,0,0,0,0,0,1,100,NoArch
b907c46a8dededf1d226ca31df1cc6c3f1976c00,1,2,1,1,0,0,0,2,2,1818,1,1,0,90,298,1,4,4,0,234,370,136,4,4,0,1,100,NoArch
e990031699b766952918c82474472f4dcac27925,5,160,111,49,0,0,0,3,23,1529,1,5,2.053187732,1868,299,2,254,254,0,8308,7996,312,54,52,2,1,100,NoArch
8b53cc099734078c5be10a2f5f6b5ba518f28cc0,244,16143,21835,5692,66,70,136,2,63,598,1,67,7.209039804,36074,290,0,3615,4515,900,145517,179076,33559,1235,1471,236,1,74.62121212,Arch
9da17e8c6c0b45556e96090811932740e9c54028,1,2,0,2,0,0,0,3,3,540,1,1,0,116,291,1,4,4,0,240,431,191,4,4,0,1,100,NoArch
469461c2ed395cf9f868e4ea759f707d4a4477eb,2,1,12,11,0,0,0,3,17,1050,1,2,0.619382195,211,8,2,10,10,0,1039,1147,108,5,5,0,3,99.78177851,NoArch
e1808048e97ce0491c86f9148edbf188c3185da6,3,0,0,0,0,0,0,1,1,0,1,2,0,573,9,3,81,81,0,3006,3006,0,23,23,0,1,99.34640523,NoArch
c68420fdc46e07e7698486046622ada39a89f3b5,0,0,0,0,0,0,0,0,0,0,0,0,0,0,10,4,0,0,0,0,0,0,0,0,0,0,100,NoArch
e71f40e4bf8c9d8eb417dfe6740f56a07cdab1f3,1,18,10,8,0,0,0,9,25,1285,1,1,0,423,11,5,56,55,1,1743,1713,30,12,11,1,1,100,NoArch
0a8dace9503fcef464f0bc4a473b5263ee507f82,242,21696,16072,5624,68,66,134,3,81,762,1,66,7.187052168,30381,23,5,4498,3621,877,178585,145456,33129,1458,1241,217,1,75.36231884,Arch
715fcede94b082e8d0d7fe3bc40fc38c045a95ff,242,16031,21731,5700,64,68,132,2,63,611,1,66,7.18771352,36081,12,6,3616,4509,893,145248,178839,33591,1236,1468,232,1,75.36231884,Arch
bab68ccaf6e22cd85c35b4d0e65885cb54a22378,0,0,0,0,0,0,0,0,0,0,0,0,0,0,13,5,0,0,0,0,0,0,0,0,0,1,100,NoArch
c7f4f96abf72da692ff27ef366b9e34bbb42265f,1,163,196,33,0,0,0,4,4,567,1,1,0,243,14,6,14,35,21,1010,1643,633,5,8,3,1,99.28571429,NoArch
ca8dd6d9dff645ebf9818ec0f12dc103c9619d40,242,21696,16039,5657,68,66,134,3,81,762,1,66,7.186881545,30348,24,2,4498,3600,898,178585,144823,33762,1458,1238,220,1,74.92043285,Arch
ccb70fb0475d5d6f3cb4150eb472f2aa49378faa,242,15998,21731,5733,64,68,132,2,63,611,1,66,7.187543648,36081,15,7,3595,4509,914,144615,178839,34224,1233,1468,235,0,74.92043285,Arch
d06f84acb8dc4c5d11aaa98f721c2e908d7df2be,242,21696,16039,5657,68,66,134,3,81,762,1,66,7.186881545,30348,84,0,4498,3600,898,178585,144823,33762,1458,1238,220,1,74.92043285,Arch
675e968320fdaa5f8931c0e638c5b794cef23012,0,0,0,0,0,0,0,0,0,0,0,0,0,0,85,1,0,0,0,0,0,0,0,0,0,0,100,NoArch
e7c4c2e84c0a0d630d046854864d5f507462bd53,0,0,0,0,0,0,0,0,0,0,0,0,0,0,86,2,0,0,0,0,0,0,0,0,0,0,100,NoArch
6aba123faf17bc2fff290476a1ebde6d724a2be9,242,15998,21731,5733,64,68,132,2,63,611,1,66,7.187543648,36081,16,3,3595,4509,914,144615,178839,34224,1233,1468,235,1,74.92043285,Arch
af654a010eace6724b548810961d2420b4f6d0bd,0,0,0,0,0,0,0,0,0,0,0,0,0,0,0,0,0,0,0,0,0,0,0,0,0,1,100,NoArch
947b50c519419ed08906da57ea551a4a4d71f1df,1,6,9,3,0,0,0,5,12,605,1,1,0,259,1,1,33,36,3,1611,1634,23,11,11,0,2,100,NoArch
eb196e166461174d925fce96c0d3c75d7c30120d,4,7,23,16,0,0,0,4,15,709,1,4,1.496215155,955,2,2,110,113,3,5683,5795,112,26,26,0,2,100,NoArch
f81c46becca010b310aea7e8bceb8686692dc95f,242,21696,16020,5676,68,66,134,3,81,762,1,66,7.186853208,30329,25,1,4498,3594,904,178585,144688,33897,1458,1238,220,0,74.92043285,Arch
89394d3f075c3a552707bd41d9c43781978bc146,242,15979,21731,5752,64,68,132,2,63,622,1,66,7.187515757,36081,3,3,3589,4509,920,144478,178839,34361,1233,1468,235,2,74.92043285,Arch
0c18b61c41729a9949db2ac7eeb6c76b9376631a,242,21696,16020,5676,68,66,134,3,81,762,1,66,7.186853208,30329,0,0,4498,3594,904,178585,144686,33899,1458,1238,220,1,74.92043285,Arch
659e0c48b6089815196c00f5ff25d6b2d4b4add9,242,15979,21731,5752,64,68,132,2,63,622,1,66,7.187515757,36081,4,4,3589,4509,920,144478,178839,34361,1233,1468,235,1,74.92043285,Arch
3e3cd0349831f37fea8032056f28f1000afba006,1,1,14,13,0,0,0,4,6,65,1,1,0,82,5,5,3,3,0,301,419,118,2,2,0,1,99.23245614,NoArch
5cb699b1c42207aa29be65d64d7681c7ffc81741,242,21696,16007,5689,68,66,134,3,81,762,1,66,7.186239751,30316,26,2,4498,3594,904,178585,144568,34017,1458,1238,220,0,75.42426147,Arch
e7514b2319d267d4cc787918e7ff2f4279134fd5,0,0,0,0,0,0,0,0,0,0,0,0,0,0,27,3,0,0,0,0,0,0,0,0,0,0,100,NoArch
c8d163fc103cd60ac8160c3e0f4423c8f2d54815,0,0,0,0,0,0,0,0,0,0,0,0,0,0,300,0,0,0,0,0,0,0,0,0,0,1,100,NoArch
ee3d1fadd798daa9a1abde69b00097455a5a7f3c,0,0,0,0,0,0,0,0,0,0,0,0,0,0,28,3,0,0,0,0,0,0,0,0,0,0,100,NoArch
0eff491d3f957f27ca81ff1144b00c9696f80b44,0,0,0,0,0,0,0,0,0,0,0,0,0,0,87,3,0,0,0,0,0,0,0,0,0,0,100,NoArch
9e3b44b2334bf3ea48081663dd0d65abe40e747b,0,0,0,0,0,0,0,0,0,0,0,0,0,0,88,4,0,0,0,0,0,0,0,0,0,0,100,NoArch
18ae3073809fdf8edeb6a237aafb6c5446a7346a,0,0,0,0,0,0,0,0,0,0,0,0,0,0,89,5,0,0,0,0,0,0,0,0,0,0,100,NoArch
587fa04b4b6ce9e74157519545a04ae95daf98f0,0,0,0,0,0,0,0,0,0,0,0,0,0,0,90,6,0,0,0,0,0,0,0,0,0,0,100,NoArch
1684b2c482fc232a9a9e06b970cff6138975bc67,0,0,0,0,0,0,0,0,0,0,0,0,0,0,91,7,0,0,0,0,0,0,0,0,0,0,100,NoArch
b27f067a5d690d82c39797154a8fd8822c5793c9,0,0,0,0,0,0,0,0,0,0,0,0,0,0,92,8,0,0,0,0,0,0,0,0,0,0,100,NoArch
cc1aadb2df9e15ac308881dafab0429c7f0a8d12,0,0,0,0,0,0,0,0,0,0,0,0,0,0,93,9,0,0,0,0,0,0,0,0,0,0,100,NoArch
489187ddf5a74fec512b6029659f606a0fa65fa5,0,0,0,0,0,0,0,0,0,0,0,0,0,0,94,10,0,0,0,0,0,0,0,0,0,0,100,NoArch
833f315172eaf354f9a60536e23e6e9d1b5f34f0,0,0,0,0,0,0,0,0,0,0,0,0,0,0,95,11,0,0,0,0,0,0,0,0,0,0,100,NoArch
ce27a8d4c6655c42388380d460c76ffa33767b14,0,0,0,0,0,0,0,0,0,0,0,0,0,0,96,12,0,0,0,0,0,0,0,0,0,0,100,NoArch
cbd35fffba616121b399ecd68fc461398fb9c9f6,0,0,0,0,0,0,0,0,0,0,0,0,0,0,97,13,0,0,0,0,0,0,0,0,0,0,100,NoArch
011c7ec9b781c92e6e677daf83740505b3f8b9ba,0,0,0,0,0,0,0,0,0,0,0,0,0,0,98,14,0,0,0,0,0,0,0,0,0,0,100,NoArch
4e33781584bcf5d57182ff22835b9a949dd87e6b,0,0,0,0,0,0,0,0,0,0,0,0,0,0,99,15,0,0,0,0,0,0,0,0,0,0,100,NoArch
4fdac71243018ed7b16c80dacd8e1a1eb2f0b4ee,0,0,0,0,0,0,0,0,0,0,0,0,0,0,100,16,0,0,0,0,0,0,0,0,0,0,100,NoArch
98b9c869c06135bdae46bbaa9284a7eba67a99b9,0,0,0,0,0,0,0,0,0,0,0,0,0,0,101,17,0,0,0,0,0,0,0,0,0,0,100,NoArch
5d682003e45c711ce87a3340b7e12d2823bd308d,0,0,0,0,0,0,0,0,0,0,0,0,0,0,102,18,0,0,0,0,0,0,0,0,0,0,100,NoArch
c06999625e4eb1c94dd1afd329dc8832334755b6,242,15966,21731,5765,64,68,132,2,63,618,1,66,7.186902509,36081,17,1,3589,4509,920,144360,178839,34479,1233,1468,235,0,75.42426147,Arch
e1d38c09a40a3393000d73a2bc7528e5809aa5e2,0,0,0,0,0,0,0,0,0,0,0,0,0,0,18,2,0,0,0,0,0,0,0,0,0,0,100,NoArch
09fc49a48ef91dc63cc402cfe90aaa7de17208c2,242,21696,16007,5689,68,66,134,3,81,762,1,66,7.186239751,30316,29,4,4498,3594,904,178585,144568,34017,1458,1238,220,0,75.42426147,Arch
1f666a3276c8ea51ef3267b61144c3da95f850a1,1,5,1,4,0,0,0,6,7,146,1,1,0,694,82,0,57,57,0,3525,3489,36,25,25,0,1,100,NoArch
e874ce94583770b4aecc7d62d408748f8233439f,1,98,8,90,0,0,0,5,7,146,1,1,0,671,83,1,86,75,11,3673,3294,379,22,21,1,1,99.55190441,NoArch
71282dbd9b09fbec3bca10aea7e1f01136d2e206,1,1,1,0,0,0,0,7,30,146,1,1,0,530,84,2,95,95,0,4182,4182,0,29,29,0,1,100,NoArch
fc484ba2bb6c76b3850026974d662e7240e3d861,2,67,60,7,0,0,0,2,33,641,1,2,0.523904291,387,85,3,31,30,1,1680,1656,24,16,15,1,1,100,NoArch
5327e966d2a52513206466844018a78dea0f8de0,1,1,1,0,0,0,0,11,54,144,1,1,0,713,86,4,96,96,0,4291,4291,0,29,29,0,1,100,NoArch
9ef439c2fc5764ce24ad2664ca68a2107dceff5f,1,4,3,1,0,0,0,4,4,147,1,1,0,213,87,5,23,23,0,1276,1276,0,8,8,0,1,100,NoArch
3c420450481f2203dd35222289301070930f166f,1,3,1,2,0,0,0,7,29,149,1,1,0,213,88,6,28,27,1,1492,1477,15,8,8,0,1,100,NoArch
db80639e499e776023ed49b86154c62645aa1938,0,0,0,0,0,0,0,0,0,0,0,0,0,0,89,7,0,0,0,0,0,0,0,0,0,1,100,NoArch
d7370ae82bad7b22706539a9e2793e472860f795,242,15967,21836,5869,64,68,132,2,63,618,1,66,7.18398028,36185,24,0,3589,4522,933,144360,179293,34933,1233,1470,237,1,75.56532663,Arch
8b04a0c17a479c2a3c08e0d8899148bc1002804f,242,21801,16008,5793,68,66,134,3,81,760,1,66,7.183350127,30316,90,8,4511,3594,917,179039,144568,34471,1460,1238,222,1,75.56532663,Arch
8874c82546e011af622d41f8f66809f60585ec10,1,6,1,5,0,0,0,9,33,150,1,1,0,181,91,9,18,18,0,1116,1087,29,9,9,0,1,100,NoArch
d41c4082260086db19b906ad4ddfaeeb0be265b3,2,6,0,6,0,0,0,8,42,1886,1,1,1,367,92,10,58,57,1,2152,2127,25,17,16,1,1,100,NoArch
658bd5181334b4c37dfd25f8f8b82c5ce9e67c29,1,7,2,5,0,0,0,8,34,129,1,1,0,298,93,11,54,53,1,2089,2061,28,12,12,0,1,100,NoArch
937177a351009952aa491c886f0f854525348f4b,243,15967,21852,5885,64,68,132,2,63,621,1,66,7.184631611,36279,19,2,3602,4537,935,144652,179667,35015,1243,1481,238,0,75.56532663,Arch
fe543003714eede30fa498f58504fa2f0725328f,6,424,22,402,2,0,2,1,10,432,1,3,1.748549768,440,6,0,78,48,30,4528,2462,2066,40,15,25,1,99.72958356,NoArch
1cf8868ef4ea3ad3da97b114efe2f45613537812,0,0,0,0,0,0,0,0,0,0,0,0,0,0,7,1,0,0,0,0,0,0,0,0,0,1,100,NoArch
e00a3a468d5e4dd0260b5a695933ed5eae1ebf4e,1,9,9,0,0,0,0,7,21,1392,1,1,0,271,8,2,38,38,0,1483,1492,9,6,6,0,1,100,NoArch
95ff255014db623116c6230ffdb37182fa05641f,0,0,0,0,0,0,0,0,0,0,0,0,0,0,20,3,0,0,0,0,0,0,0,0,0,0,100,NoArch
25847b0e570f8514cccc12e02d39037f4cf83bd0,245,21829,16416,5413,68,68,136,3,81,768,1,66,7.20411856,30796,94,12,4526,3638,888,179479,146932,32547,1471,1274,197,1,78.0883175,Arch
dcbbb147ec67c3dcb400fe47b6fe245a0e2bf040,1,1,1,0,0,0,0,8,15,8,1,1,0,143,103,0,17,17,0,739,739,0,5,5,0,1,100,NoArch
17301406f55b70970e64dfed42ea115deb2a07f2,2,11,2,9,0,0,0,5,9,3356,1,2,0.779349837,239,104,1,26,25,1,1011,957,54,12,12,0,1,100,NoArch
247061d2b33141483b995a3fb6bac997763c9681,1,1,9,8,0,0,0,5,6,0,1,1,0,114,105,2,9,10,1,348,400,52,8,8,0,1,100,NoArch
af62647b13fd9e7a4423c23d235a7f5687a7a747,3,50,9,41,0,0,0,6,13,270,1,1,1.100746977,298,301,0,35,28,7,1950,1656,294,12,10,2,1,100,NoArch
2c1a291250044dc3b9fc643e3cae55f70dafe7b9,1,9,5,4,0,0,0,4,5,57,1,1,0,214,95,1,23,23,0,1296,1276,20,8,8,0,1,100,NoArch
54812bd84f3948233370648ec95295e37aea813d,0,0,0,0,0,0,0,0,0,0,0,0,0,0,30,0,0,0,0,0,0,0,0,0,0,1,100,NoArch
62f885553694b460b785b309b92de57ed9b5a484,246,16376,21911,5535,66,68,134,2,63,625,1,66,7.207393084,36464,21,0,3648,4560,912,147318,180658,33340,1272,1487,215,1,78.0883175,Arch
e367ff207e3ec105c97e47baf9dde0769c2100ee,246,21845,16402,5443,68,68,136,3,81,784,1,66,7.207110852,30929,96,0,4548,3654,894,180360,147541,32819,1475,1278,197,1,78.0883175,Arch
ea1c47b881521933cee214f1c9843375bbc21518,0,0,0,0,0,0,0,0,0,0,0,0,0,0,97,1,0,0,0,0,0,0,0,0,0,1,100,NoArch
75355b93d38a7649cac2ca2a1c78a90ab779501d,1,44,55,11,0,0,0,5,5,264,1,1,0,190,98,2,19,21,2,1008,1040,32,6,9,3,1,97.83722254,Arch
0686a50fd98dfe22be8916f1306b4c63b95af522,3,243,109,134,0,0,0,8,82,919,1,2,0.833056331,1817,99,3,316,297,19,11062,10230,832,81,76,5,1,100,NoArch
aab55eabcd2b6e152f64162ba245b116036902ec,0,0,0,0,0,0,0,0,0,0,0,0,0,0,100,4,0,0,0,0,0,0,0,0,0,1,100,NoArch
2501c9ebb2dd2df4faff665f5fa69b60c6ad0682,1,2,2,0,0,0,0,10,83,0,1,1,0,1395,101,5,236,236,0,7975,7975,0,56,56,0,1,100,NoArch
343d4f5280d610acc79fcf307ff7f3c671636bd9,0,0,0,0,0,0,0,0,0,0,0,0,0,0,102,6,0,0,0,0,0,0,0,0,0,0,100,NoArch
1dcb7bc41ebb7cdb24d2333835398eb37aab3e5a,0,0,0,0,0,0,0,0,0,0,0,0,0,0,31,0,0,0,0,0,0,0,0,0,0,1,100,NoArch
d38e6c9863be94658e243a6dde51464acea170e7,246,16361,22003,5642,66,68,134,2,63,625,1,66,7.200642117,36571,22,0,3648,4576,928,147318,181414,34096,1272,1487,215,1,79.14379802,Arch
a8664eb055fff5dc40ec91c93f17706d740b0933,246,21979,16402,5577,68,68,136,3,83,779,1,66,7.200162937,30929,103,7,4567,3654,913,181192,147541,33651,1480,1278,202,0,78.0883175,Arch
ce186416ddca53bbdaaf58d7b6e2b04f8c92a0b6,0,0,0,0,0,0,0,0,0,0,0,0,0,0,104,8,0,0,0,0,0,0,0,0,0,1,100,NoArch
fa94bbb537421401a6c3fc19ae376e90bd50e69e,0,0,0,0,0,0,0,0,0,0,0,0,0,0,105,9,0,0,0,0,0,0,0,0,0,1,100,NoArch
7ee1bafd16863ad77bd1c97146b2e5383db6a033,4,48,26,22,0,0,0,8,34,794,1,4,1.129170506,937,106,10,101,100,1,3688,3658,30,26,26,0,2,100,NoArch
98d14efe8c22934db03aa12d28b31ece46a46c67,22,45,194,149,0,1,1,4,84,786,1,15,3.126582241,8450,32,1,1227,1241,14,42534,43585,1051,329,337,8,1,94.86521181,Arch
4b9f2fbdc481916b9e8cc2fa627820f323b8d5be,1,0,0,0,1,0,1,3,7,0,1,1,0,0,33,2,0,0,0,0,0,0,0,0,0,0,99.85611511,NoArch
901c8e101a7c896f3969f2a9b13271d3060e2989,1,8,8,0,0,0,0,10,85,5,1,1,0,1391,107,11,233,236,3,7950,7927,23,56,56,0,1,100,NoArch
d6f1bc2966279bfc1439a76a1031b822b0bc52b3,0,0,0,0,0,0,0,0,0,0,0,0,0,0,108,12,0,0,0,0,0,0,0,0,0,1,100,NoArch
ef198ffedc31fb4194dee4aaa4d7acd58b0a6a0a,2,58,16,42,0,0,0,5,8,902,1,2,0.303374836,823,109,10,99,89,10,4291,4007,284,25,25,0,1,99.6400288,NoArch
943aed79faeec1759a3f617b14f9023ec8b84214,1,0,1,1,0,0,0,9,24,305,1,1,0,115,110,11,14,14,0,557,566,9,3,3,0,1,100,NoArch
5c669c050333fec02c272cedb413147416982e74,0,0,0,0,0,0,0,0,0,0,0,0,0,0,158,0,0,0,0,0,0,0,0,0,0,1,100,NoArch
ec13eec98c905b5e64015f175f715ed6363222e6,0,0,0,0,0,0,0,0,0,0,0,0,0,0,159,1,0,0,0,0,0,0,0,0,0,1,100,NoArch
0feae8ecbda72eac4d2a1d5f615d0c358a602d98,0,0,0,0,0,0,0,0,0,0,0,0,0,0,34,3,0,0,0,0,0,0,0,0,0,1,100,NoArch
533ac7f9416972a8f6d8e064bfe7ae8f151b9a0c,254,16545,22112,5567,67,68,135,2,63,657,1,69,7.220632406,38324,23,1,3873,4797,924,154728,188133,33405,1375,1585,210,1,76.32552404,Arch
f083ee6339d8941794e9928b8061a23563d2986b,254,22140,16591,5549,68,69,137,3,85,771,1,69,7.218552126,32757,111,8,4798,3879,919,188238,154951,33287,1578,1381,197,1,76.32552404,Arch
8caa2a1a2db00dea750d500d0de5e892ae02f7c3,6,141,17,124,1,0,1,6,14,1144,1,2,2.262382355,585,112,5,86,71,15,4013,3423,590,23,18,5,1,97.76574137,Arch
9eeb52325088e39ebf2c43df1287d1410a0954f9,254,16410,22296,5886,66,69,135,2,63,644,1,69,7.217186968,38506,24,1,3859,4827,968,153877,189250,35373,1367,1596,229,1,77.45830937,Arch
6ab0d1dd16e7d5c585c3efebdb1bf840b0490a42,0,0,0,0,0,0,0,0,0,0,0,0,0,0,25,2,0,0,0,0,0,0,0,0,0,1,100,NoArch
be48024cb91d6d61120941c07df690a97672426a,254,22266,16456,5810,69,68,137,3,85,796,1,69,7.216769295,32620,160,2,4813,3871,942,188828,154355,34473,1583,1379,204,0,77.45830937,Arch
a3d903731b82904f96ece7386c8a4903efa455c1,1,6,0,6,0,0,0,11,55,191,1,1,0,713,113,4,98,96,2,4335,4291,44,29,29,0,1,100,NoArch
d9ba9e916ed00782922516dd3e8f5af0892a5631,1,6,0,6,0,0,0,11,56,0,1,1,0,719,114,5,100,98,2,4385,4335,50,29,29,0,1,100,NoArch
5623c32e12edca9769538bff21b5942cc03078f0,10,106,55,51,0,0,0,5,14,2221,1,6,2.168661137,1859,35,1,178,178,0,6138,6128,10,80,80,0,1,95.63591022,Arch
2228658a38c1add6a4236d46986b72d701372865,1,1,1,0,0,0,0,5,8,0,1,1,0,262,36,2,32,32,0,772,771,1,6,6,0,0,95.63591022,Arch
d0dec0295666de457c8dce871c7637f1b3ebe766,3,25,25,0,0,0,0,3,9,114,1,2,1.478845536,547,37,3,36,36,0,1339,1339,0,21,21,0,1,100,NoArch
d5d9e8708e759c6f49c880b50df04060e0167639,260,16442,22391,5949,66,69,135,2,63,647,1,70,7.223996374,39423,26,2,3939,4911,972,156426,191904,35478,1403,1632,229,0,77.45830937,Arch
7a6ddd70c23836ea2295f12b936ed61de34623fa,0,0,0,0,0,0,0,0,0,0,0,0,0,0,9,0,0,0,0,0,0,0,0,0,0,1,100,NoArch
ddcbf82c1c75f8cf2bd1fa0c0e5cbf60efa0a785,260,22361,16488,5873,69,68,137,3,85,823,1,70,7.223579207,33474,1,0,4897,3951,946,191482,156904,34578,1619,1415,204,1,77.45830937,Arch
7ca68d4a1fbe1a1b55bdad3f641d35551f270995,1,1,2,1,0,0,0,10,86,86,1,1,0,1391,115,1,233,233,0,7950,7950,0,56,56,0,1,100,NoArch
73a3c317962d1b112c9eb14aca1a2d115331b50b,1,158,13,145,0,0,0,5,6,392,1,1,0,278,116,1,39,20,19,2348,1563,785,11,7,4,1,99.68010237,NoArch
53dd302418190d8cd79efe8753b0fddfc204d03e,2,38,9,29,0,0,0,9,44,115,1,1,0.944087018,496,117,2,75,65,10,3185,3046,139,16,16,0,1,100,NoArch
a56db08ecca7f1aaa8f9e6bc2c29bd169a20c1ab,1,100,0,100,1,0,1,1,1,0,1,1,0,0,161,0,13,0,13,428,0,428,3,0,3,1,99.87228608,NoArch
fa6bbddd845797f8ea93eafb7364ac00f2b8b3d1,1,105,0,105,1,0,1,1,1,0,1,1,0,0,118,3,13,0,13,426,0,426,5,0,5,1,99.8729352,NoArch
8a336cc89f3cef0b37ff5c7453d36da2358c8484,3,44,10,34,0,0,0,7,11,484,1,2,1.432465764,535,119,4,56,52,4,2182,2041,141,30,28,2,1,100,NoArch
c24f262e3640ace2ed49ad8efef412ec9b02b8ff,1,3,1,2,0,0,0,10,87,50,1,1,0,1390,162,1,234,233,1,7987,7950,37,56,56,0,1,100,NoArch
47c4a85bebb6563f1405dad49f434e61fc854d77,0,0,0,0,0,0,0,0,0,0,0,0,0,0,163,2,0,0,0,0,0,0,0,0,0,1,100,NoArch
9b61a587679cb8e061b576ab43c9eb50b09f6c2b,1,4,2,2,0,0,0,10,88,3,1,1,0,1392,164,3,234,234,0,7987,7987,0,56,56,0,1,100,NoArch
833d052080dccb213fcfeeed9fa93f24244eda5e,263,16441,22806,6365,66,71,137,2,63,665,1,72,7.240509049,40061,10,0,3958,4990,1032,157065,194499,37434,1416,1659,243,1,77.26231386,Arch
37058885ba8b9f82acb17dc11a6e21334a384da9,263,22776,16487,6289,71,68,139,3,88,809,1,72,7.240095786,33696,38,0,4976,3970,1006,194077,157543,36534,1646,1428,218,0,77.26231386,Arch
a9babcad4bf83717edb5e6a24955f37b034fc958,0,0,0,0,0,0,0,0,0,0,0,0,0,0,39,1,0,0,0,0,0,0,0,0,0,0,100,NoArch
866591ef627e8741f47432ddce2879f8e8c160d0,1,1,1,0,0,0,0,10,39,444,1,1,0,164,40,2,20,20,0,1071,1076,5,3,3,0,1,100,NoArch
fb2a50852a154f2f875a2f8893c34646df43cae0,263,16441,22806,6365,66,71,137,2,63,665,1,72,7.240509049,40061,27,0,3958,4990,1032,157065,194494,37429,1416,1659,243,1,77.26231386,Arch
e5d4c2fdf17bc8d48995cd6f2fecbb1567b79751,0,0,0,0,0,0,0,0,0,0,0,0,0,0,28,1,0,0,0,0,0,0,0,0,0,0,100,NoArch
afe6852199cbfa74d4e60759dd9e3503a5a89d0d,265,22782,16487,6295,71,68,139,3,88,812,1,73,7.240738152,33987,41,3,4992,3986,1006,194683,158144,36539,1654,1436,218,1,77.26231386,Arch
280912d0b66cc8b49d70c6fd7e01f221833290de,263,16442,22809,6367,66,71,137,2,63,670,1,72,7.24049906,40064,29,2,3958,4990,1032,157067,194498,37431,1416,1659,243,1,77.26231386,Arch
9d2bfc032bc01beaa42caa52530da799e180db12,1,8,1,7,0,0,0,2,2,394,1,1,0,322,11,1,60,59,1,1647,1616,31,13,13,0,1,100,NoArch
09e3cfb2f53bd774f8e27c9d087e54619064b37a,263,22781,16495,6286,71,68,139,3,89,793,1,72,7.239808604,33704,42,4,4976,3971,1005,194088,157576,36512,1646,1428,218,0,77.26231386,Arch
3435b59901ae676d4810bdbb4781d5fb56ea84b7,263,16451,22811,6360,66,71,137,2,63,670,1,72,7.240179625,40066,30,3,3959,4990,1031,157108,194510,37402,1416,1659,243,0,77.26231386,Arch
b1522f36f78decf18a99b2be2fbf2c185c5ce144,263,22779,16497,6282,71,68,139,3,90,793,1,72,7.239860528,33706,43,5,4976,3971,1005,194076,157586,36490,1646,1428,218,0,77.26231386,Arch
37f3040acaf833123f26b7b959c3d8fcd821e635,263,16449,22809,6360,66,71,137,2,63,667,1,72,7.240309448,40064,31,4,3959,4990,1031,157098,194498,37400,1416,1659,243,0,77.26231386,Arch
0d687506c307824ddb81c90238b0fb5d612847b6,0,0,0,0,0,0,0,0,0,0,0,0,0,0,12,2,0,0,0,0,0,0,0,0,0,1,100,NoArch
38d1be3aa1083cc35b5f7f4a4673874eb83d9332,2,63,4,59,0,0,0,5,13,169,1,2,0.767190321,1026,13,3,178,168,10,6603,6290,313,46,45,1,1,100,NoArch
1065a5f80a987bfdd4f2fa3c64deb90ef11bdf69,263,22842,16554,6288,71,68,139,3,91,793,1,72,7.239520262,33763,2,0,4987,3981,1006,194523,157889,36634,1647,1429,218,1,77.26231386,Arch
12c106c6d51920056178907f8a59e1f2409b43fe,1,1,1,0,0,0,0,11,92,2,1,1,0,1398,3,1,237,237,0,8025,8024,1,56,56,0,1,100,NoArch
ef7088745115fe7326501a92616182ce2fc927ac,263,16506,22872,6366,66,71,137,2,63,666,1,72,7.24000704,40127,14,4,3970,5001,1031,157412,194946,37534,1417,1660,243,1,77.26231386,Arch
0bd0d62989bbf75d913aca54ef00261ecea40664,1,11,10,1,0,0,0,5,14,2,1,1,0,308,15,5,42,41,1,1875,1872,3,12,12,0,1,100,NoArch
6893fd2477e96fb73b556606b6f97bd6e2a29a97,263,22847,16553,6294,71,68,139,3,93,793,1,72,7.239594834,33762,4,2,4989,3983,1006,194555,157893,36662,1647,1429,218,1,77.26231386,Arch
efeaf59e52ba67971558c2697cdaad4c60c55333,2,260,0,260,2,0,2,1,1,0,1,2,0.758760421,0,120,0,28,0,28,1017,0,1017,8,0,8,1,99.68414403,NoArch
1dc428529fe75a5f0faa37d345721705931f3623,0,0,0,0,0,0,0,0,0,0,0,0,0,0,121,1,0,0,0,0,0,0,0,0,0,1,100,NoArch
04d387a5d2d6c01493aa245f5d34b8e95994f0c2,2,29,97,68,0,0,0,10,94,2,1,2,0.73444618,1660,5,3,256,269,13,9172,9651,479,65,66,1,1,100,NoArch
141de37cdc293ddaa0c832e1363d6c4d21c6a3d1,265,16449,23069,6620,66,73,139,2,63,664,1,74,7.254811788,40324,16,6,3959,5018,1059,157098,195515,38417,1416,1667,251,1,77.15591091,Arch
f21f68001fd1ef247144624c7f2345aae84211f6,2,62,4,58,0,0,0,5,16,0,1,2,0.715825931,1026,17,7,180,168,12,6607,6290,317,46,45,1,1,100,NoArch
b405e4625b92c1fa8ce41704ea7f15f68a1b5be6,265,23091,16553,6538,73,68,141,3,95,787,1,74,7.254070823,33762,6,4,5017,3983,1034,195385,157893,37492,1655,1429,226,1,77.15591091,Arch
870d866b4fa62004f552ad7c38467b6d21b25462,1,1,1,0,0,0,0,11,96,14,1,1,0,1398,122,2,237,237,0,8026,8025,1,56,56,0,1,100,NoArch
213e3ce41887b944aa167f00b05387cd0e661f82,265,16507,23121,6614,66,73,139,2,63,664,1,74,7.254477295,40376,18,7,3971,5031,1060,157415,195808,38393,1417,1668,251,1,77.15591091,Arch
78ce9a6cc378cb477900dd721f80f7b121905884,265,23095,16553,6542,73,68,141,3,96,788,1,74,7.254172684,33762,123,3,5018,3983,1035,195434,157893,37541,1655,1429,226,1,77.15591091,Arch
04c67ab2669a6c2a903635d23283da7c9e174d97,1,14,5,9,0,0,0,11,35,195,1,1,0,289,124,4,24,23,1,1028,971,57,10,10,0,1,100,NoArch
fddd48871648167754d2cf82b39fc931049b1418,265,16507,23134,6627,66,73,139,2,63,664,1,74,7.254592071,40389,19,8,3971,5033,1062,157415,195913,38498,1417,1668,251,1,77.15591091,Arch
2f84cbc1967dbcd0962e0a1fb781ceec4617f863,1,5,4,1,0,0,0,5,16,363,1,1,0,307,20,9,37,37,0,1744,1744,0,10,10,0,1,100,NoArch
7f0838608b1e12224397e18b46de622bc5663673,1,1,0,1,0,0,0,5,17,0,1,1,0,308,21,10,37,37,0,1755,1744,11,10,10,0,1,100,NoArch
9f7cbca8361248e23218e0e386faf469d635967e,3,24,1,23,0,0,0,4,17,653,1,2,1.569025574,944,22,11,161,158,3,5556,5484,72,55,52,3,1,100,NoArch
2207380d9524ae4885c1896b1161167ed6a711b8,5,287,71,216,1,1,2,1,18,734,1,3,1.522160423,701,23,11,94,83,11,4993,3976,1017,40,29,11,1,99.05857741,NoArch
733e6c1a96670de4233927752dd52fc924e43eff,1,9,4,5,0,0,0,4,5,374,1,1,0,255,24,11,43,42,1,1752,1709,43,8,8,0,1,100,NoArch
fc0f38290afe6591a239295a9079afef29408cf0,0,0,0,0,0,0,0,0,0,0,0,0,0,0,25,12,0,0,0,0,0,0,0,0,0,1,100,NoArch
5d358b6bb5fb026c08c9df274504984b3149c9cd,1,15,1,14,0,0,0,6,6,1506,1,1,0,50,26,13,9,6,3,248,177,71,4,3,1,1,100,NoArch
1f6c25eec590b90c17335b243643b882efb649f6,265,23126,16825,6301,73,68,141,3,96,789,1,74,7.263542386,34022,125,5,5021,3995,1026,195520,158852,36668,1655,1438,217,1,77.64436821,Arch
b70bf357fbe85a3be9379380eee71225d95f31b3,1,5,7,2,0,0,0,1,2,42,1,1,0,203,126,4,26,26,0,761,757,4,6,6,0,1,100,NoArch
01306ff537a1f39364d969dc8cdb435b95bebf4a,265,16779,23154,6375,66,73,139,2,63,672,1,74,7.263926879,40397,32,0,3989,5024,1035,158629,195692,37063,1432,1658,226,1,77.64436821,Arch
1e4090ca77a450b54e0555ac0c255f327f4f8509,265,23124,16825,6299,73,68,141,3,96,789,1,74,7.263524155,34022,44,0,5021,3995,1026,195524,158852,36672,1655,1438,217,1,77.64436821,Arch
7337544e587fc11a93fff8896391c538bfb979f9,265,16780,23154,6374,66,73,139,2,63,674,1,74,7.26396192,40397,33,1,3989,5024,1035,158631,195692,37061,1432,1658,226,1,77.64436821,Arch
409629b6ed5c2fdb431efc696c0c96cfea75f7a2,1,4,4,0,0,0,0,5,22,1515,1,1,0,281,34,2,17,17,0,1437,1437,0,8,8,0,0,100,NoArch
147446dda7793e14153c5e9aa53b417313d06b27,0,0,0,0,0,0,0,0,0,0,0,0,0,0,27,9,0,0,0,0,0,0,0,0,0,1,100,NoArch
9c9f0b6743cdc85ca172bbb13728e923f5015fb7,0,0,0,0,0,0,0,0,0,0,0,0,0,0,28,10,0,0,0,0,0,0,0,0,0,1,100,NoArch
2a1da06519a3c90941950abb76d75fe7f680b826,265,23128,16830,6298,73,68,141,3,96,789,1,74,7.263510304,34023,127,4,5021,3995,1026,195524,158854,36670,1655,1438,217,1,77.64436821,Arch
0b26f0c11deb103fb0f234b47d6542f69c75692e,265,16793,23158,6365,66,73,139,2,63,679,1,74,7.264858084,40397,29,6,3991,5024,1033,158699,195692,36993,1432,1658,226,1,77.64436821,Arch
2563a054ba4511992ec3186d048e0a2d2d0e0318,265,23137,16836,6301,73,68,141,3,96,787,1,74,7.264544039,34032,128,3,5022,3997,1025,195589,158922,36667,1656,1438,218,1,77.64436821,Arch
85da88497781762182075ddd000b79d4b45f04a3,265,16797,23161,6364,66,73,139,2,63,673,1,74,7.265012988,40409,30,7,3992,5025,1033,158764,195757,36993,1433,1659,226,1,77.64436821,Arch
f69972533e03b0e9f67c577769cb7220d95aba62,0,0,0,0,0,0,0,0,0,0,0,0,0,0,35,3,0,0,0,0,0,0,0,0,0,0,100,NoArch
29b2ead2095ca3047d4bc9cb1bd1081db5d16e78,265,23131,16843,6288,73,68,141,3,96,787,1,74,7.264607415,34045,45,1,5022,3998,1024,195589,158987,36602,1656,1439,217,0,77.64436821,Arch
347afb77cd00b2f25d75f45606e8ee401fa6c8fa,265,16797,23161,6364,66,73,139,2,63,673,1,74,7.265012988,40409,36,4,3992,5025,1033,158764,195757,36993,1433,1659,226,0,77.64436821,Arch
95c21405416ed2f864e139f0e772a9cca19376c1,265,23131,16843,6288,73,68,141,3,96,787,1,74,7.264607415,34045,46,2,5022,3998,1024,195589,158987,36602,1656,1439,217,0,77.64436821,Arch
4284edffb59fb56fb5c7595151bb45e7a842484c,11,39,21,18,0,0,0,9,40,779,1,7,2.881569628,3811,47,3,566,566,0,22534,22484,50,181,181,0,1,100,NoArch
0541f4605c6af12097b56d2f6bb8286c6aaee0c1,266,16808,23180,6372,66,73,139,2,63,683,1,74,7.267922839,40780,37,5,4029,5062,1033,159864,196877,37013,1460,1686,226,1,77.64436821,Arch
a479257feebc3fa7db3aba27b4f44fe58be6c3db,4,12,22,10,0,0,0,8,24,0,1,3,1.644804279,1262,38,6,158,158,0,5503,5533,30,64,64,0,0,100,NoArch
d18d434a7ad8a1e7f59a1acd8ec3bfcdc024ab99,269,23336,16855,6481,75,68,143,3,96,761,1,76,7.281494049,34704,165,0,5120,4080,1040,199195,161666,37529,1698,1476,222,1,77.22317843,Arch
91821db3ac46532925e195ce8f44cd4c4ba19062,0,0,0,0,0,0,0,0,0,0,0,0,0,0,129,2,0,0,0,0,0,0,0,0,0,1,100,NoArch
d0d711310f08726ab44c767fbe6448ac07f428a0,1,1,1,0,0,0,0,5,6,1337,1,1,0,202,130,3,26,26,0,761,757,4,6,6,0,1,100,NoArch
c32ae97163b0b6297cd4a462030bd6890b06b8b8,0,0,0,0,0,0,0,0,0,0,0,0,0,0,131,4,0,0,0,0,0,0,0,0,0,0,100,NoArch
e27a0c1d48294e48514ccc007fc3617278570ad8,0,0,0,0,0,0,0,0,0,0,0,0,0,0,132,5,0,0,0,0,0,0,0,0,0,0,100,NoArch
7f44cdc998117eacc04609008fdac4ce1e2bb387,2,6,256,250,0,0,0,4,7,1379,1,1,0.251319262,473,166,1,24,63,39,1334,2501,1167,3,21,18,1,95.19890261,Arch
50ba50dd730a01c58451e8b4b145748eaacf4ce1,0,0,0,0,0,0,0,0,0,0,0,0,0,0,167,2,0,0,0,0,0,0,0,0,0,1,100,NoArch
878802b50f4a6e84e574871c6cad30a272f376fe,270,17068,23369,6301,67,75,142,2,63,653,1,77,7.291304853,41214,31,0,4079,5110,1031,160780,198957,38177,1468,1689,221,0,75.36764706,Arch
3c34bf15e745b02b2f8d915e9c55eddd8c5c846e,0,0,0,0,0,0,0,0,0,0,0,0,0,0,39,0,0,0,0,0,0,0,0,0,0,1,100,NoArch
c84bbb199a466099765e37e4bc646f53a83b0086,270,23339,17114,6225,75,69,144,3,96,767,1,77,7.290900482,34913,106,0,5107,4085,1022,198789,161003,37786,1686,1474,212,0,75.36764706,Arch
dbe727843fa768c09f72ed7e4e13c90dd72cca3e,0,0,0,0,0,0,0,0,0,0,0,0,0,0,107,1,0,0,0,0,0,0,0,0,0,0,100,NoArch
fc8fdabfd6026e9035aac6785d94283fe49fe7df,0,0,0,0,0,0,0,0,0,0,0,0,0,0,108,2,0,0,0,0,0,0,0,0,0,0,100,NoArch
f068598597d83ea23c04e13b661367517b0da869,0,0,0,0,0,0,0,0,0,0,0,0,0,0,109,3,0,0,0,0,0,0,0,0,0,0,100,NoArch
f8acfd20552b74d78c6b9055d286e72d3b5b71f6,270,17068,23369,6301,67,75,142,2,63,653,1,77,7.291304853,41214,32,1,4079,5110,1031,160780,198957,38177,1468,1689,221,0,75.36764706,Arch
0522b37f453811962c61c7bb99c82862a04e4fa0,270,23339,17114,6225,75,69,144,3,96,767,1,77,7.290900482,34913,168,0,5107,4085,1022,198789,161003,37786,1686,1474,212,0,75.36764706,Arch
6db445bf25b881231ef9e691f3dd1e72b6373590,270,17083,23369,6286,67,75,142,2,63,653,1,77,7.292023606,41214,33,1,4082,5110,1028,160828,198957,38129,1469,1689,220,1,75.36764706,Arch
799a403104e4c6959cce904a720ed12065381817,13,1004,20,984,7,0,7,3,18,486,1,6,3.127877244,1435,34,2,333,203,130,13832,8295,5537,128,64,64,1,96.24261943,Arch
cd0ed80f06777e0bd39e41733b2bb5dd7aab4fa5,0,0,0,0,0,0,0,0,0,0,0,0,0,0,35,3,0,0,0,0,0,0,0,0,0,1,100,NoArch
3e44765b7c85b6f316d955403c0e0132a6a8954d,0,0,0,0,0,0,0,0,0,0,0,0,0,0,36,4,0,0,0,0,0,0,0,0,0,1,100,NoArch
1e294c11467cbc22e34439f0e606a28277006afe,3,11,22,11,0,0,0,4,8,385,1,3,1.382285385,425,37,4,33,33,0,2214,2300,86,15,15,0,1,100,NoArch
ea909879d60a41eac1ce05eee2ecd3e75a393a09,0,0,0,0,0,0,0,0,0,0,0,0,0,0,38,5,0,0,0,0,0,0,0,0,0,1,100,NoArch
21f7f0cf26f0b3ee3c2c5e0f65d4b15714f72fee,0,0,0,0,0,0,0,0,0,0,0,0,0,0,39,6,0,0,0,0,0,0,0,0,0,1,100,NoArch
9538868c98beb351c64222f24d9755fd6a97d3b3,1,0,3,3,0,0,0,5,6,223,1,1,0,152,40,7,11,11,0,649,671,22,5,5,0,1,100,NoArch
0ef6fa7c8d3876c51456b9932f42ab58c0b34acd,1,145,151,6,0,0,0,3,8,33,1,1,0,241,41,8,26,24,2,1336,1382,46,10,10,0,1,100,NoArch
b45c102054c7034918b5338b7d1786125e8412e3,1,2,1,1,0,0,0,6,19,33,1,1,0,818,42,9,145,145,0,4948,4936,12,35,35,0,1,100,NoArch
22ba9c3aa33421e098b0060fd1691b004f14608e,1,95,34,61,0,0,0,6,20,0,1,1,0,819,43,10,153,145,8,5257,4948,309,36,35,1,1,100,NoArch
d8b66090de7c339f8708ad5ebe5d9281dee262f5,1,29,28,1,0,0,0,7,22,515,1,1,0,271,44,11,37,38,1,1490,1483,7,6,6,0,1,100,NoArch
4536555cf7b33ab14f066b7553ce7cd6acf05f65,5,97,104,7,0,0,0,5,11,2127,1,4,1.268748587,922,45,12,108,110,2,3681,3640,41,35,35,0,1,100,NoArch
494a8a159c713118ffdb71ff47a573d258aa8ed5,4,24,28,4,0,0,0,6,19,686,1,4,1.6478689,1343,40,0,188,188,0,9001,8993,8,45,45,0,1,100,NoArch
267eb2e46ca37c01656dd70d3ce139b05c594cce,0,0,0,0,0,0,0,0,0,0,0,0,0,0,41,1,0,0,0,0,0,0,0,0,0,0,100,NoArch
ac3749c7c05c90f1b160cbf81b97f2673fdd56ad,3,15,3,12,0,0,0,6,20,566,1,2,1.351644115,724,46,13,77,76,1,4389,4311,78,26,26,0,1,100,NoArch
4f0a4e0b85b1303407c38b7e7f234ac14143016c,1,35,2,33,0,0,0,5,7,1099,1,1,0,88,47,10,21,10,11,661,455,206,4,3,1,1,100,NoArch
2301f1493732387cbd43b0a872586daece56eee6,1,15,9,6,0,0,0,3,4,45,1,1,0,151,48,11,16,15,1,579,549,30,8,8,0,1,100,NoArch
a03fb73bb733c3c885cfd91acaade8c1db52a1d2,2,55,52,3,0,0,0,6,8,9,1,1,0.90192559,227,49,12,20,19,1,1260,1312,52,7,7,0,1,99.72253052,NoArch
5a1200ab16cd389d0bf564b4cd2e1682f55b29fc,0,0,0,0,0,0,0,0,0,0,0,0,0,0,42,2,0,0,0,0,0,0,0,0,0,0,100,NoArch
0fa7f8dc278a2b1c95e381d5d3ec701d41fa2997,280,23419,18262,5157,75,76,151,3,96,748,1,80,7.355742827,36468,48,0,5171,4314,857,200912,169845,31067,1706,1566,140,0,73.64735837,Arch
d3e997ade730cb2257ee34f5695393fbbe0895bd,0,0,0,0,0,0,0,0,0,0,0,0,0,0,49,1,0,0,0,0,0,0,0,0,0,0,100,NoArch
57998748595b5c1aa8be30dd032d3a31420de28e,280,18241,23454,5213,74,75,149,2,63,664,1,80,7.356535939,41701,43,3,4299,5182,883,169085,201700,32615,1556,1715,159,1,73.64735837,Arch
8cc25457ffe443ad078296775e08fb50f587ef43,2,9,1,8,0,0,0,6,7,255,1,1,0.881290899,201,44,4,23,21,2,1086,1032,54,4,4,0,1,100,NoArch
7234cdf961e6d83754bc295cd6798987ebc4cc46,1,8,3,5,0,0,0,4,7,0,1,1,0,102,45,5,14,12,2,589,563,26,2,2,0,1,100,NoArch
841d7ccc1246b1683551f1e2d43898c784c938d1,1,1,0,1,0,0,0,6,8,0,1,1,0,107,46,6,11,11,0,537,523,14,2,2,0,1,100,NoArch
a78903091a6d7ae6c42af74f22d1fee12e4bb87f,280,23422,18299,5123,75,76,151,3,96,748,1,80,7.356910482,36502,169,0,5171,4320,851,200912,170051,30861,1706,1567,139,0,73.64735837,Arch
68948f029f094d4ece82f62aa7c11a48c144d4fd,0,0,0,0,0,0,0,0,0,0,0,0,0,0,170,1,0,0,0,0,0,0,0,0,0,0,100,NoArch
ee0edbc8c1ef4d7ae0f6b601574bb0e9820c5eb3,0,0,0,0,0,0,0,0,0,0,0,0,0,0,50,2,0,0,0,0,0,0,0,0,0,0,100,NoArch
a748da8ae658b0fc571f659801d82dc7cc760ca3,280,18271,23454,5183,74,75,149,2,63,658,1,80,7.357230423,41701,47,6,4303,5182,879,169179,201700,32521,1556,1715,159,0,73.64735837,Arch
e0bf5aad9104bba3f8899c69d5a676ac79ade266,280,23422,18315,5107,75,76,151,3,96,748,1,80,7.357171,36518,51,3,5171,4320,851,200912,170051,30861,1706,1567,139,0,73.64735837,Arch
3532d6b0133e81ed308b2b235d7ec53931a89e15,0,0,0,0,0,0,0,0,0,0,0,0,0,0,52,4,0,0,0,0,0,0,0,0,0,0,100,NoArch
dfc9482dca07067c914e8b122e0fe589e45b6846,280,18271,23454,5183,74,75,149,2,63,658,1,80,7.357230423,41701,48,6,4303,5182,879,169179,201700,32521,1556,1715,159,0,73.64735837,Arch
2e129b177131b4858ba5dbf426491c0516fd6884,0,0,0,0,0,0,0,0,0,0,0,0,0,0,49,7,0,0,0,0,0,0,0,0,0,0,100,NoArch
7a39871fe94b21859322e67045fd9aeaf38d4924,280,23422,18315,5107,75,76,151,3,96,748,1,80,7.357171,36518,53,5,5171,4320,851,200912,170051,30861,1706,1567,139,0,73.64735837,Arch
4351c65ffc92ca747bbd8639697194fd74ee670c,0,0,0,0,0,0,0,0,0,0,0,0,0,0,54,6,0,0,0,0,0,0,0,0,0,0,100,NoArch
ef3bdd04448793ac02dba92991e69cb387b855c1,1,20,2,18,0,0,0,7,11,358,1,1,0,80,133,0,8,6,2,378,337,41,6,4,2,1,100,NoArch
a0decd20dfb6699f1b794fb98dc0e428ab2127b5,2,40,3,37,0,0,0,4,7,621,1,2,0.740147043,656,134,1,79,74,5,2683,2557,126,23,21,2,1,100,NoArch
e2a84f90e4a746f5f62e79a9214010f8c50ccb42,3,60,22,38,0,0,0,4,16,214,1,3,1.187039885,775,135,2,91,87,4,3087,2877,210,29,27,2,1,100,NoArch
f94f5725f56ce50b4b8628e30730b38dfbaf7cb0,1,15,1,14,0,0,0,11,97,299,1,1,0,1398,136,3,239,237,2,8082,8026,56,56,56,0,1,100,NoArch
5adf67b0ae6d380dfdfe89c09189bb59006ded69,1,13,3,10,0,0,0,6,9,449,1,1,0,232,137,4,37,35,2,1504,1446,58,5,5,0,1,100,NoArch
86b927017462fc7371a55a73ffc0f0894b78d354,0,0,0,0,0,0,0,0,0,0,0,0,0,0,55,2,0,0,0,0,0,0,0,0,0,0,100,NoArch
7d8b5e5b5d930e0f31ce28c725d53a275d971e22,592,66903,23582,43321,388,77,465,2,63,245,2,169,8.593402442,41742,50,0,9726,5265,4461,380762,204803,175959,3605,1760,1845,0,48.95785086,Arch
0efeb7317d97d25356ef74fdbf303608f6cc7e97,0,0,0,0,0,0,0,0,0,0,0,0,0,0,49,7,0,0,0,0,0,0,0,0,0,0,100,NoArch
3ff30ccb9aa9ec7d5b70046b5f08f084541b3310,1,1,1,0,0,0,0,1,2,81,1,1,0,146,50,3,13,13,0,713,712,1,6,6,0,1,100,NoArch
383dc6d6d16e7801b6a2d15c3a058cae775b7e9b,1,6,1,5,0,0,0,7,23,68,1,1,0,272,51,1,38,37,1,1513,1490,23,6,6,0,1,100,NoArch
7104e870fabc97fcbf3c100f26922863308990ff,0,0,0,0,0,0,0,0,0,0,0,0,0,0,50,7,0,0,0,0,0,0,0,0,0,0,100,NoArch
92c3da9d2ddfd08bd2b72948257b44ba11a3202f,0,0,0,0,0,0,0,0,0,0,0,0,0,0,51,1,0,0,0,0,0,0,0,0,0,0,100,NoArch
7d8b5e5b5d930e0f31ce28c725d53a275d971e22,312,48547,7,48540,310,0,310,7,22,1,2,91,7.797081861,423,50,0,5473,51,5422,213785,2226,211559,2061,12,2049,0,63.93305439,Arch
fb3584aa02401aabefa886dddfbfd634d78c1909,312,7,48547,48540,0,310,310,7,23,0,2,91,7.797081861,48963,52,2,51,5473,5422,2226,213785,211559,12,2061,2049,0,63.93305439,Arch
12cb34441347593c7ba09a20b66fb7de412c4904,0,0,0,0,0,0,0,0,0,0,0,0,0,0,53,3,0,0,0,0,0,0,0,0,0,0,100,NoArch
e79b6d8ec7a340e3706765676602ed3e07dbee3c,2,8,8,0,0,0,0,6,21,108,1,2,0.543564443,619,54,3,79,79,0,3650,3650,0,22,22,0,1,100,NoArch
6bcd6e013c9132421966f5b5ee1ae02103df2235,9,64,42,22,0,0,0,8,34,1528,1,6,2.122409827,1617,55,4,151,150,1,7555,7564,9,50,50,0,1,100,NoArch
6ecf202be8780c0c90e5e94db368a4305d80042e,0,0,0,0,0,0,0,0,0,0,0,0,0,0,110,0,0,0,0,0,0,0,0,0,0,1,100,NoArch
10125bc41773b64a5cdebf2223c34b5edb2bd245,0,0,0,0,0,0,0,0,0,0,0,0,0,0,111,1,0,0,0,0,0,0,0,0,0,1,100,NoArch
3f9628c894ce4cde3e055321fe5ef03149ed1683,1,7,1,6,0,0,0,4,4,2099,1,1,0,212,56,5,12,12,0,629,607,22,12,12,0,1,100,NoArch
625d0dc0e7ddfb128b4adc90494fd40c71b2dbe3,0,0,0,0,0,0,0,0,0,0,0,0,0,0,112,2,0,0,0,0,0,0,0,0,0,1,100,NoArch
1f694d8b3a602d8de1216cded8c5b0a6f3bb8088,1,2,0,2,0,0,0,5,14,128,1,1,0,603,113,3,99,99,0,4623,4610,13,19,19,0,1,100,NoArch
181bd3bda87c16ba4b36350ab78b60486a7f7acf,0,0,0,0,0,0,0,0,0,0,0,0,0,0,57,4,0,0,0,0,0,0,0,0,0,0,100,NoArch
13f5bbf2d406d75c5b0fd339babc4058b659752d,2,5,1,4,0,0,0,3,6,1565,1,1,0.918295834,141,52,0,9,8,1,764,737,27,4,4,0,1,100,NoArch
743536db42d2e91d9f9c2bfca7275456621d461e,1,0,3,3,0,0,0,2,2,814,1,1,0,97,53,1,9,9,0,325,358,33,6,6,0,1,100,NoArch
539ff3a356cd7d41793007cd9e61abd5fea57d8b,1,1,1,0,0,0,0,6,22,74,1,1,0,310,54,2,37,37,0,1775,1775,0,10,10,0,1,100,NoArch
0efa91b870d75be2eefd1e12ee1da97cea59de4e,1,0,1,1,0,0,0,5,12,182,1,1,0,125,55,3,10,10,0,763,774,11,6,6,0,1,100,NoArch
47c4d448c01f7fdbc318237c791304758a7f7eaf,1,1,1,0,0,0,0,1,3,140,1,1,0,146,56,4,13,13,0,713,713,0,6,6,0,1,100,NoArch
21584d765c363efb30ec5a9c76f453a1dd2ab7a0,1,7,0,7,0,0,0,6,21,188,1,1,0,880,57,5,155,153,2,5301,5257,44,36,36,0,1,100,NoArch
75b7b510d7416936504547f537081b4f2bca23ad,0,0,0,0,0,0,0,0,0,0,0,0,0,0,114,0,0,0,0,0,0,0,0,0,0,0,100,NoArch
c2fe21190d4b18cc491f78432f337fac46f555be,2,13,1,12,0,0,0,5,9,264,1,1,0.749595257,349,58,6,47,46,1,2169,2138,31,17,16,1,1,100,NoArch
2f7c34abdd66bb154223cab8656b4fde7467cd82,1,7,5,2,0,0,0,5,9,0,1,1,0,108,59,7,16,14,2,608,596,12,2,2,0,1,100,NoArch
b4e0159e784faca9c9e3ace674d4d6fa352069e5,0,0,0,0,0,0,0,0,0,0,0,0,0,0,58,0,0,0,0,0,0,0,0,0,0,0,100,NoArch
741cd00c919f0bbc6cd35190be2b22a7657f792f,4,20,40,20,0,0,0,3,33,148,1,4,1.623744414,1157,59,1,172,174,2,5649,5761,112,42,43,1,1,100,NoArch
b6a6a458dd7e26249a235d421c5f0dcd05512d15,0,0,0,0,0,0,0,0,0,0,0,0,0,0,60,2,0,0,0,0,0,0,0,0,0,0,100,NoArch
a6f6acd082cd9a654954f82df4a1c61d1d109dca,0,0,0,0,0,0,0,0,0,0,0,0,0,0,61,3,0,0,0,0,0,0,0,0,0,1,100,NoArch
01dd1e05ecfe5dd2248307a44a124bfeced137a9,1,12,6,6,0,0,0,1,2,270,1,1,0,178,60,0,18,17,1,1041,976,65,9,9,0,1,100,NoArch
68e6d42ace0244c422f14f71430f450c44f1a5db,2,22,13,9,0,0,0,6,24,147,1,1,0.591672779,586,61,1,82,80,2,3436,3388,48,18,18,0,1,100,NoArch
216e8d4b88b82818a285537ffe836f95183233fe,0,0,0,0,0,0,0,0,0,0,0,0,0,0,62,2,0,0,0,0,0,0,0,0,0,0,100,NoArch
a14742ccf5a55b78fd2e54ad6cbe054154e28820,0,0,0,0,0,0,0,0,0,0,0,0,0,0,63,3,0,0,0,0,0,0,0,0,0,0,100,NoArch
5d21ae3bd40cb9c849adbde3ffe917b1e57c73db,0,0,0,0,0,0,0,0,0,0,0,0,0,0,64,3,0,0,0,0,0,0,0,0,0,1,100,NoArch
8151e5e24f5fc7e1ee9fb7af1ee549837faf6e1e,0,0,0,0,0,0,0,0,0,0,0,0,0,0,65,4,0,0,0,0,0,0,0,0,0,1,100,NoArch
891a436073ff1fb1085d112517344b7c5befb44f,2,1,53,52,0,1,1,3,12,5854,1,1,0.228538144,300,66,5,37,37,0,1051,1163,112,16,16,0,1,99.88888889,NoArch
d7286c877b4e9f756118f7afc661bee0d2ecc908,1,9,11,2,0,0,0,5,6,1130,1,1,0,96,62,2,10,9,1,408,411,3,5,5,0,1,100,NoArch
c6f6df399fd68f1cc167a636f92ade2fb8f975de,0,0,0,0,0,0,0,0,0,0,0,0,0,0,25,0,0,0,0,0,0,0,0,0,0,1,100,NoArch
2a38a4b420ddb225452f4df451cb5b4f57a66a81,4,47,34,13,0,0,0,5,8,1461,1,2,1.374775681,314,63,3,36,34,2,1561,1602,41,11,9,2,1,100,NoArch
13d2eb8e5d23910ad5f6490dd7bc697db3e0fc54,3,268,0,268,3,0,3,1,1,0,1,1,1.289906727,0,64,4,24,0,24,1321,0,1321,8,0,8,1,99.22394678,NoArch
5cfe4cb58d1886b75bccf9f16a335f18338fa739,0,0,0,0,0,0,0,0,0,0,0,0,0,0,65,5,0,0,0,0,0,0,0,0,0,1,100,NoArch
8bf393f510d8cf4f7afbc40e19b4f864d71b08b4,0,0,0,0,0,0,0,0,0,0,0,0,0,0,66,6,0,0,0,0,0,0,0,0,0,1,100,NoArch
7a99d6446f9d580a91623789868f490e4955c434,2,92,6,86,1,0,1,1,7,10,1,2,0.921659703,94,67,5,11,10,1,712,408,304,6,5,1,1,99.39527213,NoArch
2f8da44bbbe81c9f3214e83bd7c60e524fb4aa0a,3,130,7,123,1,0,1,1,24,364,1,3,1.05061823,200,68,3,21,17,4,1463,968,495,8,6,2,1,99.72632731,NoArch
088977af55ac6841f710a50a3cfc7cff60c9654f,6,324,128,196,2,0,2,1,8,745,1,4,2.008882338,448,69,2,46,38,8,2796,1980,816,25,19,6,1,99.291939,NoArch
35f0d6d4685f292b1ada890e1cbfa71714ede407,0,0,0,0,0,0,0,0,0,0,0,0,0,0,70,3,0,0,0,0,0,0,0,0,0,0,100,NoArch
2502315db0cb7a4ce030aed16a63e5f2ea81c112,0,0,0,0,0,0,0,0,0,0,0,0,0,0,71,4,0,0,0,0,0,0,0,0,0,1,100,NoArch
0a0ddff8f33df9999156f43b70a8a7c423ed8cc9,1,7,1,6,0,0,0,8,21,2203,1,1,0,126,72,5,17,17,0,701,701,0,3,3,0,1,100,NoArch
6a0f9788641cfae0ba86cca2f71a051eebb0daa3,3,16,12,4,0,0,0,6,9,281,1,3,1.151565379,390,67,4,43,43,0,2269,2280,11,20,21,1,1,100,NoArch
b8643b27e63eddee4a6d4355439bc04f2edc6cc9,1,1,1,0,0,0,0,6,20,106,1,1,0,315,73,0,43,43,0,1919,1910,9,12,12,0,1,100,NoArch
f7ef04dca1b763e86502a3b23064520ded39181e,1,3,2,1,0,0,0,1,2,89,1,1,0,161,68,0,18,17,1,854,839,15,4,4,0,1,100,NoArch
1bb03c759180688f58284189abca787437935647,1,1,0,1,0,0,0,1,3,0,1,1,0,162,69,1,18,18,0,859,854,5,4,4,0,1,100,NoArch
c5e2236f36a881ee7fec97aff3baf9bb32b40200,4,164,192,28,0,0,0,6,25,161,1,3,1.466635105,1675,70,2,259,266,7,9636,9849,213,56,56,0,1,100,NoArch
33de245d3211d2be19559870c5a821381e18e9c0,6,58,4,54,0,0,0,4,13,344,1,2,2.197542676,922,71,3,114,104,10,5644,5291,353,36,35,1,1,98.61036879,NoArch
c1b68c35ee02d1588786d5767f3feaa71b5393e1,1,4,46,42,0,0,0,6,13,20,1,1,0,303,72,4,26,30,4,1594,1860,266,8,10,2,1,99.63099631,NoArch
e878515c26e1bceaed2555a3cac2402322f27046,1,4,3,1,0,0,0,4,10,20,1,1,0,203,73,5,31,31,0,1175,1166,9,2,2,0,1,100,NoArch
32b825c58bcb1647bec548cb1ea17ee4ae522399,5,194,61,133,1,0,1,4,23,703,1,5,2.005413646,674,74,0,78,74,4,4048,3369,679,27,25,2,1,99.41983122,NoArch
4369dac176a228d0c9ef729dca89bcff0e097211,0,0,0,0,0,0,0,0,0,0,0,0,0,0,75,1,0,0,0,0,0,0,0,0,0,1,100,NoArch
ecb86f4de0209c73e5b00fa0df8d4c6f58c592bf,1,13,0,13,0,0,0,6,23,50,1,1,0,864,74,2,152,149,3,5234,5151,83,36,36,0,1,100,NoArch
068636631cc73786b150e1ec2cd0be38919890e7,0,0,0,0,0,0,0,0,0,0,0,0,0,0,76,2,0,0,0,0,0,0,0,0,0,1,100,NoArch
19e694e609776a388ce1409a3272a2a15b101222,0,0,0,0,0,0,0,0,0,0,0,0,0,0,77,3,0,0,0,0,0,0,0,0,0,0,100,NoArch
590ad02aea95c1dcb9c6ad25de1e38a815c7fa82,0,0,0,0,0,0,0,0,0,0,0,0,0,0,78,4,0,0,0,0,0,0,0,0,0,1,100,NoArch
09d83f0a06872a270bcd504ecab46310be6ae73f,0,0,0,0,0,0,0,0,0,0,0,0,0,0,79,5,0,0,0,0,0,0,0,0,0,0,100,NoArch
3b27bc3383638ce59bb0feaf3b7a4eee168684f2,0,0,0,0,0,0,0,0,0,0,0,0,0,0,80,6,0,0,0,0,0,0,0,0,0,0,100,NoArch
403555924bab0965e29d347dc0afa7ec0baf2a7c,0,0,0,0,0,0,0,0,0,0,0,0,0,0,81,7,0,0,0,0,0,0,0,0,0,1,100,NoArch
519e9f82980b8a48e42e47858d44995b2629d925,0,0,0,0,0,0,0,0,0,0,0,0,0,0,82,8,0,0,0,0,0,0,0,0,0,0,100,NoArch
f3d1202d3932c5cb92485c799ef8d591b8abf8cb,0,0,0,0,0,0,0,0,0,0,0,0,0,0,83,9,0,0,0,0,0,0,0,0,0,0,100,NoArch
fa88ac21de22536c7bd464d59204d8fbf034aa53,0,0,0,0,0,0,0,0,0,0,0,0,0,0,128,9,0,0,0,0,0,0,0,0,0,0,100,NoArch
adfb32122206ea234ac012c84ed7a5faf80ca5e6,0,0,0,0,0,0,0,0,0,0,0,0,0,0,129,10,0,0,0,0,0,0,0,0,0,0,100,NoArch
41e9fa5e644f6cf8260f93bd7b5c0e18091c902b,0,0,0,0,0,0,0,0,0,0,0,0,0,0,130,11,0,0,0,0,0,0,0,0,0,0,100,NoArch
7764803091a5880997b4d9308db82ce46242747d,0,0,0,0,0,0,0,0,0,0,0,0,0,0,131,12,0,0,0,0,0,0,0,0,0,0,100,NoArch
9728ed2267e359772c6e8aa61f0bde69b7237f2d,0,0,0,0,0,0,0,0,0,0,0,0,0,0,129,10,0,0,0,0,0,0,0,0,0,0,100,NoArch
e868ed8d22f0ff69f7fa0da60269d09f30698469,1,5,3,2,0,0,0,8,26,912,1,1,0,292,6,0,42,42,0,1594,1578,16,6,6,0,1,100,NoArch
fe9ea2aad1e75e419048d454992a5a56ceac8a1d,0,0,0,0,0,0,0,0,0,0,0,0,0,0,30,1,0,0,0,0,0,0,0,0,0,1,100,NoArch
d5cb787bead9589df0fe4f896fbb2ed17f059d9c,1,23,21,2,0,0,0,8,17,3189,1,1,0,137,119,0,18,18,0,618,621,3,5,5,0,1,100,NoArch
ccd793cd35768377231d77c01c5e9a9b700694f1,0,0,0,0,0,0,0,0,0,0,0,0,0,0,9,0,0,0,0,0,0,0,0,0,0,1,100,NoArch
d4deef989ffc41b9dd5e77683e73286d81e1178b,1,10,0,10,0,0,0,9,20,300,1,1,0,198,10,1,25,22,3,978,901,77,8,8,0,1,100,NoArch
46dae3c0f754f212f7260d897bbd0785c19cd418,4,416,0,416,4,0,4,1,1,0,1,2,1.896634865,0,7,0,42,0,42,2214,0,2214,16,0,16,1,99.37532535,NoArch
f7a76daaeb0c0f3686ececb1d946529f28f6ff17,0,0,0,0,0,0,0,0,0,0,0,0,0,0,8,1,0,0,0,0,0,0,0,0,0,1,100,NoArch
0508944f9bfbbf5f6b6898a95d156d2977ab3137,1,1,1,0,0,0,0,5,21,156,1,1,0,619,130,0,102,102,0,4720,4720,0,19,19,0,1,100,NoArch
86c1f5584a49d45ac1d150a8dafedbd2af7351c1,1,2,2,0,0,0,0,7,15,821,1,1,0,285,120,0,30,29,1,1830,1820,10,8,8,0,1,100,NoArch
936389646645b84816579f30c96077a678de5b1c,3,9,2,7,0,0,0,7,12,638,1,2,1.572623664,329,131,1,36,35,1,2043,1966,77,12,12,0,1,100,NoArch
33bed204bb922e9d5b3f3d67f2b61757ce3fdd9e,1,63,20,43,0,0,0,8,15,1772,1,1,0,393,9,2,72,65,7,2142,1816,326,16,16,0,1,93.51381839,Arch
a0030f4ef10f2866ccae90afadc8f3460911f88d,1,1,5,4,0,0,0,8,16,0,1,1,0,436,10,3,71,72,1,2126,2142,16,16,16,0,1,100,NoArch
1d62b185abbd6f98c3dd644861bfb44d036bde8a,2,50,8,42,0,0,0,6,14,1108,1,1,0.79732651,225,11,2,24,18,6,1653,1360,293,8,8,0,1,99.81447124,NoArch
3a0eb5bdcb2a3ab14c4cf1093e50e3e5dc5ffd8b,0,0,0,0,0,0,0,0,0,0,0,0,0,0,12,1,0,0,0,0,0,0,0,0,0,1,100,NoArch
3a63fe35fb5c1e07d061a33980070110b30660cd,3,29,5,24,0,0,0,6,23,762,1,3,1.579863401,778,121,0,94,94,0,4849,4632,217,28,28,0,1,100,NoArch
25d97ee80cf5815bba35ff929619e5f00f74d39b,2,285,6,279,1,0,1,1,4,240,1,2,0.144899618,59,132,0,21,1,20,2113,273,1840,5,1,4,1,96.33375474,Arch
0162aef1ef287292394a2ef078381dbb0f73a659,1,116,0,116,1,0,1,1,1,0,1,1,0,0,133,1,3,0,3,661,0,661,1,0,1,1,99.74210187,NoArch
9bfd1fdd00aee4cb6f5c049e305bde6d3917f573,1,19,5,14,0,0,0,11,35,560,1,1,0,384,134,2,77,76,1,2184,2086,98,20,20,0,1,100,NoArch
295ea6bf338a8fd762ca6ba855011bd966222aba,1,2,1,1,0,0,0,5,9,669,1,1,0,112,135,3,11,11,0,378,378,0,2,2,0,1,100,NoArch
de47b8e2e39c250b9cf2c76070b57aa739494d3a,1,11,9,2,0,0,0,5,10,663,1,1,0,208,136,4,21,21,0,730,704,26,11,11,0,2,100,NoArch
1b15606816bf76dca22df7ff644e36db0e145eb6,6,55,14,41,0,0,0,4,25,661,1,5,1.881072147,2124,137,5,283,279,4,9110,8970,140,60,60,0,1,100,NoArch
0429d858a2379cac33fb8f64a39e6d9c0fce5d02,2,11,1,10,0,0,0,7,16,263,1,1,0.650022422,368,138,6,47,45,2,2303,2215,88,8,8,0,1,99.93556701,NoArch
01d5123ace23143974d1b9b5d364764c6c073b93,1,0,260,260,0,1,1,4,6,1854,1,1,0,260,122,0,0,43,43,0,1752,1752,0,8,8,1,99.67490247,NoArch
38aa2dc51a869215aac52ead46274da582635a37,2,1,3,2,0,0,0,5,8,1683,1,2,1,293,123,1,37,37,0,1601,1627,26,16,16,0,1,100,NoArch
c96a55308d639de95083f090494f0a4a36be54e0,0,0,0,0,0,0,0,0,0,0,0,0,0,0,11,0,0,0,0,0,0,0,0,0,0,1,100,NoArch
7232641bba876a1b423061331bb047be2c4cbf2a,1,1,0,1,0,0,0,12,39,487,1,1,0,286,139,0,27,27,0,1176,1169,7,12,12,0,1,100,NoArch
0ab335e9f73194e30dcd5d2065996853067b42f1,2,38,9,29,0,0,0,4,7,700,1,2,0.973385435,603,140,0,55,50,5,2458,2266,192,20,18,2,1,100,NoArch
f6cd10fa70e757e53aef8be8c179ad638dd73e94,2,3,3,0,0,0,0,9,26,3973,1,2,0.918295834,415,141,1,61,61,0,1981,1989,8,12,12,0,1,100,NoArch
5f63b4891706e863119404e51b96b6868e205bfe,0,0,0,0,0,0,0,0,0,0,0,0,0,0,142,0,0,0,0,0,0,0,0,0,0,0,100,NoArch
1c3a0c8f9cf791887d73a6ef064b57bff915989d,1,18,0,18,0,0,0,3,3,5355,1,1,0,141,143,1,23,21,2,848,748,100,14,13,1,1,100,NoArch
368096b1741af1209cd50ffcd7b72b1c4dd7d18f,1,6,4,2,0,0,0,7,17,209,1,1,0,165,144,2,14,14,0,1053,1053,0,6,6,0,1,100,NoArch
0d09f2efe79a0cc2f68a375bf0ed7074ee204ad7,1,1,4,3,0,0,0,6,14,209,1,1,0,213,145,3,32,33,1,1216,1250,34,2,2,0,1,100,NoArch
724543bff09951b33835073975cf6fb5dfe81fa8,20,754,830,76,5,8,13,1,13,741,1,5,3.881378477,1888,146,4,230,216,14,9749,10075,326,102,97,5,1,97.43926461,Arch
92be132856e65dc131b111034fa5c97b98028e91,4,90,1,89,1,0,1,1,27,479,1,4,0.390665312,644,147,5,68,66,2,4149,3632,517,14,13,1,1,99.5427825,NoArch
d1f41a072903081dd85e5dde4b5633e6e7cb0f15,2,293,0,293,2,0,2,1,1,0,1,1,0.454771177,0,148,6,33,0,33,1596,0,1596,10,0,10,1,99.67679379,NoArch
9e9ca11bdc90e1e03c584d8af4768235e13b7828,0,0,0,0,0,0,0,0,0,0,0,0,0,0,149,5,0,0,0,0,0,0,0,0,0,1,100,NoArch
1bcf6ef1055e09ab0fa60de0b1092f1866b30301,0,0,0,0,0,0,0,0,0,0,0,0,0,0,150,6,0,0,0,0,0,0,0,0,0,0,100,NoArch
4a6f370186044a3941b8b6e67327f7221fd10098,1,132,0,132,1,0,1,1,1,0,1,1,0,0,13,0,10,0,10,623,0,623,6,0,6,1,99.48586118,NoArch
cec69a899581757039b1de4ff9eb087816c22cdb,3,65,12,53,0,0,0,8,22,3124,1,1,1.443698674,656,31,0,90,77,13,2746,2427,319,32,29,3,1,100,NoArch
8c0c288d5e14e858b0592354c33006284f5811e0,1,0,2,2,0,0,0,1,2,809,1,1,0,195,14,1,20,20,0,834,841,7,7,7,0,1,100,NoArch
34f5197cfe48fef32e7de8050b6f2381292f87e6,2,7,0,7,0,0,0,7,33,705,1,2,0.863120569,746,151,3,61,60,1,3867,3839,28,17,17,0,1,100,NoArch
4f7ed9e74bb1d8bdb2503fba9defc516eae7c3ae,1,2,1,1,0,0,0,4,9,1899,1,1,0,235,152,4,26,26,0,1352,1336,16,10,10,0,1,100,NoArch
8eeddd27f9c3d4c94aa0f9df9972802f9141892e,0,0,0,0,0,0,0,0,0,0,0,0,0,0,15,0,0,0,0,0,0,0,0,0,0,1,100,NoArch
15cd8fd986f97fe66f64f397480c668696b05a8c,0,0,0,0,0,0,0,0,0,0,0,0,0,0,124,0,0,0,0,0,0,0,0,0,0,1,100,NoArch
f8b9f42560d0fa7987da5a8cda3e4ad5f7f78241,0,0,0,0,0,0,0,0,0,0,0,0,0,0,153,0,0,0,0,0,0,0,0,0,0,1,100,NoArch
be41ee6c85c828785e970095c05492e248cf6a36,4,449,2,447,3,0,3,4,6,223,1,4,1.524626576,104,154,1,53,3,50,2843,491,2352,18,3,15,1,97.77211967,Arch
317e793ea6d7d310523ecbefffebe33c567bb207,1,120,0,120,1,0,1,1,1,0,1,1,0,0,12,0,7,0,7,468,0,468,4,0,4,1,99.6214511,NoArch
5423096d1ba553df4fe22e5dbc8da17b5a262a68,1,2,0,2,0,0,0,2,5,1001,1,1,0,166,13,1,18,18,0,919,890,29,5,5,0,1,94.12435824,Arch
617d046ee8328d9fad8dd96e2bf06f801a197680,2,2,2,0,0,0,0,7,15,976,1,1,1,400,155,2,48,48,0,2494,2485,9,18,18,0,1,100,NoArch
56b218a65d33b61eed8feffff7adefa7904bbea6,2,227,67,160,1,0,1,1,3,3583,1,2,0.991437303,368,156,1,54,47,7,1770,1236,534,14,10,4,1,99.79166667,NoArch
15e6494b3503f3d61c7ccb6447e65b3a85d2eda5,2,191,6,185,1,0,1,1,34,105,1,2,0.727977802,338,14,0,53,34,19,2941,2111,830,13,9,4,1,99.89626556,NoArch
9e25a3702bc4cfe217634183ca1971438b60c824,1,4,1,3,0,0,0,6,9,1816,1,1,0,118,157,1,11,10,1,419,408,11,5,5,0,1,100,NoArch
42ea244e111c10a252a0b4f68745094129d3285c,5,212,71,141,0,0,0,3,5,2718,1,1,1.125010208,309,158,1,27,17,10,2074,1429,645,14,8,6,1,99.63598544,NoArch
c28d5fd3fa06b70046cd92290ff81a491ca240c8,0,0,0,0,0,0,0,0,0,0,0,0,0,0,0,0,0,0,0,0,0,0,0,0,0,0,100,NoArch
0f24c500ea689ce80c215567b601c9b6ed9f969c,1,6,0,6,0,0,0,8,21,878,1,1,0,202,125,0,22,21,1,1079,1022,57,5,5,0,1,98.26621924,NoArch
0bbb1fae9620780f367cd60a507dab7308747578,1,1,1,0,0,0,0,7,16,1658,1,1,0,112,159,2,11,11,0,519,519,0,4,4,0,1,100,NoArch
9be1e9006d1a4348f100d5fa957b9e44b577c91a,0,0,0,0,0,0,0,0,0,0,0,0,0,0,126,1,0,0,0,0,0,0,0,0,0,1,100,NoArch
b6b4d3a9a2b48ea4a11a898515e43ab0fb106aff,0,0,0,0,0,0,0,0,0,0,0,0,0,0,127,2,0,0,0,0,0,0,0,0,0,0,100,NoArch
9ef91dabfdc4796e1ff901698a1e5ece2e6b2f33,0,0,0,0,0,0,0,0,0,0,0,0,0,0,160,3,0,0,0,0,0,0,0,0,0,1,100,NoArch
192c3a95c58378e7bd6a314f7896c6a195eb64f4,0,0,0,0,0,0,0,0,0,0,0,0,0,0,128,3,0,0,0,0,0,0,0,0,0,1,100,NoArch
c7b8991f1c201783c00eba1209784b594f1a1092,3,98,2,96,0,0,0,5,23,1615,1,3,1.236321024,1048,15,0,146,138,8,4867,4378,489,36,33,3,1,99.81981982,NoArch
b63097ebc35d87579023eec6785e328c3ffb3d91,1,1,4,3,0,0,0,11,36,536,1,1,0,398,129,3,76,77,1,2157,2184,27,20,20,0,1,100,NoArch
06b1e4e3d98cb99642aae14cc97f7fccdd55301b,0,0,0,0,0,0,0,0,0,0,0,0,0,0,1,0,0,0,0,0,0,0,0,0,0,1,100,NoArch
9df07ef8486cd753f2f37b22eefc5558ffc9247e,1,2,0,2,0,0,0,2,2,320,1,1,0,179,2,1,25,25,0,993,969,24,10,10,0,1,99.10179641,NoArch
eadd8583f818368097dc143adf88f1af3e26f064,1,1,1,0,0,0,0,2,2,324,1,1,0,185,3,2,23,23,0,1074,1075,1,12,12,0,1,100,NoArch
bbfc266d2c0a42786089e3e86960de6e0de95283,1,2,3,1,0,0,0,11,35,70,1,1,0,366,4,3,46,46,0,2317,2297,20,9,9,0,1,100,NoArch
9e7eea7c30a16be5a8153dfaa28294c616c19504,1,4,0,4,0,0,0,7,24,675,1,1,0,318,5,4,37,37,0,1852,1845,7,10,10,0,1,100,NoArch
8443fb7ddf68f6a2c7b0803b86d64658d1a56a8c,1,18,1,17,0,0,0,8,28,1087,1,1,0,882,16,1,160,154,6,5454,5299,155,36,36,0,1,100,NoArch
4ce37325a7c42b1a2667af3ebd33f16327695112,1,4,0,4,0,0,0,8,26,1130,1,1,0,457,130,1,42,42,0,1900,1893,7,11,11,0,1,100,NoArch
88bc670e47936339febd479d692c9049262aaeb9,1,30,15,15,0,0,0,2,2,1133,1,1,0,126,17,1,21,19,2,630,579,51,4,3,1,1,100,NoArch
0a36d8f818a7fb2f0a8a63108d9e842870342b1c,77,3912,1322,2590,0,0,0,3,40,906,1,42,3.530802037,14853,131,1,2253,1889,364,88582,78145,10437,884,604,280,1,95.82124202,Arch
a22051091ae4c7d3a21ef7a206c252cf13b26d2e,7,125,29,96,0,0,0,6,25,108,1,5,2.593739669,1327,132,2,161,148,13,8796,7986,810,58,51,7,1,99.83060418,NoArch
5d0ecc1ada4bbbb09b61a79f4bc967ec38dcd8e1,2,86,3,83,0,0,0,9,38,2,1,2,0.999180235,758,133,3,141,136,5,4524,4013,511,34,32,2,1,100,NoArch
3db93dba6186d49750021fc4278a7813935f32fb,0,0,0,0,0,0,0,0,0,0,0,0,0,0,161,0,0,0,0,0,0,0,0,0,0,1,100,NoArch
cfa10989655c851f0a38deb78b1a46d0e6dfb335,1,9,9,0,0,0,0,5,23,45,1,1,0,621,134,0,101,102,1,4665,4702,37,19,19,0,1,100,NoArch
036edd06ea272ee52be482ade2e8a30d351dad8f,1,56,47,9,0,0,0,2,2,401,1,1,0,265,135,1,35,33,2,1519,1512,7,10,10,0,1,100,NoArch
ce295cf454274fcf4f8a0a5a5cbc886a078332ec,0,0,0,0,0,0,0,0,0,0,0,0,0,0,162,0,0,0,0,0,0,0,0,0,0,1,100,NoArch
2398ce767e1cf85a05c17f7af93a7158dfbd45c3,1,2,0,2,0,0,0,6,11,62,1,1,0,236,163,1,17,17,0,1115,1105,10,7,7,0,0,100,NoArch
88a2ee47a80464c90b476d96c5cf4f3a89263668,0,0,0,0,0,0,0,0,0,0,0,0,0,0,164,2,0,0,0,0,0,0,0,0,0,1,100,NoArch
385cbd801e88c0e76894ca87e26cdbc180d82b06,0,0,0,0,0,0,0,0,0,0,0,0,0,0,136,2,0,0,0,0,0,0,0,0,0,0,100,NoArch
9f0908d379f948345f3772858386d1df5ebbea3a,1,8,1,7,0,0,0,4,5,5802,1,1,0,111,32,0,11,10,1,263,253,10,5,4,1,1,100,NoArch
1f358db56fc7f1ab317d7646ecf9feb1da81b12f,2,95,1,94,0,0,0,9,29,1090,1,2,0.083542888,453,137,3,78,63,15,2615,2203,412,13,12,1,1,100,NoArch
0281760f60aa31b5de7e0dcd644b42997e9eaf9d,0,0,0,0,0,0,0,0,0,0,0,0,0,0,138,2,0,0,0,0,0,0,0,0,0,1,100,NoArch
92d4d960d83675275663681632070c54bfb87bbb,8,14,17,3,0,0,0,3,16,294,1,8,2.593771688,1323,165,0,104,104,0,7223,7228,5,29,29,0,1,99.88674972,NoArch
ade06e8cc55b7d56dcae59ee46514beb78be9c0c,2,23,64,41,0,0,0,2,26,274,1,2,0.815800927,532,18,0,56,59,3,2624,2822,198,18,18,0,1,100,NoArch
a0a4460018ea39062041066f4a6f4e443e683ced,5,15,105,90,0,0,0,4,24,621,1,5,1.720231335,2117,19,1,264,274,10,8768,9067,299,57,59,2,1,99.82983551,NoArch
a59d1044b631b6f40682cf8f44b7d8f9ed7f6fc8,36,733,5,728,33,0,33,1,11,51,1,34,5.123691642,573,20,2,60,60,0,3241,2840,401,15,15,0,1,95.95628415,Arch
971dbc27a046b5284404fc5aaededa226ee4f392,0,0,0,0,0,0,0,0,0,0,0,0,0,0,139,2,0,0,0,0,0,0,0,0,0,1,100,NoArch
44e275766f7f8017c688b12ba6394abedab08275,32,1699,1150,549,18,8,26,1,10,558,1,7,4.772371971,1478,166,1,229,181,48,9341,8365,976,140,60,80,1,96.19145651,Arch
a5c30147b1b0d08633c36cd69bd3da97f60320ae,0,0,0,0,0,0,0,0,0,0,0,0,0,0,140,2,0,0,0,0,0,0,0,0,0,1,100,NoArch
d7d6eea603d151df2694874355bdf57d4a5227cc,0,0,0,0,0,0,0,0,0,0,0,0,0,0,141,3,0,0,0,0,0,0,0,0,0,1,100,NoArch
32d2ddf68af351ca6ca7171f939a6c5ff6c2df13,2,161,24,137,1,0,1,1,8,646,1,2,0.877962001,269,21,1,43,33,10,1399,831,568,12,6,6,1,99.74849095,NoArch
bc38b83efb8d40d614a2c51ec5a28f6262cf46e4,0,0,0,0,0,0,0,0,0,0,0,0,0,0,22,2,0,0,0,0,0,0,0,0,0,1,100,NoArch
13977461205dac54c26089d81cf5e7afe54d8571,2,7,0,7,0,0,0,9,23,889,1,1,0.985228136,744,23,3,110,108,2,3759,3711,48,27,27,0,1,100,NoArch
d74cb2d86227cd54fa21b8dd559353c517755097,0,0,0,0,0,0,0,0,0,0,0,0,0,0,24,3,0,0,0,0,0,0,0,0,0,1,100,NoArch
6d5a51dc17d9d483bb4f0a90253b385559d86f27,0,0,0,0,0,0,0,0,0,0,0,0,0,0,142,0,0,0,0,0,0,0,0,0,0,1,100,NoArch
15f578134aa59409a05e43466ca53e61e6bca363,2,2,1,1,0,0,0,3,7,202,1,2,0.918295834,442,25,0,53,53,0,2455,2446,9,15,15,0,1,100,NoArch
c166537896333a2a203e5e13c455eab09e40bbe0,1,5,0,5,0,0,0,7,16,402,1,1,0,291,167,0,38,37,1,1985,1949,36,16,16,0,1,100,NoArch
fba0f11762112f456b3df4b749462dad9c1067a6,1,0,4,4,0,0,0,6,12,298,1,1,0,210,26,0,17,21,4,675,733,58,11,11,0,1,100,NoArch
58c10456333ac1f672e83d54c36605ba47f1bf9b,2,59,2,57,1,0,1,10,29,149,1,2,0.282904793,293,27,1,46,42,4,1804,1600,204,8,6,2,1,99.84909457,NoArch
122f3cc3402d5edf158a6f3d7264346674cad4c6,0,0,0,0,0,0,0,0,0,0,0,0,0,0,143,0,0,0,0,0,0,0,0,0,0,1,100,NoArch
fa8c9f4eadf1c836dbeb3efa42931ad70e5f838a,1,1,1,0,0,0,0,7,17,108,1,1,0,296,144,1,38,38,0,1984,1985,1,16,16,0,1,100,NoArch
faaf4d5f085513196e8e1fe1b17230168fd8ef29,0,0,0,0,0,0,0,0,0,0,0,0,0,0,168,0,0,0,0,0,0,0,0,0,0,1,100,NoArch
1860b833cb28c7e5f5cdf3909f86dd0ab9985d1d,1,0,2,2,0,0,0,3,3,398,1,1,0,181,145,2,25,25,0,974,993,19,10,10,0,1,100,NoArch
11533d757ef7a3950cb13b5ea982264dfb48d736,0,0,0,0,0,0,0,0,0,0,0,0,0,0,169,1,0,0,0,0,0,0,0,0,0,1,100,NoArch
402fedfc530e94358567995d3edd8da607dc294e,0,0,0,0,0,0,0,0,0,0,0,0,0,0,28,0,0,0,0,0,0,0,0,0,0,0,100,NoArch
7051d4d924a81fa771a6d226c766203d28e56857,66,4353,1,4352,63,0,63,1,11,12,1,23,5.797281091,484,170,2,409,51,358,22094,2350,19744,302,30,272,1,93.43955014,Arch
d37dea1649860a67b8e31b66be1465bbc7d75d6e,0,0,0,0,0,0,0,0,0,0,0,0,0,0,171,2,0,0,0,0,0,0,0,0,0,0,100,NoArch
ac8d36637373cc3dbc5ecec426a8b41fdcf8d764,1,29,5,24,0,0,0,1,2,285,1,1,0,61,172,3,13,8,5,327,182,145,9,8,1,1,100,NoArch
0a8f41d95e288eca7836070269620f6db22e2d73,1,42,2,40,0,0,0,1,2,22,1,1,0,64,173,4,7,3,4,630,338,292,4,3,1,1,100,NoArch
749dfa760aa4d4bb2775c430d9858eec3b1530b0,0,0,0,0,0,0,0,0,0,0,0,0,0,0,174,4,0,0,0,0,0,0,0,0,0,1,100,NoArch
89b3ab7138d7b901c26d28229814d2417e63db90,0,0,0,0,0,0,0,0,0,0,0,0,0,0,146,0,0,0,0,0,0,0,0,0,0,1,100,NoArch
5284460a04965d02ba767a9e18a449dcbe7d55dd,6,70,68,2,0,0,0,2,10,2681,1,6,1.494708532,1082,29,0,148,150,2,4741,4794,53,38,37,1,1,100,NoArch
79aa573c490875c12ba64871d159e994d10e37a5,0,0,0,0,0,0,0,0,0,0,0,0,0,0,30,1,0,0,0,0,0,0,0,0,0,1,100,NoArch
b6890afefe0bdbf94382f752f994e8da2b712d89,0,0,0,0,0,0,0,0,0,0,0,0,0,0,31,2,0,0,0,0,0,0,0,0,0,1,100,NoArch
7ad91821c71bdeeba549e7e28123da306532d3d3,6,127,8,119,0,0,0,6,24,502,1,3,2.538671781,4264,175,0,714,705,9,21467,21206,261,435,431,4,0,100,NoArch
f04fbf20d28740a44ceb2a535a408500dd402ff6,2,1,8,7,0,0,0,2,31,510,1,2,0.918295834,259,176,1,18,19,1,1182,1215,33,7,7,0,0,100,NoArch
04b2910620aa1e8998b38a060c62e692e278a574,3,53,7,46,0,0,0,5,22,498,1,3,1.300202946,925,32,1,96,88,8,4105,3851,254,32,31,1,4,100,NoArch
25a420178d48450eb71c94c7c9680e1d5f465f1e,1,14,3,11,0,0,0,10,30,444,1,1,0,496,33,2,79,78,1,2559,2521,38,13,13,0,1,100,NoArch
d423f452206f74b09b79e99c6d2cb61461efffb9,0,0,0,0,0,0,0,0,0,0,0,0,0,0,34,2,0,0,0,0,0,0,0,0,0,1,100,NoArch
834a40c8d2fac93ee1bf40c54a3cc697043d3ee5,0,0,0,0,0,0,0,0,0,0,0,0,0,0,35,0,0,0,0,0,0,0,0,0,0,1,100,NoArch
27a37ee690e8663c5b06b349f1aa67851c4eccfd,1,7,2,5,0,0,0,8,18,283,1,1,0,296,36,1,38,38,0,2040,1984,56,16,16,0,1,100,NoArch
dae46dec7ccf1e3e8d097f7572bedc43272b3152,1,3,0,3,0,0,0,8,19,0,1,1,0,301,37,2,39,38,1,2051,2040,11,16,16,0,1,100,NoArch
80216c244e1e2985254bd3a2cf979332ca8015ee,0,0,0,0,0,0,0,0,0,0,0,0,0,0,177,0,0,0,0,0,0,0,0,0,0,1,100,NoArch
e6c24320abfacb96d7520f3d51df8acaeb54a6e6,1,2,8,6,0,0,0,11,24,478,1,1,0,308,33,0,43,46,3,1578,1626,48,10,10,0,1,100,NoArch
32146846243bd2472be44ff3d98ca41d65115adc,1,41,15,26,0,0,0,3,14,643,1,1,0,252,147,0,27,23,4,1706,1561,145,6,6,0,1,100,NoArch
55e5737a8b38430031b9078be210bd91756c29e5,1,0,329,329,0,1,1,4,4,8061,1,1,0,329,38,3,0,13,13,0,2170,2170,0,3,3,1,99.91212654,NoArch
5f0439ac18b87d5b9d47764da7704df811a71ff9,0,0,0,0,0,0,0,0,0,0,0,0,0,0,6,0,0,0,0,0,0,0,0,0,0,1,100,NoArch
8db809bba136a7bf601b7702c7688efc12193e08,1,5,11,6,0,0,0,6,12,666,1,1,0,126,39,1,16,19,3,660,706,46,2,2,0,1,100,NoArch
7741852fdbdebc4255397202cc280afd02c79727,4,1199,1206,7,0,0,0,6,9,204,1,1,1.521728779,3536,178,0,570,586,16,18289,15557,2732,411,411,0,1,100,NoArch
4a3758c907f0ba46f4ac6a77f1a09588bcfdea8a,1,1,1,0,0,0,0,3,3,716,1,1,0,92,179,1,11,11,0,531,531,0,1,1,0,1,100,NoArch
f2c1900ced01061bd7c1a99cffd668e31338a2c9,370,15482,13544,1938,0,0,0,1,41,2062,1,113,6.652933681,54498,180,2,5869,5869,0,239288,239288,0,2424,2424,0,1,100,NoArch
11a2ec55b57f98f3d4dde123ba8cfe328185ae31,0,0,0,0,0,0,0,0,0,0,0,0,0,0,181,3,0,0,0,0,0,0,0,0,0,0,100,NoArch
db72053488171849fd9563232fa2ec2643b63cc6,0,0,0,0,0,0,0,0,0,0,0,0,0,0,182,4,0,0,0,0,0,0,0,0,0,0,100,NoArch
2578f9f219b3ecbef52873f7f25bd56b4818c343,0,0,0,0,0,0,0,0,0,0,0,0,0,0,183,5,0,0,0,0,0,0,0,0,0,0,100,NoArch
