CommitID,NMF,TotalAddLines,TotalDeleteLines,LC,FileAdd,FileDelete,NAD,NDVE,NUC,AGE,NMS,NMD,Entropy ,MLMF,EXP,REXP,CommitComplexity,LastCommitComplexity,CFC,CommitTokenCount,LastCommitTokenCount,NCC,CommitMethodNum,LastCommitMethodNum,NFC,NIR,a2a
e96c8dab7eda4abc29f9cf9a0843e90afca1e6ab,1,6,6,0,0,0,0,3,6,119,1,1,0,239,1172,10,25,25,0,1001,1001,0,11,11,0,1,100
57e54dc4c086264f770a4fa414efe06fde7200d0,0,0,0,0,0,0,0,0,0,0,0,0,0,0,73,0,0,0,0,0,0,0,0,0,0,0,100
56aae7adbbf569c1463cdb5be7692a9ba5ffe89b,0,0,0,0,0,0,0,0,0,0,0,0,0,0,74,1,0,0,0,0,0,0,0,0,0,0,100
2a5fde5cac7d8168cdc3a2351f9a6e04a909e5c6,0,0,0,0,0,0,0,0,0,0,0,0,0,0,75,2,0,0,0,0,0,0,0,0,0,0,100
a9a19a7a62ffb35722716d84d7700e940cb2e0bd,3,202,9,193,1,0,1,1,32,430,1,2,1.464301076,697,1173,11,92,64,28,4187,3425,762,22,15,7,1,99.94764398
33a81408e1dca7c3cf12fc68f7d331368797019b,4,7,7,0,0,0,0,1,7,78,2,3,1.788450457,530,1174,12,44,44,0,1270,1270,0,24,24,0,0,100
99823b034ed33d274d7c68eea1cf54f021388214,0,0,0,0,0,0,0,0,0,0,0,0,0,0,1175,13,0,0,0,0,0,0,0,0,0,0,100
ab39d82dd13203eb48dfc01328aac73b59991be6,0,0,0,0,0,0,0,0,0,0,0,0,0,0,1176,14,0,0,0,0,0,0,0,0,0,0,100
0579e639c2c4ccc8eb1f3c99f69b504c11555cfa,0,0,0,0,0,0,0,0,0,0,0,0,0,0,2313,0,0,0,0,0,0,0,0,0,0,0,100
aea572bd3925afb31f2cae5e05b913d88d1338ca,0,0,0,0,0,0,0,0,0,0,0,0,0,0,1177,11,0,0,0,0,0,0,0,0,0,0,100
b2fd85fa8a4a187f319b2506b764aede8d1a254f,1,1,0,1,0,0,0,2,3,521,1,1,0,177,974,0,11,11,0,772,763,9,3,3,0,1,100
8cdb461fdf481f9ea3c9c81fe4d9fb3538cbbb45,1,4,1,3,0,0,0,2,4,0,1,1,0,178,975,1,12,11,1,790,772,18,3,3,0,1,100
d7e4dc09eb15c5dcc9eccd9aee4b07599be176ac,0,0,0,0,0,0,0,0,0,0,0,0,0,0,1178,9,0,0,0,0,0,0,0,0,0,1,100
618bbf4f0ebbef6671fb983571155cd163061555,60,92,31,61,0,0,0,2,33,312,1,9,5.706810416,9442,76,3,937,937,0,34323,34323,0,436,436,0,0,100
62a4bb86ce8d9a4d84429ad0c69cde9104ff8732,7,28,30,2,0,0,0,2,378,176,1,5,2.531165399,1755,77,4,153,153,0,8498,8525,27,53,53,0,0,99.50274797
2225bc7bbe9f79eb8608cc0f83e59585b9513654,7,299,232,67,2,2,4,5,18,117,2,2,2.253460574,881,1179,6,74,69,5,3604,3509,95,38,36,2,1,99.39648386
19dec1eff690aa152832b57244ebe436ba82d14b,1,5,1,4,0,0,0,3,19,163,1,1,0,695,1180,7,105,104,1,3075,3059,16,19,19,0,1,100
54be6250480f8b7d75d250bbf5303662d4898156,1,11,0,11,0,0,0,3,12,8,1,1,0,339,1181,7,51,48,3,1664,1609,55,8,7,1,1,100
f022e66b2a5ee3a36abf80ec9e1dfe4b99b58368,1,11,0,11,0,0,0,3,13,8,1,1,0,282,1182,8,40,37,3,1364,1309,55,9,8,1,1,100
4b047098285ef3269033b9a32027089d3190c807,2,23,9,14,0,0,0,8,104,164,1,1,0.811278124,2642,1183,9,389,386,3,11100,11021,79,187,187,0,1,100
bfaf11090a212f8445f2ad929af8acce5a984bf0,0,0,0,0,0,0,0,0,0,0,0,0,0,0,1184,7,0,0,0,0,0,0,0,0,0,1,100
44c35b0510113ebafa6dd42a7f204e724229d1d5,0,0,0,0,0,0,0,0,0,0,0,0,0,0,1185,7,0,0,0,0,0,0,0,0,0,1,100
c85a6a4ec2076fb24f28d81ea0787564c434d15f,0,0,0,0,0,0,0,0,0,0,0,0,0,0,1186,8,0,0,0,0,0,0,0,0,0,1,100
6c37a89744149e68f198429fb7eac70fe1707360,144,7242,3137,4105,37,4,41,1,290,281,5,35,6.244934608,27003,1187,9,3257,2861,396,131149,111421,19728,1491,1313,178,1,92.07556428
6b82e83024800c0c0e55d1da7282f0558a7278a4,4,33,6,27,0,0,0,3,5,5,1,2,1.40384793,1160,1188,10,124,121,3,5350,5243,107,33,33,0,1,99.97702206
05d9ee3cfbbb94b6aed5e1aae2d31365182bbcd9,0,0,0,0,0,0,0,0,0,0,0,0,0,0,1189,11,0,0,0,0,0,0,0,0,0,1,100
6d13e86d76ab68206cb7261f2c77dd80d1404998,0,0,0,0,0,0,0,0,0,0,0,0,0,0,1190,12,0,0,0,0,0,0,0,0,0,0,100
d04d6265e8e273d5affc25c261c2e81eca042ce2,0,0,0,0,0,0,0,0,0,0,0,0,0,0,1191,13,0,0,0,0,0,0,0,0,0,0,100
ae04af8e05c4309f56e0b0d0e1460c37457b8200,0,0,0,0,0,0,0,0,0,0,0,0,0,0,1192,14,0,0,0,0,0,0,0,0,0,0,100
f2b3f35f702a46d7a26be30ef929a0f15235f1fe,0,0,0,0,0,0,0,0,0,0,0,0,0,0,1193,15,0,0,0,0,0,0,0,0,0,0,100
26dde61f15bcaf29f2349afa33bfc679b9f88b89,0,0,0,0,0,0,0,0,0,0,0,0,0,0,1194,16,0,0,0,0,0,0,0,0,0,0,100
e75d39f41a51b3db41e538b548d54931856b9c73,0,0,0,0,0,0,0,0,0,0,0,0,0,0,1195,17,0,0,0,0,0,0,0,0,0,0,100
9c801ca1df1a4f91ddba1f4e5355fabece376bde,0,0,0,0,0,0,0,0,0,0,0,0,0,0,32,0,0,0,0,0,0,0,0,0,0,0,100
901e5999865d7f4456acd72bf25b90e625c680e7,1,2,1,1,0,0,0,8,84,5,1,1,0,1028,1196,17,130,129,1,4529,4510,19,25,25,0,1,100
f52c2d2dd6f277c91e8b01adb65179e9809f76e8,1,45,1,44,0,0,0,13,291,5,1,1,0,815,1197,18,89,85,4,4465,4195,270,15,13,2,0,100
66b0cd1d4444dd845338ab8eccc3841e69183e3f,1,3,3,0,0,0,0,3,15,5,1,1,0,277,1198,19,37,37,0,1468,1470,2,6,6,0,0,100
15f0acf6b62b4bfb324c646c3554da8f8aa6e187,1,1,0,1,0,0,0,8,42,6,1,1,0,165,1199,20,9,9,0,591,584,7,6,6,0,1,100
53cd87f2d9cc21aeeb26ba525ab7d467ae226648,1,1,0,1,0,0,0,13,292,0,1,1,0,859,1200,21,89,89,0,4485,4465,20,15,15,0,0,100
7b9b88effc5a71831a5eb2d77500925070edb44d,2,17,4,13,0,0,0,2,3,186,1,1,0.591672779,98,1201,22,5,4,1,306,257,49,3,3,0,0,100
16759b10fe01c95cb1a7f8311723b4f446fd201e,0,0,0,0,0,0,0,0,0,0,0,0,0,0,1202,23,0,0,0,0,0,0,0,0,0,0,100
87ac7b2c146404e6594a94f7133774040543e36f,0,0,0,0,0,0,0,0,0,0,0,0,0,0,33,1,0,0,0,0,0,0,0,0,0,0,100
af9798e325adf796bf7641161b51b4e352bffb13,0,0,0,0,0,0,0,0,0,0,0,0,0,0,1203,24,0,0,0,0,0,0,0,0,0,0,100
8c13978af5dc13030018c837a855e8263fb73248,2,29,17,12,0,0,0,3,11,16,2,2,0.994538682,254,1204,25,25,23,2,1275,1163,112,8,8,0,0,100
1cbef71e7b761eb7ac5c07fb2e8f71cedc8b1292,2,4,14,10,0,0,0,1,2,16,2,2,0.99107606,774,1205,26,97,98,1,4421,4459,38,34,34,0,2,100
546399c38d0bdcd3fd373ab128ea339d696bc82b,0,0,0,0,0,0,0,0,0,0,0,0,0,0,1206,27,0,0,0,0,0,0,0,0,0,0,100
2df157de23391f43a365549434898fa2b5741498,0,0,0,0,0,0,0,0,0,0,0,0,0,0,1207,28,0,0,0,0,0,0,0,0,0,0,100
98ba2c1f3d31048e4c2ce5c3fd957cb1e56b934d,3,0,212,212,0,3,3,1,2,924,1,1,1.53763557,212,1208,29,0,10,10,0,298,298,0,8,8,0,99.8389694
08404c7a808565b3ec15fdca8c9cfec9c1068c51,0,0,0,0,0,0,0,0,0,0,0,0,0,0,1209,30,0,0,0,0,0,0,0,0,0,1,100
8c541435f53b7f40beb2cb1088789a7c5da0fa45,0,0,0,0,0,0,0,0,0,0,0,0,0,0,78,2,0,0,0,0,0,0,0,0,0,0,100
fc2a9f9a263ff85f92fb4d451e130154a265375d,2,89,32,57,0,0,0,1,15,343,1,1,0.734955759,434,1210,31,47,43,4,1809,1622,187,17,16,1,1,100
7a9c89b3379886e6f7f3270d19f7411371735049,1,11,4,7,0,0,0,1,2,25,1,1,0,82,1211,32,5,4,1,357,331,26,2,1,1,0,100
da8d45d550c3562082a35bab3245e596f01f7693,1,7,0,7,0,0,0,4,78,26,1,1,0,523,1212,32,46,45,1,2805,2765,40,14,14,0,1,100
e3796f66193abaee06c4d59c12c1382ef8c8d392,4,28,1,27,0,0,0,1,293,23,1,3,1.577543618,2372,1213,33,282,279,3,9530,9425,105,131,129,2,0,100
385619acb8956f583150a5d849945115aeabe182,1,4,2,2,0,0,0,1,2,26,1,1,0,232,1214,34,27,27,0,1269,1261,8,5,5,0,0,100
091cfb1596171cdb27681e554012f0215d3beda3,2,19,0,19,0,0,0,4,79,14,2,2,0.949452015,1127,1215,34,112,110,2,5761,5626,135,35,35,0,0,100
ee71e495122c22520d82596bfe5d70baa7dc23a3,0,0,0,0,0,0,0,0,0,0,0,0,0,0,79,1,0,0,0,0,0,0,0,0,0,0,100
f52838688f0a755692dfb0a4a1c881703d37cce9,0,0,0,0,0,0,0,0,0,0,0,0,0,0,80,2,0,0,0,0,0,0,0,0,0,0,100
c82bef82f7fb804cc91dd0f3d48852f038e5f900,0,0,0,0,0,0,0,0,0,0,0,0,0,0,81,3,0,0,0,0,0,0,0,0,0,0,100
69bbe9a86272ee98fe19b01b6055f9a48b8f2df1,60,60,60,0,0,0,0,2,35,0,1,9,5.906890596,9379,82,4,930,930,0,34799,34799,0,416,416,0,0,100
1abc9c1e9ae3a59162f8c0d60a5bbafc712232bb,1,47,6,41,0,0,0,4,80,4,1,1,0,542,1216,32,54,48,6,3120,2885,235,15,14,1,1,100
01ae5291a8fe1fc05e1a079a6e3b7790d2d45297,2,34,12,22,0,0,0,1,2,42,1,1,0.932111568,683,1217,29,97,94,3,3700,3542,158,31,29,2,1,100
7e99c2999b8b450d37375f315c40d84472d89c86,4,24,11,13,0,0,0,1,3,33,1,1,1.170185159,510,1218,27,60,58,2,2084,2020,64,39,39,0,1,100
ee07bb36d559be79d7134b930d9c3c1dc42df31f,5,363,7,356,1,0,1,1,76,21,2,5,0.284674557,1216,1219,23,189,130,59,7572,6337,1235,94,43,51,1,99.58275382
90ac0847b697b07ed643dab5fcafc15f12f31ec4,1,1,1,0,0,0,0,2,5,14,1,1,0,65,1220,24,5,5,0,166,166,0,3,3,0,1,100
8e5e2912bae3a12bc33adb39c5535e7da96a5f49,6,200,29,171,0,0,0,1,106,242,2,4,1.100054025,3968,1221,20,565,529,36,17569,16727,842,256,242,14,0,100
b4916c20e93c0514e40bbe7b15f4b0cd9af6bd3a,7,4,218,214,0,0,0,1,113,33,2,4,2.12702025,3047,1222,21,344,366,22,10132,11064,932,181,197,16,0,100
68ebd39bd845b7e67a2830839e19d8c01a50a6ab,3,36,2,34,0,0,0,8,294,14,1,2,1.086987702,2199,1223,22,253,249,4,8901,8789,112,118,114,4,2,100
9e678193cf3210729f2e70ccc844ebdc1cea2eb2,2,5,2,3,0,0,0,8,115,21,2,2,0.985228136,2108,1224,23,293,293,0,7998,7988,10,128,128,0,2,100
e2378b2b4723396475f87bdc56288ff130acebe5,0,0,0,0,0,0,0,0,0,0,0,0,0,0,1225,24,0,0,0,0,0,0,0,0,0,1,100
0ce5541bb5c92b87e2425efceee1aad53f415128,17,224,242,18,0,0,0,3,379,131,2,6,3.065379102,3890,1226,23,376,369,7,18194,18213,19,150,153,3,1,97.97833935
1939ae56d98cdbed11f61e1b3319d041b10058c3,0,0,0,0,0,0,0,0,0,0,0,0,0,0,1227,21,0,0,0,0,0,0,0,0,0,2,100
a85d879df22408e19be9156f41da961122fbbb55,1,1,0,1,0,0,0,8,43,52,1,1,0,166,1228,20,9,9,0,598,591,7,6,6,0,1,100
b0a5753ad9ce37c7d49a23b35f3180167a22d71d,1,1,0,1,0,0,0,3,6,1265,1,1,0,90,1229,20,10,10,0,287,285,2,4,4,0,0,100
8a3c4a0d7759102e4a5c1925117d2204d59d6fba,9,820,0,820,9,0,9,1,1,0,1,3,2.941189841,0,1230,20,60,0,60,1922,0,1922,26,0,26,1,99.50519545
122d51960a2a86e6f79f132b6fc641bc0418ddc1,3,8,47,39,0,0,0,5,16,261,2,3,1.499595225,1223,1231,20,75,85,10,8625,8789,164,26,28,2,2,100
a7c10dcb309421be4942f79ad802e4e65a1b8d2d,0,0,0,0,0,0,0,0,0,0,0,0,0,0,1232,21,0,0,0,0,0,0,0,0,0,1,100
6058f736139d36350e6e3d40f266cfcaa4d4afdb,0,0,0,0,0,0,0,0,0,0,0,0,0,0,1233,22,0,0,0,0,0,0,0,0,0,0,100
6da76b975ae40d1484643b7a70589e05b010396b,0,0,0,0,0,0,0,0,0,0,0,0,0,0,1234,23,0,0,0,0,0,0,0,0,0,0,100
62b1a5ffb01efd18990a09f77a1fdf81053a9e80,0,0,0,0,0,0,0,0,0,0,0,0,0,0,1235,24,0,0,0,0,0,0,0,0,0,0,100
fefa1696047c22f3982621f4810c49babd7c5351,2,29,3,26,0,0,0,1,3,33,2,2,0.543564443,735,1236,21,106,100,6,4166,4012,154,22,21,1,1,100
f0e9201748ed4725f86bc6924e514a8fbe15efe5,0,0,0,0,0,0,0,0,0,0,0,0,0,0,83,0,0,0,0,0,0,0,0,0,0,0,100
3bbe5bcd80f1b2f1f228d498667c1b746f467e9f,0,0,0,0,0,0,0,0,0,0,0,0,0,0,1237,20,0,0,0,0,0,0,0,0,0,1,100
11afa6961fa34cb4d666759b646c06f700a744f9,8,221,146,75,1,0,1,2,295,31,3,5,2.562763442,2740,1238,21,349,340,9,14792,14674,118,80,71,9,0,99.9507874
1be90a985a25e206682a9220b78dfe1f66700ab5,3,42,14,28,0,0,0,3,66,113,3,3,0.598380199,1321,1239,22,155,147,8,6677,6443,234,49,48,1,1,100
9e99fe5e65cdcb488d1a22eb5c20a165bb4bc5f2,1,3,2,1,0,0,0,6,28,256,1,1,0,181,1240,23,20,20,0,867,867,0,5,5,0,1,100
3996f56e8578885d9ea9a57e38775df8f3b61013,2,17,10,7,0,0,0,8,86,143,2,2,0.605186577,1338,1241,24,181,179,2,5725,5677,48,33,33,0,1,100
ca16d93499d7074bf0c0e2170acee0e691e62409,1,13,0,13,0,0,0,2,11,2,1,1,0,77,1242,25,11,10,1,430,362,68,5,4,1,1,100
137b64e837d56f6aa1571bdde765b85dc256a8df,1,2,2,0,0,0,0,4,8,262,1,1,0,224,1243,26,33,33,0,790,796,6,14,14,0,0,100
73b8f102f6064edfa83ea98ea643d372c150c13e,0,0,0,0,0,0,0,0,0,0,0,0,0,0,1244,25,0,0,0,0,0,0,0,0,0,1,100
a0b4f112bb02dca972ed5d238dd3523877f77b2e,0,0,0,0,0,0,0,0,0,0,0,0,0,0,1245,26,0,0,0,0,0,0,0,0,0,1,100
eecf91a606783d47670c37d083ec0939f62aa756,0,0,0,0,0,0,0,0,0,0,0,0,0,0,1246,27,0,0,0,0,0,0,0,0,0,0,100
0707794c271b1a9c15eb26ff73c5e40b5ad2a71d,0,0,0,0,0,0,0,0,0,0,0,0,0,0,1247,28,0,0,0,0,0,0,0,0,0,0,100
3fca2bb2d6a0e4075beb86c94875650a319d0830,2,30,0,30,0,0,0,2,16,421,1,2,0.650022422,855,1248,25,77,74,3,4455,4262,193,34,33,1,1,100
f87fea9589ad78bd856817da3c843bce3d030329,0,0,0,0,0,0,0,0,0,0,0,0,0,0,1249,24,0,0,0,0,0,0,0,0,0,1,100
87d3ffae46af3947b264be70eb3b2bd66601a14f,0,0,0,0,0,0,0,0,0,0,0,0,0,0,1250,24,0,0,0,0,0,0,0,0,0,1,100
759db789e10623626ebb00690c24e8935698f5d4,2,27,15,12,0,0,0,8,107,46,1,1,0.791858353,2440,1251,25,385,386,1,9455,9321,134,206,207,1,1,99.85247111
2c073d024b1fd876adbf857ea0da291b9b41e67a,0,0,0,0,0,0,0,0,0,0,0,0,0,0,1252,25,0,0,0,0,0,0,0,0,0,2,100
8f839aef4c7094cc12e25bf2f817354eb314ad6d,0,0,0,0,0,0,0,0,0,0,0,0,0,0,1253,26,0,0,0,0,0,0,0,0,0,0,100
388e659a17d23cba75afd93336181f768248efa3,0,0,0,0,0,0,0,0,0,0,0,0,0,0,1254,27,0,0,0,0,0,0,0,0,0,0,100
f7809d39816c2a484f9dd578f4fe338254ed69a4,0,0,0,0,0,0,0,0,0,0,0,0,0,0,1255,28,0,0,0,0,0,0,0,0,0,0,100
23078634208d189cb7b9183aed0c1311f3979002,3,20,11,9,0,0,0,2,108,189,1,3,1.424883883,2445,1256,27,387,384,3,9810,9781,29,187,186,1,0,100
069a4a7985da2d959f5271a423e7646ec7a4767d,1,4,1,3,0,0,0,3,67,27,1,1,0,1041,1257,26,135,134,1,5271,5259,12,37,37,0,0,100
b428381d996ddfa8291bfad590c4211a6f7bae9c,0,0,0,0,0,0,0,0,0,0,0,0,0,0,1258,22,0,0,0,0,0,0,0,0,0,0,100
789ee6703edf0c7d5fe61289a9da9df92af07ab8,6,112,24,88,0,0,0,3,81,42,1,2,2.157140884,2365,1259,23,252,245,7,10934,10699,235,80,78,2,1,99.90167158
3b986a00d86b491e23728c5d75aa6b3850244b40,0,0,0,0,0,0,0,0,0,0,0,0,0,0,1260,23,0,0,0,0,0,0,0,0,0,0,100
5d7c76403d12c7006a44564de2ca9913b4c338a8,1,22,0,22,0,0,0,3,77,67,1,1,0,604,1261,24,67,64,3,3034,2878,156,21,21,0,0,100
a54c02e3f35365467ed28122621ebaecb271a58f,1,2,2,0,0,0,0,3,11,59,1,1,0,300,1262,25,38,38,0,1498,1498,0,10,10,0,1,100
b175144ead81f6c0902028d32baa71ce1b7a68d8,0,0,0,0,0,0,0,0,0,0,0,0,0,0,1263,20,0,0,0,0,0,0,0,0,0,0,100
eaf528f2cefcebaaf01c3bf2acbecaef661ce33d,0,0,0,0,0,0,0,0,0,0,0,0,0,0,1264,21,0,0,0,0,0,0,0,0,0,0,100
629fd749e59a679809c86eb26d554520e4de3a78,0,0,0,0,0,0,0,0,0,0,0,0,0,0,1265,22,0,0,0,0,0,0,0,0,0,0,100
c6e42b2b421e64662090fb1e21914ec1d43c26d6,0,0,0,0,0,0,0,0,0,0,0,0,0,0,922,43,0,0,0,0,0,0,0,0,0,0,100
c10f412029b287b206a46b13d73e0af56838100a,0,0,0,0,0,0,0,0,0,0,0,0,0,0,921,42,0,0,0,0,0,0,0,0,0,0,100
27ff5d5c41bab77b123a81dcc046c6496e51ab63,2,2,0,2,0,0,0,2,104,49,1,2,1,1214,922,32,167,167,0,4214,4194,20,99,99,0,1,100
1acffe2e2b0b872f5a7a2d70b28e43ed41103320,2,26,2,24,0,0,0,2,11,181,1,2,0.985228136,802,923,30,113,112,1,3787,3653,134,11,10,1,0,100
42ed0ede91184284b5cecdbff2eace3a29ce04b3,1,20,0,20,0,0,0,2,12,0,1,1,0,784,924,31,115,113,2,3781,3651,130,12,11,1,1,100
2049ab9e804bf07bafb13bb29962fbaf2b2840dc,0,0,0,0,0,0,0,0,0,0,0,0,0,0,925,32,0,0,0,0,0,0,0,0,0,1,100
def1fef6d9fbeaab87390f669e34571476ef33a9,0,0,0,0,0,0,0,0,0,0,0,0,0,0,2312,0,0,0,0,0,0,0,0,0,0,1,100
4a1c9d84ae1ec41bcd5fd59d1ec51da1c52d657a,0,0,0,0,0,0,0,0,0,0,0,0,0,0,926,27,0,0,0,0,0,0,0,0,0,0,100
c47fe09875d70b48745de1396637c087c854531e,0,0,0,0,0,0,0,0,0,0,0,0,0,0,927,28,0,0,0,0,0,0,0,0,0,0,100
f54f1ec409854577d1615b2613265732fe37bef7,0,0,0,0,0,0,0,0,0,0,0,0,0,0,928,29,0,0,0,0,0,0,0,0,0,0,100
8e826033a809372e37f0d8230fb4b3abbab3c8a7,0,0,0,0,0,0,0,0,0,0,0,0,0,0,929,30,0,0,0,0,0,0,0,0,0,0,100
56f3439ebc67b4ff140cfdb65619613b9d3a2e57,0,0,0,0,0,0,0,0,0,0,0,0,0,0,930,31,0,0,0,0,0,0,0,0,0,0,100
3f677ab042097232b88adb166dc3df13f2a49e55,1,0,32,32,0,0,0,2,16,224,1,1,0,155,931,30,8,13,5,572,720,148,6,11,5,0,95.50775071
2ae3616c3f346a85111f790cdec235f78b92edab,1,0,32,32,0,0,0,1,2,56,1,1,0,155,932,31,8,13,5,572,720,148,6,11,5,0,95.40703199
0f465258e5b0eb579a82cf91ac99706ab0f155f6,8,157,98,59,0,0,0,6,360,124,3,5,1.948041997,4268,933,32,498,486,12,18146,17872,274,121,117,4,1,99.75445058
b48f4f4e49d1b656667ad4d02929b29fe61a3c50,2,4,3,1,0,0,0,4,14,89,1,1,0.863120569,284,934,32,22,21,1,1112,1090,22,10,10,0,0,100
669ab43ef2a5ac66772b67796c1c8b99d2aa6446,1,4,4,0,0,0,0,2,8,75,1,1,0,65,935,32,5,5,0,169,169,0,2,2,0,0,100
8b21cd1567f05835b777419b1f9bd93c9876d950,8,176,85,91,1,0,1,1,66,89,3,4,2.117098399,1340,936,33,120,108,12,6276,5984,292,59,50,9,1,99.32328514
1068ab557c476a291f3f16bc2b2523d5613c5e17,18,273,292,19,0,0,0,1,46,128,3,11,3.043444905,4308,937,33,480,484,4,18795,18319,476,157,162,5,1,99.6904983
9e424878291cb52e8806a54a36b0004b0f979e0b,6,47,24,23,0,0,0,1,22,100,1,2,2.086384873,1607,938,34,145,140,5,7684,7507,177,39,39,0,0,100
7c918bee743bba40169b7703137dcc91eaa10b02,9,479,3,476,6,0,6,1,2,39,1,2,2.596784639,263,939,31,53,23,30,1860,590,1270,28,12,16,0,99.50402976
1d14aab24a55186b21488407176263c9e9f67d53,2,37,47,10,0,0,0,2,5,114,2,2,0.989752535,980,940,32,119,119,0,4279,4282,3,39,40,1,1,100
7a5ccb383bc2f76d246670467f563d9d98acf060,1,21,1,20,0,0,0,2,7,435,1,1,0,96,941,32,9,7,2,558,459,99,3,2,1,1,99.9381953
f2d48a06ad0655acbf8ab6c596219fbf94ebcf2f,2,19,0,19,0,0,0,1,31,6,1,2,0.998000884,1077,942,33,132,128,4,5447,5337,110,55,54,1,1,100
b4427140047efebb323a0ba68bd70f0f5364d3a2,2,1,1,0,0,0,0,2,3,60,1,2,1,162,943,34,12,12,0,490,498,8,5,5,0,0,100
c23ce880744a03b8146239a1d9aad0a58bf27506,0,0,0,0,0,0,0,0,0,0,0,0,0,0,944,22,0,0,0,0,0,0,0,0,0,0,100
9adfaf82b5ec41a0d5f804fcebd97a9377f29c4d,0,0,0,0,0,0,0,0,0,0,0,0,0,0,945,23,0,0,0,0,0,0,0,0,0,0,100
5b750817504932390de2faefffd4f9b2b507b292,4,59,23,36,0,0,0,1,279,18,2,2,1.644097172,1389,946,24,137,137,0,6496,6410,86,36,36,0,1,99.59664908
ba0fef467653e47aab358f96bb33f47fce2c6efc,1,0,2,2,0,0,0,2,6,115,1,1,0,248,947,25,31,31,0,1101,1103,2,5,5,0,1,100
a8f2a0dd4973f1084ca64be17b7c1d809513abee,1,2,2,0,0,0,0,1,3,115,1,1,0,73,948,26,7,7,0,222,222,0,2,2,0,0,100
6de5f3f3de2a4acc698642d96b752ea5bf9526e5,2,30,2,28,0,0,0,1,32,8,1,2,0.543564443,1096,949,27,139,132,7,5606,5447,159,56,55,1,1,100
b1482a3cb420c12544cc9a574da63c9ef9b78b82,2,30,12,18,0,0,0,1,33,0,1,2,0.829607103,1124,950,28,141,139,2,5686,5606,80,58,56,2,0,100
f957961cb8e3ab58dfa563e1d8d200c5151cdada,2,11,8,3,0,0,0,6,95,77,2,2,0.485460761,2720,951,25,418,418,0,11098,11062,36,186,186,0,1,100
d6e0a1b149569d8805686d969d5bd6318baad300,1,22,3,19,0,0,0,3,15,37,1,1,0,274,952,26,46,43,3,1097,1010,87,7,7,0,0,100
f918716071b161de2bbf0695e34bb5935e7ad4e9,1,1,1,0,0,0,0,2,34,14,1,1,0,713,953,22,105,105,0,3679,3679,0,22,22,0,1,100
411fd3c42b050c58b2b90a40079970cdb6470206,2,27,7,20,0,0,0,1,47,30,1,1,0.602430802,908,954,23,108,105,3,4387,4272,115,33,33,0,0,100
269c956ea6ed6cdfca26478b8f3743fe076894ce,3,58,6,52,1,0,1,1,18,79,1,2,1.373775746,1116,955,20,117,115,2,5091,4969,122,40,38,2,1,99.9377335
705edc524aebce06e4e180bd905ec8a9aafd8ea5,1,4,1,3,0,0,0,2,49,96,1,1,0,701,956,21,91,91,0,3473,3469,4,17,17,0,1,100
a349e0a1b3a002330c9dfcce17c1c458bcf7a4a5,0,0,0,0,0,0,0,0,0,0,0,0,0,0,2404,0,0,0,0,0,0,0,0,0,0,0,100
506b7c6334ca018915f08c5f3b4f1195d3c309a5,1,6,0,6,0,0,0,6,96,26,1,1,0,2025,957,13,333,332,1,8057,8043,14,169,168,1,0,100
9be3468e2646949dd0b73d63cc4b1b73bd8300fb,8,81,4,77,0,0,0,2,361,114,1,6,1.156722722,3851,958,14,410,391,19,16627,16096,531,144,138,6,1,99.84467226
8433f039d0f9c38cf3b89c8388ee45691a6939dc,0,0,0,0,0,0,0,0,0,0,0,0,0,0,24,0,0,0,0,0,0,0,0,0,0,0,100
ed4f6d1094d309d3325ca08aa2c499691933c16a,3,235,5,230,1,0,1,2,48,18,1,2,0.583206835,1476,959,8,220,190,30,8113,7495,618,69,40,29,1,99.93800372
7dec7325a91480093b3bc09ee50808864dc15300,7,241,67,174,2,0,2,3,8,186,1,6,1.657218062,1843,960,9,191,179,12,9368,8683,685,103,95,8,1,99.84548826
6e503a60d2d30ed9fa417e8bb8ea2ada4eee7f9f,0,0,0,0,0,0,0,0,0,0,0,0,0,0,961,10,0,0,0,0,0,0,0,0,0,0,100
6f3130aa4c7df6245d2f20cb4ef7692a19d05f10,6,553,0,553,6,0,6,1,1,0,1,1,2.392997424,0,962,11,61,0,61,1831,0,1831,19,0,19,0,99.57028852
d3534c90bd1ea160ef9a809313bd71e2c32439a4,4,30,28,2,0,0,0,1,21,97,1,2,1.443601908,716,963,11,57,57,0,2893,2877,16,8,8,0,1,100
749e07b00081e57c42b7358613012584f9cfcebf,4,26,17,9,0,0,0,1,22,0,1,2,1.851248493,718,964,12,59,57,2,2901,2893,8,10,8,2,0,100
21dd7e9b9e2287ffc39271039c57ce4320690a71,0,0,0,0,0,0,0,0,0,0,0,0,0,0,965,10,0,0,0,0,0,0,0,0,0,1,100
109f5dab666c51920b3a7301561b1a59bc365523,0,0,0,0,0,0,0,0,0,0,0,0,0,0,966,9,0,0,0,0,0,0,0,0,0,1,100
837eb821f1063dd12c84cef82f44e0efc9b2585e,3,44,1,43,1,0,1,2,14,61,2,2,1.009946386,179,0,0,14,13,1,704,581,123,8,8,0,1,99.03306301
3d949386638d7a78bbf2daeb2735d0641e7badd9,1,19,7,12,0,0,0,2,14,267,1,1,0,540,967,10,86,85,1,2525,2493,32,17,17,0,1,100
c0448b2deff289a50f792e4c9164a2b5d463b32b,1,13,5,8,0,0,0,2,68,153,1,1,0,607,968,9,77,74,3,2865,2836,29,18,16,2,1,100
fa6330023c1d083bb6673249f0dbe2b35ee1da78,0,0,0,0,0,0,0,0,0,0,0,0,0,0,47,0,0,0,0,0,0,0,0,0,0,0,100
9d137583dd35358ea473a30536a0eab4686150ca,1,13,1,12,0,0,0,3,8,187,1,1,0,112,969,4,11,7,4,569,491,78,2,2,0,1,100
9121bccc933072e75066fb67a0da67ea64eb5861,0,0,0,0,0,0,0,0,0,0,0,0,0,0,970,4,0,0,0,0,0,0,0,0,0,0,100
02e2e6664c0ec5e2b75da76a188fb9ffd5918a97,1,3,3,0,0,0,0,3,9,4,1,1,0,124,971,5,11,11,0,569,569,0,2,2,0,1,100
ac03bb52c086f5855ed1be3c26451574a4388bb6,1,1,0,1,0,0,0,7,32,321,1,1,0,156,972,4,8,8,0,543,536,7,5,5,0,0,100
1520e0f8f3a7dfbe325799948ad090bf01d2047b,0,0,0,0,0,0,0,0,0,0,0,0,0,0,0,0,0,0,0,0,0,0,0,0,0,1,100
103a67cbaf85cdb125c8671eec8f10917eaad573,2,40,0,40,0,0,0,1,5,125,1,1,0.848548178,268,973,5,21,18,3,1296,1060,236,11,9,2,1,99.55399809
42b849dedabe17028b9b0858199f5a73e2293929,0,0,0,0,0,0,0,0,0,0,0,0,0,0,48,1,0,0,0,0,0,0,0,0,0,1,100
8cb042536eb0cd8713a89a921c574e3d1e907ef1,2,81,8,73,0,0,0,1,6,250,1,2,0.356204804,333,974,6,48,44,4,2198,1448,750,20,17,3,1,100
afb40dc0e950199aeda06db40fcf9a15cde6150c,1,27,2,25,0,0,0,2,50,96,1,1,0,704,975,7,94,91,3,3596,3473,123,18,17,1,1,100
1957ff0de929ce76832187fcd5543c5722fcc831,1,17,8,9,0,0,0,2,51,0,1,1,0,729,976,8,95,94,1,3628,3596,32,18,18,0,0,100
a5b2dd1a1f7e0db63df11c07bc6f2bdff576f1d4,2,12,26,14,0,0,0,6,70,73,2,2,1,1749,977,9,226,226,0,8174,8188,14,43,43,0,0,100
9f217fd24cb57a92fb1e740947b1586b0bf2de88,2,23,2,21,0,0,0,2,280,124,1,2,0.998845536,875,978,10,107,102,5,3859,3779,80,23,22,1,0,100
f5ebc72d12c333536fb734b12236b131f60d97b1,2,13,25,12,0,0,0,1,7,8,1,2,0.967788463,406,979,10,43,48,5,2241,2198,43,20,20,0,1,100
9e8a9af6ad9c292e179f30373a09e7f2b171884f,0,0,0,0,0,0,0,0,0,0,0,0,0,0,980,11,0,0,0,0,0,0,0,0,0,0,100
574641d86cb4344f26dbc97eb7628ef1f808aa41,0,0,0,0,0,0,0,0,0,0,0,0,0,0,981,12,0,0,0,0,0,0,0,0,0,0,100
e1f58d5f3dfd45ff407d3dc9ebaeeafb4bf2b6e5,1,14,0,14,0,0,0,2,24,120,1,1,0,722,982,10,68,66,2,3651,3585,66,13,13,0,1,100
fa2b09bc0a899d77533f28cbfb240be1082463dd,1,4,0,4,0,0,0,3,68,161,1,1,0,505,983,8,44,43,1,2678,2660,18,14,14,0,0,100
5a51823501d8eacf894def05b289c9a9de854357,1,6,10,4,0,0,0,2,8,177,1,1,0,367,984,5,48,48,0,1575,1574,1,9,9,0,0,100
03a383e30e4e3a866bc2a7983d1b58fbd05f0fe5,2,66,0,66,1,0,1,1,9,0,1,2,0.439496987,363,985,6,50,48,2,1829,1575,254,10,9,1,1,99.68040908
531384ee219697af1405cceca4613e423f332ff4,1,4,14,10,0,0,0,1,8,33,1,1,0,209,986,7,31,33,2,906,928,22,8,10,2,0,100
8b03e3220090144aac8941ca1a8e8b3f181f4d0a,0,0,0,0,0,0,0,0,0,0,0,0,0,0,49,0,0,0,0,0,0,0,0,0,0,1,100
76178a550f0640bf387080e60f5d09fb9cd01555,3,0,0,0,0,0,0,4,17,1768,1,1,0,1112,50,1,33,33,0,8819,8819,0,28,28,0,0,99.61538462
f0fcef7e670ad64e55f37edcb723311ef49d323b,2,4,4,0,0,0,0,1,2,130,1,2,0.811278124,671,51,2,85,85,0,2720,2720,0,34,34,0,1,100
81f9a09a346c3c4382ae823c98c3e567a4af6e98,1,5,6,1,0,0,0,5,18,0,1,1,0,206,52,3,11,11,0,1234,1234,0,11,11,0,1,100
1d2fd838ceb841a245cd0728c860c4c04917515f,2,37,1,36,1,0,1,1,105,103,1,2,0.297472249,1027,987,8,155,153,2,3385,3330,55,95,94,1,0,99.93597951
f7c13251e2bd79f05125ed95afd2c973181a4120,2,6,3,3,0,0,0,1,106,0,1,2,0.764204507,1063,988,9,155,155,0,3402,3385,17,95,95,0,0,99.87212276
2c107b31c786431a8ec884d5f1dbf5b4793c2a80,1,3,0,3,0,0,0,3,69,7,1,1,0,509,989,10,44,44,0,2705,2678,27,14,14,0,0,100
9168e662225c9b8ef8698c3eaf1efc9cc88a60bc,1,1,6,5,0,0,0,2,10,9,1,1,0,369,990,10,49,49,0,1599,1602,3,9,9,0,0,100
34c2aa8acc2f3a27207fb892e70bd7593cb1a9ad,1,18,22,4,0,0,0,6,71,51,1,1,0,1004,991,11,131,131,0,4506,4552,46,25,25,0,0,100
94176403596749c6e2dc5c43226561fcbdc64bc3,3,225,53,172,0,0,0,2,69,182,2,3,1.484994849,848,992,12,111,99,12,4447,3737,710,37,30,7,1,100
3264611447be6ea644474f88c51e958bb94cb5d2,1,2,4,2,0,0,0,3,10,1,1,1,0,117,25,0,10,10,0,439,449,10,5,5,0,1,100
cf5f0f972872ab10ab2819d84b75c1b9d6811bc1,0,0,0,0,0,0,0,0,0,0,0,0,0,0,993,11,0,0,0,0,0,0,0,0,0,0,100
2b1d264d313c5c53045092882278ae793195354c,0,0,0,0,0,0,0,0,0,0,0,0,0,0,53,4,0,0,0,0,0,0,0,0,0,1,100
04983c01116802d21b73ace88506db48803df625,3,73,27,46,1,0,1,6,72,19,2,3,1.191672587,1731,994,12,226,226,0,8120,8128,8,44,43,1,0,99.93610224
a789d4c28855cb2404afdcdad3e95896dc2a6551,3,15,3,12,0,0,0,2,23,268,1,2,1.382102253,754,995,13,69,68,1,3108,3093,15,15,14,1,0,100
b6c016a84eb489dc95afd1d40e129c7c4a1ece17,9,431,135,296,4,0,4,2,25,55,1,3,2.744747914,1536,996,14,149,137,12,7378,6793,585,41,28,13,1,99.68163005
58f5740f49d291bfe3ba150025e1132c2891993c,0,0,0,0,0,0,0,0,0,0,0,0,0,0,54,5,0,0,0,0,0,0,0,0,0,0,100
664537e3f8466ca9f4fb0c4f5cff9ec854c716d7,1,6,0,6,0,0,0,1,2,0,1,1,0,70,997,15,9,8,1,160,144,16,8,7,1,0,100
0bfae6deedf137af4573eaf3171c61afb008d1e5,4,945,55,890,1,0,1,2,14,54,1,2,1.390763231,696,0,0,112,70,42,7547,2905,4642,56,17,39,1,99.84142087
97d25dc1d9e1d8dab82dc43862f309893ce135d5,1,0,3,3,0,0,0,3,12,0,1,1,0,378,1,1,49,49,0,1575,1593,18,10,10,0,1,100
cc05cc63207665a69686f6b1052f8931c3fdd287,1,25,0,25,0,0,0,3,19,157,1,1,0,701,26,1,89,86,3,3150,3059,91,19,18,1,1,100
2bfc975ff14a793936fbfa00a724be46aef053ea,0,0,0,0,0,0,0,0,0,0,0,0,0,0,998,16,0,0,0,0,0,0,0,0,0,0,100
f2c08ee3024db28f81f39b7c360b67dd9d401f35,1,16,25,9,0,0,0,3,13,3,1,1,0,375,2,2,49,49,0,1547,1575,28,10,10,0,1,100
974bf9d27afaedfd4af63f10346ebcc97fddca32,0,0,0,0,0,0,0,0,0,0,0,0,0,0,999,17,0,0,0,0,0,0,0,0,0,0,100
3b35b6222afad098c6134cddcb3868a0e0a4af87,3,43,6,37,0,0,0,2,70,80,2,3,0.870082002,2236,1000,18,297,291,6,10767,10556,211,54,52,2,1,100
a7cf185920126d24a146fb2f367a4d3c375d23d2,1,22,1,21,0,0,0,3,16,174,1,1,0,293,1001,19,51,46,5,1165,1097,68,8,7,1,0,100
046666a7154ca2301c7f14a569d0298e53e82851,2,12,16,4,0,0,0,6,281,36,2,2,0.371232327,1616,1002,20,202,207,5,7176,7266,90,38,38,0,1,100
35861586792872947d7c293c023e0a0359dc7da3,0,0,0,0,0,0,0,0,0,0,0,0,0,0,1003,21,0,0,0,0,0,0,0,0,0,1,100
459c2e4e039fc4517128378fb529a9a3a8f1d193,1,14,3,11,0,0,0,1,4,157,1,1,0,130,1004,22,17,13,4,611,462,149,7,7,0,0,100
811c97ec30583dd1aace33d9f63be7961fbcf5b6,1,6,0,6,0,0,0,12,362,158,1,1,0,1971,1005,23,221,220,1,8130,8099,31,55,55,0,0,100
c18b8872de1d1da37ec33186c92091d60edc34e1,2,4,12,8,0,0,0,4,363,211,2,2,1,2655,1006,23,301,302,1,9467,9477,10,111,112,1,1,100
d0d3f58fff0434dc2c3e708c411cd731c0b3bf65,3,107,22,85,0,0,0,6,364,64,1,2,1.043537511,4520,1007,24,610,599,11,19261,18899,362,242,238,4,1,99.90491284
8b6616cf3b53b77c40cbb0609b92f8d92da42934,3,6,0,6,0,0,0,1,71,298,2,3,1.584962501,1352,1008,21,135,135,0,6802,6736,66,33,33,0,1,100
1df9413fd426cdae775568f9f4b54658fd1d17b4,1,82,11,71,0,0,0,2,7,210,1,1,0,246,1009,19,46,31,15,1489,1101,388,7,5,2,1,100
7d8835762cd1bb7d598c663593fba0c1ef8f1d3d,1,9,0,9,0,0,0,2,8,325,1,1,0,203,1010,20,23,21,2,942,858,84,5,5,0,0,100
6c59fced77e2619941ee4f228ed54d8aa7244df2,5,17,13,4,0,0,0,3,91,295,1,4,2.16559623,1168,3,3,173,173,0,5391,5365,26,80,80,0,0,100
92a7283378aa521d8e54e7371baba17c6a768d09,1,2,2,0,0,0,0,1,12,58,1,1,0,339,1011,5,38,38,0,1377,1377,0,12,12,0,0,100
a1438752da389ff29c2d1cde155daab8a5b880e5,2,5,4,1,0,0,0,8,65,175,2,2,0.99107606,752,4,1,106,106,0,2683,2676,7,63,63,0,0,100
fd5683b9369759d4b3e755ea4d903a814e4e5b45,1,6,5,1,0,0,0,2,26,68,1,1,0,709,1012,4,64,64,0,3568,3545,23,13,13,0,1,100
862e8875d183181675103b8b1b0cfbc0a38612f3,6,379,141,238,3,0,3,2,35,12,1,3,2.199831678,1262,1013,4,134,106,28,6705,6038,667,38,22,16,2,99.71527997
bc314e68aa6f2213c5541d2dedbf9474b1788854,3,40,50,10,0,0,0,1,28,12,1,1,1.370467785,830,1014,3,63,64,1,3835,3915,80,13,14,1,0,100
b8f5443e1351d01e1cdb1ed7a61c7ff211df3c4d,1,1,1,0,0,0,0,6,74,81,1,1,0,988,1015,4,125,125,0,4353,4351,2,25,25,0,1,100
f3e2dcf6a89a144855cb46cdf26ed6ee12c81755,0,0,0,0,0,0,0,0,0,0,0,0,0,0,1016,5,0,0,0,0,0,0,0,0,0,0,100
8a87da6a987cd6d99b49629f9b6900ddbe07d288,1,1,1,0,0,0,0,6,98,89,1,1,0,2084,1017,4,339,339,0,8205,8207,2,171,171,0,0,100
57ff75ee45dafa6df9f77851649a1b9b72da4bfe,2,41,28,13,0,0,0,1,36,205,1,2,0.781281209,235,1018,5,17,15,2,796,764,32,10,10,0,1,100
fe9a21ca8162df9b6ac51b7842d1ec6bf9141fff,2,47,11,36,0,0,0,2,18,393,1,2,0.929363626,362,1019,5,43,38,5,1477,1294,183,27,26,1,1,100
7dcb4c7cdf872e8c4e073a02782925b62828f47a,0,0,0,0,0,0,0,0,0,0,0,0,0,0,1020,6,0,0,0,0,0,0,0,0,0,0,100
ea8742b7bf3f39bed62326770f26d3af8442f1c8,1,2,2,0,0,0,0,1,2,300,1,1,0,71,1021,7,0,0,0,92,92,0,0,0,0,0,100
dd34e52b563de6e1f43d9278609ed3a080556e82,1,85,2,83,0,0,0,5,25,489,1,1,0,61,1022,8,17,4,13,680,215,465,4,4,0,1,99.55611921
f2aa8eda8a4b4030400d683c6e2d3d37767e510c,1,7,1,6,0,0,0,2,7,246,1,1,0,128,1023,9,14,12,2,518,491,27,9,8,1,1,100
c0fbdc5f9cb0cb5084d29ca15f06fb73ce8c75d3,1,39,24,15,0,0,0,2,3,115,1,1,0,470,5,0,25,22,3,2650,2563,87,23,20,3,0,100
767cc74a6bf3151e0e0163d568d374551697dea6,1,1,2,1,0,0,0,12,365,116,1,1,0,2008,1024,7,227,227,0,8328,8338,10,57,57,0,1,100
0c78c31304c52416ac4829fbf7f7e1166757dfda,0,0,0,0,0,0,0,0,0,0,0,0,0,0,1025,8,0,0,0,0,0,0,0,0,0,0,100
bfaab01874c766d239338c6160b0874ad82b83d4,0,0,0,0,0,0,0,0,0,0,0,0,0,0,1026,9,0,0,0,0,0,0,0,0,0,0,100
22585104f6d099ff4ba8a70b5c8408850b2e6646,1,5,0,5,0,0,0,2,29,59,1,1,0,576,1027,10,53,52,1,2981,2954,27,10,10,0,0,100
c5e7758e3efe512dcdb5fc9bc45cc243fac68da2,1,10,6,4,0,0,0,12,366,6,1,1,0,2007,1028,11,227,227,0,8358,8328,30,57,57,0,1,100
d946c8cbe939f8f782220bee3384d4cac740846f,1,23,0,23,0,0,0,12,367,2,1,1,0,2011,1029,12,231,227,4,8512,8358,154,57,57,0,1,100
1e91b227f9b313122ac827365196750dceb208e4,1,3,2,1,0,0,0,2,8,113,1,1,0,317,1030,13,46,46,0,1497,1489,8,7,7,0,0,100
f337a5a3e5eb5b6c4b58e9a7151f81a985a3b50a,0,0,0,0,0,0,0,0,0,0,0,0,0,0,55,0,0,0,0,0,0,0,0,0,0,0,100
db4ad728bed70a577ccf426217125d2668e7476f,0,0,0,0,0,0,0,0,0,0,0,0,0,0,56,1,0,0,0,0,0,0,0,0,0,0,100
5aaed1919bc81ffb7c4e470745d1e4dcdfaa262d,1,3,0,3,0,0,0,2,50,131,1,1,0,778,1031,7,86,86,0,3914,3881,33,18,18,0,1,100
c13cd3abc4c6c78ea4f41d1ab11f27afbddd0528,2,22,22,0,0,0,0,2,4,98,1,1,0.976020648,951,1032,8,46,46,0,4992,4963,29,42,42,0,0,100
d7d94af16931766bd779e52db5c9de6320c57241,1,30,0,30,0,0,0,1,9,416,1,1,0,298,1033,9,41,39,2,924,784,140,30,28,2,0,100
b433187006c1a336e169b0c8cc8c1de4f0de9209,1,3,3,0,0,0,0,2,8,429,1,1,0,162,1034,10,28,28,0,576,566,10,13,13,0,1,100
0bbebeae7056349b23ef04d58632d7d69cd10068,0,0,0,0,0,0,0,0,0,0,0,0,0,0,1035,11,0,0,0,0,0,0,0,0,0,0,100
a1f22c3da79868af64a191b399426d808e1f5c1a,3,166,197,31,0,0,0,1,32,531,1,2,0.602391015,521,1036,12,37,47,10,1960,2217,257,12,9,3,0,99.55583756
699fc5b81d789ce503b3324970df06e30a06968b,1,8,2,6,0,0,0,2,4,570,1,1,0,103,1037,13,10,9,1,437,422,15,4,3,1,1,100
c180c2137c187c721ff05c484bedc6dcd1eaf97f,1,10,0,10,0,0,0,12,368,32,1,1,0,2034,1038,14,232,231,1,8559,8512,47,58,57,1,0,100
4b084a7e3f8b3d0fefd27188d6b37eed9b7549a7,0,0,0,0,0,0,0,0,0,0,0,0,0,0,1039,15,0,0,0,0,0,0,0,0,0,0,100
dfd067b3ed6e170a784fc0e91f063a34f69f279a,5,26,1,25,0,0,0,3,72,337,3,3,2.204118413,1499,1040,13,176,173,3,6188,6156,32,85,82,3,0,100
8fe6c6d55108db2eec7459d29fdec0645d7145ed,2,25,3,22,0,0,0,1,36,342,1,2,0.940285959,1144,1041,12,144,141,3,5780,5694,86,59,58,1,0,100
38b4606a1809f8f2e724a371bc407f479acc93ee,2,160,197,37,0,0,0,1,37,0,1,2,0.322756959,1166,1042,11,139,144,5,5685,5780,95,61,59,2,0,100
51d640d13b5262f8ef309b64f824ad62959789af,6,150,37,113,2,0,2,1,51,291,1,2,2.249142582,1137,1043,12,133,128,5,5614,5295,319,28,26,2,1,99.84222152
5507063fc2966893fc68c2b61ed8a737c9a4ac3a,4,117,7,110,0,0,0,1,9,405,1,2,1.467025825,615,1044,13,66,48,18,2231,1794,437,36,29,7,0,100
edd0eb016b768902b66a427b47e34030e9e09ee6,1,1,1,0,0,0,0,3,5,695,1,1,0,99,1045,14,12,12,0,300,300,0,11,11,0,0,100
10f90c7b3d6ee2ddf7fc1395a17864e86d47445c,0,0,0,0,0,0,0,0,0,0,0,0,0,0,1046,15,0,0,0,0,0,0,0,0,0,1,100
bd1f3b58e5de42ab2cd1122793b805c2551777a7,3,84,40,44,0,0,0,6,369,33,1,3,1.568127033,4414,1047,16,620,614,6,18022,17879,143,244,242,2,1,95.25820071
e472d8f539f75dd0d2c95db57e8de281b892248b,1,1,1,0,0,0,0,6,75,104,1,1,0,988,1048,17,125,125,0,4355,4353,2,25,25,0,0,100
fbaa48e65869b09b3c217b194d7ca3e5275e6145,2,51,0,51,0,0,0,1,38,8,1,2,0.752212173,1129,1049,18,146,139,7,5955,5685,270,63,61,2,1,100
b16a0051061da48841c20ee565cae990ba7db5f0,2,4,2,2,0,0,0,2,42,225,2,2,1,2548,1050,19,257,265,8,15499,15603,104,157,161,4,1,100
953b339e1ca39871de92271afe45eb3d36bf86cf,0,0,0,0,0,0,0,0,0,0,0,0,0,0,1051,20,0,0,0,0,0,0,0,0,0,0,100
bbcd44e0112a4d762f4b53b5c2d0e2f129de10df,1,1,1,0,0,0,0,6,76,5,1,1,0,988,1052,21,125,125,0,4351,4355,4,25,25,0,1,100
8aba4e9b9b8f6b4b7aff92022e5654bbc8e8b702,1,49,2,47,0,0,0,2,15,309,1,1,0,552,1053,19,93,86,7,2756,2525,231,18,17,1,1,100
57fd3fb279ceb238506734b154a4d95a537da68f,4,135,6,129,2,0,2,1,370,164,1,1,1.782149833,2127,1054,19,250,239,11,8986,8732,254,65,61,4,1,99.86613119
2e814346e62c9a7e8ea117638243e4130668d563,9,203,210,7,2,1,3,3,33,521,1,4,2.826427553,855,1055,20,60,63,3,2876,2901,25,26,28,2,0,99.63284379
912a565ffc6f6210116f4d9ebcf18d665b32db6b,2,96,20,76,0,0,0,3,6,0,1,2,0.872696504,240,1056,20,29,19,10,1326,840,486,11,11,0,1,100
9020e459a19b9ba7fbb3704c14aa38d6438de954,1,14,1,13,0,0,0,2,52,13,1,1,0,787,1057,21,89,86,3,4003,3944,59,18,18,0,1,100
aa68fb033b606ca3ec6990f000e06dd073710105,3,45,12,33,0,0,0,2,10,135,2,3,1.349935233,1308,1058,22,181,176,5,6307,6105,202,46,45,1,1,100
14094c260ba2658be5f70255b9785729ecb8fb69,1,12,3,9,0,0,0,3,20,200,1,1,0,726,1059,23,90,89,1,3181,3150,31,19,19,0,1,100
1b157097df47256ce60973a5cbd14283dd805605,1,1,1,0,0,0,0,6,100,12,1,1,0,2115,1060,24,344,343,1,8287,8283,4,173,173,0,0,100
e45fa790c7049f7f4fd52fc7258a4a030cc7d5af,4,66,13,53,0,0,0,1,40,2,2,4,1.888584628,1497,1061,25,180,175,5,7650,7293,357,76,74,2,1,100
8daea5f1a79e0c91dfe15b51930fbdc34bc73d50,1,12,0,12,0,0,0,2,53,2,1,1,0,800,1062,26,91,89,2,4067,4003,64,18,18,0,1,100
ceef52904f772dffab7c8f63a3124001e7fcbefb,4,16,29,13,0,0,0,3,4,739,1,1,1.977523844,506,1063,27,47,48,1,2153,2215,62,19,20,1,1,100
d425e273a1bd49082e0d40332dc2e02c343761f9,5,116,48,68,0,0,0,2,55,392,2,3,1.530727991,2149,1064,28,254,242,12,10403,9982,421,63,61,2,1,100
3568227eef23bd40fcecb2653849b30db5d0edb3,1,6,0,6,0,0,0,3,22,2,1,1,0,755,1065,29,96,94,2,3360,3305,55,19,19,0,0,100
aa0b4f4618ba6c5adf72db1b46f600b824edea18,11,406,70,336,6,0,6,1,54,154,2,6,3.01271685,3611,1066,28,391,371,20,20978,20156,822,207,195,12,1,99.50248756
82867698345e0fafe5a704e9a04e39a3b930bfbb,1,7,5,2,0,0,0,2,55,4,1,1,0,818,1067,29,91,91,0,4141,4095,46,18,18,0,1,100
df8e313981a81bf47a74c077abddd84115254220,2,53,58,5,0,0,0,2,3,517,1,1,0.660376923,104,1068,30,4,12,8,297,532,235,4,5,1,0,99.86794322
a123fce49521cf988d99a3450a9f0c549e0077f3,1,18,13,5,0,0,0,1,6,669,1,1,0,112,1069,31,11,11,0,439,445,6,5,4,1,0,100
5aa2078ab17c4c8e9f4c552597a2ab228b9fc7fa,3,58,19,39,0,0,0,1,56,8,1,3,1.104649408,2023,1070,32,250,239,11,10497,10248,249,82,82,0,0,100
bf506287ed71fb801c3acb79363742e45384358b,0,0,0,0,0,0,0,0,0,0,0,0,0,0,1071,33,0,0,0,0,0,0,0,0,0,0,100
37a0e64aa0c5b6af4155c8fef015cf952c7e9354,2,19,9,10,0,0,0,3,92,110,1,2,0.940285959,881,1072,32,94,92,2,4133,4099,34,52,52,0,1,100
997c3110c62da50c8637ded14e54c75ae9822d9e,2,8,10,2,0,0,0,2,18,244,1,2,0.503258335,816,1073,33,127,128,1,4089,4091,2,40,40,0,1,100
95022ebf3615e3f2bb9727912a834ff305ce6301,0,0,0,0,0,0,0,0,0,0,0,0,0,0,1074,34,0,0,0,0,0,0,0,0,0,1,100
fc7636db41d5d6fb563e71aee6d14419e988a936,1,9,1,8,0,0,0,2,57,8,1,1,0,875,1075,35,104,103,1,4495,4482,13,19,19,0,1,100
1f9e91da55a4d6a0314eda7dd5ae4500999adb3d,1,15,0,15,0,0,0,1,5,25,1,1,0,220,1076,35,24,23,1,1113,1035,78,4,4,0,1,100
fba6edc9ae6b1930bd6bbbee7bdd90c271f0ad8e,1,17,10,7,0,0,0,11,282,219,1,1,0,624,1,0,78,77,1,2849,2825,24,13,13,0,1,100
a3bcfe7d116922ce5f627acbe049a20c66747510,1,1,1,0,0,0,0,2,42,11,1,1,0,735,1077,35,109,109,0,3861,3861,0,25,25,0,1,100
83237e46af5654c51c5c9005b054c1ffa01e327d,81,7614,2203,5411,60,0,60,7,371,83,3,12,5.230153931,8587,6,0,1390,945,445,57453,36036,21417,667,358,309,1,89.3666473
ed256dc2e83bd97a068a02e84a89f15b6b9ad989,1,7,7,0,0,0,0,5,25,503,1,1,0,587,1078,36,104,104,0,2213,2210,3,17,17,0,0,100
5ffd89030cdd7827acfd4efde48fd6bc93d00da7,2,61,4,57,0,0,0,5,15,372,1,2,0.986126085,899,1079,37,53,43,10,7314,7060,254,20,16,4,1,100
643337864b460a4045bd6f2d65bfa495cf557d63,5,57,28,29,0,0,0,7,372,0,2,3,1.956840396,3013,7,1,356,355,1,11563,11446,117,172,172,0,1,99.97406639
5f7181d9b80a7284f9ae9cc6e6ffc144773ca4b7,1,14,0,14,0,0,0,5,62,0,1,1,0,54,1080,37,0,0,0,196,73,123,0,0,0,0,99.97406639
70b0756d3171ebf27e5ad455ecf37feb642e49e0,1,8,11,3,0,0,0,6,26,0,1,1,0,587,57,0,103,104,1,2168,2213,45,17,17,0,0,100
51b1094d1eab99f4bbdfb3510d54f40ce2f7c3a1,1,1,68,67,0,0,0,1,2,721,1,1,0,106,1081,36,2,9,7,45,353,308,1,4,3,0,100
238f8c02fb5c1589342ee212b8575f1b88f67d6d,8,153,56,97,0,0,0,1,16,344,3,3,2.504555392,2399,1082,37,321,306,15,10378,10032,346,117,110,7,1,99.92217899
479e0dd366955b75a7f5fc00b5d1e8888bcf5b96,0,0,0,0,0,0,0,0,0,0,0,0,0,0,1083,37,0,0,0,0,0,0,0,0,0,0,100
3efaadf440250ac1be092669a05ee2354bf54d4c,1,5,0,5,0,0,0,2,58,6,1,1,0,883,1084,38,106,104,2,4514,4495,19,19,19,0,0,100
4d452991166278d1867c75551e5e2a972bc4b582,1,75,1,74,0,0,0,2,17,2,1,1,0,598,1085,39,104,91,13,3059,2734,325,19,18,1,1,100
0c20759680cd42f10ad9e96b79025cd7ec615475,3,12,2,10,0,0,0,2,44,21,2,3,1.378783493,2214,1086,38,200,198,2,13377,13323,54,142,142,0,1,100
6ab4736f12f9b89c144d243c6d7ea494cb7e6399,0,0,0,0,0,0,0,0,0,0,0,0,0,0,2405,0,0,0,0,0,0,0,0,0,0,0,100
21997b5c6bab8baf2b34c9dc0771dedbdcb103bb,5,108,14,94,0,0,0,3,8,255,2,4,1.897755059,866,1087,36,103,91,12,3682,3286,396,57,48,9,0,100
d6c1136f933e9c1819879bc23d1984028dddbd38,0,0,0,0,0,0,0,0,0,0,0,0,0,0,58,1,0,0,0,0,0,0,0,0,0,0,100
91e83d242486046a7612fee6d08be568768deaa2,14,286,289,3,3,2,5,1,373,98,1,6,3.192023026,2214,1088,37,200,201,1,9234,9358,124,54,71,17,0,94.48275862
e171aa5e0d53a9ab3dea5e9dade02a2ae55f8500,1,14,6,8,0,0,0,2,4,0,1,1,0,267,1089,38,27,26,1,1242,1229,13,6,6,0,0,100
3d2bebeb19e61e30d28c0eeef1620b65d54a0c5d,1,37,22,15,0,0,0,4,6,11,1,1,0,129,1090,37,14,14,0,455,420,35,10,10,0,0,100
6917060e567650015bc5356d797577f55e720719,1,6,0,6,0,0,0,4,7,0,1,1,0,144,1091,38,15,14,1,472,455,17,11,10,1,0,100
dbc214def71d3e5d7b746b1f67d0deab64bc4f8d,0,0,0,0,0,0,0,0,0,0,0,0,0,0,8,2,0,0,0,0,0,0,0,0,0,1,100
12b34781ec0ce01ce1d4e257a5eb1c879f32d9b1,4,26,29,3,0,0,0,7,285,19,1,3,1.583515189,3068,9,3,468,468,0,12265,12298,33,200,199,1,1,100
87ff4bf4143cb7aa0e615a149d636c8f44a2ee80,1,3,7,4,0,0,0,7,102,0,1,1,0,2113,10,4,342,344,2,8272,8280,8,173,173,0,1,100
2115920094596ca9d5882b776a1c2584b4a5535d,2,80,61,19,0,0,0,2,2,16,1,2,0.488908591,229,2,1,23,22,1,1059,856,203,11,12,1,1,100
ac455ccc6048766021d803b2f2c659c453c4451e,1,2,3,1,0,0,0,3,3,0,1,1,0,201,1092,29,21,21,0,843,847,4,9,9,0,0,100
95330133d9354eb64c9dc5791bde9aeba7efa9e1,12,240,137,103,0,0,0,3,19,7,2,6,2.871048846,2355,11,5,243,237,6,11186,10720,466,102,98,4,1,99.89118607
9fa047dc300391dfc003cc560bc9b0c2b6f67794,1,0,1,1,0,0,0,3,4,0,1,1,0,72,1093,29,3,3,0,401,410,9,2,2,0,0,100
effd92055cb4bd17d4cd5a44366b6996ae7d5907,2,1,2,1,0,0,0,2,59,24,1,1,0.918295834,919,1094,30,106,106,0,4550,4570,20,19,19,0,0,100
a315a9dac3764cddc7bb96354cdcae1738923ca6,1,15,29,14,0,0,0,2,43,21,1,1,0,735,1095,30,106,109,3,3854,3861,7,24,25,1,0,100
7e5e5eb1da765888d476764abbae2123725dd519,11,444,171,273,2,1,3,1,9,4,1,4,2.613091126,1384,12,6,156,126,30,7584,6308,1276,81,65,16,1,99.70019079
41eb59fdd1d561401445e6690bbcd7e29d92dd5e,2,48,17,31,0,0,0,2,45,21,2,2,0.99161783,2418,1096,31,260,254,6,14713,14674,39,171,168,3,0,100
4bddf292f518398ef3ce4cd8f0bd6bf94058029a,2,28,7,21,0,0,0,1,60,321,1,1,0.999411065,999,1097,32,117,116,1,4892,4825,67,24,23,1,0,100
d8a1cb1b9a7cc729af6e4e1cc987d8e72208f180,2,8,6,2,0,0,0,1,44,18,1,2,0.591672779,1173,1098,32,144,144,0,6074,6008,66,62,62,0,0,100
419a1d4627ae59080b767d403e72e02ed2b2be7c,7,64,66,2,0,0,0,1,286,353,2,4,2.002474336,1631,1099,33,193,194,1,5881,5836,45,50,50,0,0,99.20591457
e3c7c2633dbc876a0065641f79ca074511a8c730,1,3,1,2,0,0,0,1,5,740,1,1,0,110,1100,34,11,11,0,286,270,16,7,7,0,0,100
69c68d06c53ec9c35265e4c0140bf6714874a9ae,12,377,213,164,0,0,0,1,24,109,1,4,2.562302731,2337,13,7,244,217,27,11342,10396,946,97,83,14,1,100
954acd1a122c8982e2e74d85c9be1b4badc5ecec,9,232,103,129,3,0,3,1,5,5,1,5,2.656341466,1296,14,8,130,124,6,6728,6253,475,49,43,6,0,99.72474539
958b6eced1e6fe1baa854b7b29325e9f910eff11,0,0,0,0,0,0,0,0,0,0,0,0,0,0,1101,29,0,0,0,0,0,0,0,0,0,0,100
b329fdb4e5141340c03004c4ced95ecdf57b2a62,0,0,0,0,0,0,0,0,0,0,0,0,0,0,1102,30,0,0,0,0,0,0,0,0,0,0,100
2339e167506a3e0cdc33513f2905343564f16976,10,183,139,44,1,0,1,1,374,20,1,5,2.447585059,1618,15,9,135,134,1,8174,8086,88,58,57,1,0,93.0277244
5881bc747427d8c9dcd1889586219325df50ca15,5,114,52,62,0,0,0,2,14,18,1,4,1.835454371,317,1103,31,28,28,0,1252,1252,0,20,20,0,0,100
1253e7d631c69b2685c1f3022d616e00ecb0356e,0,0,0,0,0,0,0,0,0,0,0,0,0,0,1104,24,0,0,0,0,0,0,0,0,0,0,100
5b387d543b571ff16f2c8de4fc63acaedfc9a526,0,0,0,0,0,0,0,0,0,0,0,0,0,0,1105,20,0,0,0,0,0,0,0,0,0,0,100
dea099cdefe74966c24e57b5c8e7e4e596e23e15,2,4,4,0,0,0,0,3,16,40,1,2,0.811278124,426,1106,21,36,36,0,1504,1511,7,17,17,0,0,100
ef776a9a1760a85abf7b163ae0a3e11642dad8bf,6,121,68,53,1,0,1,1,31,25,1,4,1.385966747,1333,16,8,124,129,5,6799,6660,139,38,38,0,1,99.64635473
809969a06b9f11da4c52a325bad4a00036e3a139,1,7,1,6,0,0,0,2,4,26,1,1,0,143,1107,15,11,10,1,648,620,28,6,6,0,0,100
83389c3402084c405d18d51eaf2598cb45c0d49c,2,119,56,63,0,0,0,1,45,32,1,2,0.775512658,1175,1108,16,151,144,7,6394,6074,320,68,62,6,1,100
1da75bb7ef7a3538124bbb8818f2442aa8a2df53,1,2,2,0,0,0,0,12,287,32,1,1,0,625,1109,17,77,76,1,2849,2833,16,12,12,0,0,100
f46dc2a53890fecb743d1b2fd73e7d77807aa0a2,0,0,0,0,0,0,0,0,0,0,0,0,0,0,1110,18,0,0,0,0,0,0,0,0,0,0,100
1a7361596b905497890d5ca90268003b4b0c3ace,8,152,52,100,0,0,0,5,375,48,2,6,2.542475965,1813,17,9,172,162,10,7018,6589,429,113,108,5,1,100
6c35e2d3cf16116ea3ffcf63f80a8526fac163fb,1,7,0,7,0,0,0,3,9,578,1,1,0,354,18,10,32,31,1,1695,1657,38,4,4,0,1,100
dc09df4b99185a3bfdbeb70363171d469da81d4c,1,11,11,0,0,0,0,3,10,0,1,1,0,361,1111,19,32,32,0,1651,1695,44,4,4,0,0,100
1248bd1c1fb89d4a486d7ade29a80a5cb1845d78,9,297,175,122,1,0,1,1,376,26,1,4,1.755961089,2338,19,8,238,234,4,11080,10641,439,66,62,4,1,93.56823266
0d7a05f8b28afb3be7a01aae4c4cdfbbb8a7dde7,1,2,8,6,0,0,0,2,2,0,1,1,0,196,1112,19,13,13,0,746,746,0,2,2,0,0,100
ab495d4a397192f682b1b8c98c0ccc10c4a52f9e,4,17,46,29,0,0,0,1,8,27,1,3,1.336581636,720,20,8,69,73,4,2798,2894,96,34,35,1,1,100
630c0591421328394105ddd1446d6d26bd778a01,1,9,1,8,0,0,0,1,4,731,1,1,0,122,1113,12,2,2,0,853,785,68,2,2,0,0,100
90027ef75a89159582dadab64a1cc85302cee27e,3,21,11,10,0,0,0,1,46,46,2,3,1.419736718,1450,1114,10,178,177,1,7306,7264,42,75,74,1,1,100
f9002b18215da00706af62820efb4cb71ba6a5b7,1,2,2,0,0,0,0,6,11,600,1,1,0,106,1115,11,12,12,0,355,355,0,7,7,0,0,100
d126a29bc70707fbb6b3ad9409334f88b48c23f9,3,12,7,5,0,0,0,2,3,70,1,2,1.086987702,375,1116,12,29,28,1,1511,1486,25,11,11,0,1,99.97103129
c02663ff3a250550d833eeba155724c78a6619e6,0,0,0,0,0,0,0,0,0,0,0,0,0,0,1117,13,0,0,0,0,0,0,0,0,0,0,100
acd6b3c1c0bc1dacf912318fa381f2de226950b2,6,168,65,103,0,0,0,2,9,44,1,3,1.861355824,1034,21,5,121,106,15,4613,4380,233,54,49,5,1,98.98491879
d66682c37dd74afd4b911fe006958b02dca980f8,0,0,0,0,0,0,0,0,0,0,0,0,0,0,1118,11,0,0,0,0,0,0,0,0,0,0,100
35e842ab22f80ffcd6006090b7875be6d69c6354,0,0,0,0,0,0,0,0,0,0,0,0,0,0,1119,12,0,0,0,0,0,0,0,0,0,0,100
7f42e485cae5ccdcb25515b042167e596672ef4c,3,45,2,43,0,0,0,3,26,355,1,2,0.796281159,961,27,0,116,113,3,4410,4194,216,24,23,1,0,99.88382225
3b1181b87e501bbf9b46a61a94dc7a54af790ede,1,1,4,3,0,0,0,3,24,0,1,1,0,765,1120,7,96,96,0,3360,3382,22,19,19,0,0,99.94189425
2e4a9ecf26455657b7fe6de6ca06520b06cc646e,2,8,0,8,0,0,0,2,30,152,2,1,0.954434003,474,28,1,60,59,1,1592,1574,18,35,34,1,0,100
58b0987b90885fc8df51491415b0b5b5462fe236,1,0,3,3,0,0,0,8,37,230,1,1,0,157,1121,7,8,8,0,527,548,21,5,5,0,0,100
0a6b3d85105a7f515a388e7397dae06aa1578577,1,1,0,1,0,0,0,8,38,0,1,1,0,154,1122,8,8,8,0,534,527,7,5,5,0,1,100
dca7e1fffead2d15347c5af301bc8039dd823b0d,0,0,0,0,0,0,0,0,0,0,0,0,0,0,1123,9,0,0,0,0,0,0,0,0,0,0,100
1cadde746829c9ad78b2af6f9933b52c28594249,2,7,2,5,0,0,0,2,6,58,1,2,0.99107606,296,1124,10,27,27,0,1229,1176,53,9,9,0,0,100
c031581c62235babc4c5243813c56dc444bbdf89,0,0,0,0,0,0,0,0,0,0,0,0,0,0,1125,11,0,0,0,0,0,0,0,0,0,0,100
45679de67c47764e0b8e3d151304596d0166cc4b,0,0,0,0,0,0,0,0,0,0,0,0,0,0,29,2,0,0,0,0,0,0,0,0,0,0,100
c3d23fe6718d4f1d7040312f3c89d7633dfe9f7f,0,0,0,0,0,0,0,0,0,0,0,0,0,0,30,3,0,0,0,0,0,0,0,0,0,0,100
bdecdcf64a39c0375e9e00020ee7b0f1e388b5ec,1,25,7,18,0,0,0,3,11,123,1,1,0,218,1126,12,26,22,4,1200,1067,133,5,4,1,1,100
40028e7a188f165149af5dca73de72b8342a47ec,2,8,10,2,0,0,0,2,71,342,1,2,0.309543429,1523,1127,11,199,199,0,7107,7090,17,34,34,0,1,100
80903fa4d1725d80e583f4deda3fc1067c2d880d,1,3,3,0,0,0,0,2,20,107,1,1,0,612,1128,10,112,109,3,3026,3020,6,38,38,0,1,100
8dc242a54e495312cb26912dcde6daaf5f5cab2e,2,49,1,48,1,0,1,1,79,67,1,1,0.529360865,1006,1129,9,131,128,3,4554,4477,77,27,25,2,1,99.91289199
698339ef06a535357aea3edd6d511e25f7247cce,7,156,1,155,0,0,0,2,61,377,1,5,1.769347478,1613,1130,10,191,165,26,7825,7358,467,63,38,25,0,100
770b6d905f3e0a13c6cbc09e24d0cf8b5c1c2833,9,10,10,0,0,0,0,1,2,630,1,2,3.121928095,753,1131,11,19,19,0,2506,2546,40,10,10,0,0,100
81b3f432b0c3a888b5347a8fe1e0da21f1244283,1,7,1,6,0,0,0,7,80,11,1,1,0,1010,1132,12,130,129,1,4515,4494,21,25,25,0,0,100
8de97b662d8105357e403cb4b8e0e9c84e7ddd4c,0,0,0,0,0,0,0,0,0,0,0,0,0,0,1133,10,0,0,0,0,0,0,0,0,0,1,100
38d44c6e57540463414a6cc423e5aa3099b5cc30,0,0,0,0,0,0,0,0,0,0,0,0,0,0,59,0,0,0,0,0,0,0,0,0,0,0,100
1ba4a15a547c39811a9b87e12e584fd31a873f1d,0,0,0,0,0,0,0,0,0,0,0,0,0,0,60,1,0,0,0,0,0,0,0,0,0,1,100
6e7b4226e7521a846e0326a59a38f9d2d072c74b,27,395,131,264,0,0,0,2,74,394,4,14,3.193192236,9561,1134,8,1447,1425,22,46521,44014,2507,483,479,4,1,100
d499ca59c167970fd606f54495f1cb5ef5a6d4c1,0,0,0,0,0,0,0,0,0,0,0,0,0,0,1135,9,0,0,0,0,0,0,0,0,0,0,100
bb39b480449b328361582ab8070f695c389b564b,2,44,17,27,0,0,0,1,48,40,1,2,0.853657673,1288,1136,10,160,158,2,6945,6758,187,70,69,1,1,100
9be1144e4ef4dd01b4a7c7c164e2810ee903dd75,2,13,25,12,0,0,0,2,14,2862,1,2,0,396,1137,10,49,53,4,1881,1987,106,26,28,2,1,95.0764526
1a59d577462d02662a943fa7efd2dd906f905e8e,3,0,51,51,0,1,1,2,19,802,2,2,1.355539632,517,1138,11,58,61,3,1402,1525,123,48,51,3,0,99.74084872
c63fc3a15411e2f742c6d2cab0047e9fa688ff2b,0,0,0,0,0,0,0,0,0,0,0,0,0,0,61,2,0,0,0,0,0,0,0,0,0,0,100
cf68e8e091cc3feb8a1f7d062b129549b5579537,5,17,23,6,0,0,0,8,95,360,1,3,1.9912998,1081,62,3,84,85,1,3402,3459,57,58,58,0,0,100
c389e65f2bce4190fbb586f77da779e6e41bb8cf,0,0,0,0,0,0,0,0,0,0,0,0,0,0,1139,11,0,0,0,0,0,0,0,0,0,0,100
313e5b77614b78b48afa83b50eb910b8d15ce4dc,0,0,0,0,0,0,0,0,0,0,0,0,0,0,1140,12,0,0,0,0,0,0,0,0,0,0,100
0de8e71bc6f3b18bdd55a6ad30fc1777c8954ab3,0,0,0,0,0,0,0,0,0,0,0,0,0,0,1141,13,0,0,0,0,0,0,0,0,0,0,100
c94f27a8b46426e9a6870879280fc16afa927222,4,14,39,25,0,0,0,7,109,90,2,2,1.757737031,2621,1142,14,300,303,3,10380,10467,87,126,128,2,1,100
e2d8c568a5860a3e676a6e4dafd3e38e0d27bf8f,0,0,0,0,0,0,0,0,0,0,0,0,0,0,63,4,0,0,0,0,0,0,0,0,0,0,100
93536dd82c5568171717997eed08e8968639ada1,1,86,50,36,0,0,0,3,23,155,1,1,0,269,1143,14,47,42,5,1100,1034,66,14,13,1,0,100
d6e04a3d495562e189a1d7ff847fec6d6901a80a,1,4,2,2,0,0,0,6,64,116,1,1,0,86,31,0,0,0,0,275,277,2,0,0,0,0,100
e733004eb173d1521f381f537223025b7ccc6409,2,26,37,11,0,0,0,2,56,161,2,2,0.591672779,1556,1144,1,209,213,4,7458,7525,67,31,31,0,0,100
a9fcd5d108eaef4551a2346467ca8ea3e7a4a887,2,5,6,1,0,0,0,1,4,171,1,1,0.945660305,361,22,0,29,30,1,1385,1381,4,6,6,0,1,100
fc64c716a17e83dab4d6356049b97ddfc189d4c2,0,0,0,0,0,0,0,0,0,0,0,0,0,0,64,0,0,0,0,0,0,0,0,0,0,0,100
79d62ed13c1ec7fd4c679eff4884672355d5830c,3,18,37,19,0,0,0,4,13,393,1,1,1.563537956,1484,65,1,170,172,2,4279,4398,119,103,103,0,0,100
f1aa5485a471badc7776ccef729a6a96d64cf302,1,1,2,1,0,0,0,7,15,566,1,1,0,39,66,2,0,0,0,95,108,13,0,0,0,0,100
d782b61e8387d8e49c875e55eb9bd2e28b6136cf,1,1,1,0,0,0,0,2,49,69,1,1,0,804,1145,1,116,116,0,4453,4453,0,26,26,0,0,100
4e202d7d0118e48b9980aae312404655bcbc1eb8,0,0,0,0,0,0,0,0,0,0,0,0,0,0,67,3,0,0,0,0,0,0,0,0,0,0,100
23f20956520e583c36f4c9a0351c0021d86929cd,234,3413,2645,768,0,0,0,6,377,529,8,54,7.246513773,46329,68,4,5593,5595,2,182665,182505,160,2252,2252,0,0,98.38556505
75e51335a535cf99fb48ed3410b150e15bdd2c34,0,0,0,0,0,0,0,0,0,0,0,0,0,0,69,5,0,0,0,0,0,0,0,0,0,0,100
0e6cbbbf56c85d611e5004509cbbd77b4532dd2a,0,0,0,0,0,0,0,0,0,0,0,0,0,0,23,0,0,0,0,0,0,0,0,0,0,0,100
bf4af4c32697700a352c2b0ba5b0576863f30cec,1,2,2,0,0,0,0,2,4,1294,1,1,0,67,1146,1,3,3,0,248,236,12,3,3,0,0,100
d3965e9cbf8e1f818a74a704e8c8616a4cc32a74,2,186,144,42,1,0,1,1,5,14,1,2,0.990413773,271,1147,2,33,33,0,1147,998,149,29,29,0,1,92.90082425
5a6b42d721e1595a8877a576dc2360b5968d39af,0,0,0,0,0,0,0,0,0,0,0,0,0,0,70,3,0,0,0,0,0,0,0,0,0,0,100
f8c8aa5fa120464fc4d4c146baaeea2151a402e4,0,0,0,0,0,0,0,0,0,0,0,0,0,0,24,1,0,0,0,0,0,0,0,0,0,0,100
4bc349170646a8e461e434cdfa29d913a757babc,3,297,0,297,2,0,2,1,3,341,1,2,0.733023877,38,1148,2,27,0,27,1357,23,1334,26,0,26,0,98.25800377
b66e581ef147b7d5c8deb37214d20d89e704a238,1,1,0,1,0,0,0,8,39,173,1,1,0,155,1149,3,8,8,0,541,534,7,5,5,0,1,100
90a022ce0d85e34f2137b113de32879143f1791c,0,0,0,0,0,0,0,0,0,0,0,0,0,0,71,1,0,0,0,0,0,0,0,0,0,0,100
d16b880a2338b605a366e9baa1fa1005427a0422,0,0,0,0,0,0,0,0,0,0,0,0,0,0,72,2,0,0,0,0,0,0,0,0,0,0,100
2cce5d1bde57d1c4a2038558a3882177bd197b80,2,8,1,7,0,0,0,2,23,58,2,1,0.764204507,3547,1150,4,757,756,1,20121,20096,25,243,242,1,0,100
c6aab7be9f97879d00f7f4c36452c5d3bebaa020,28,152,104,48,1,0,1,1,40,35,2,8,1.22693272,2852,1151,5,203,202,1,8685,8580,105,84,83,1,0,94.53634085
89f49926afe35cd04c9ba688092895a0c1d5c12a,3,142,0,142,2,0,2,1,2,0,1,2,1.408405714,237,1152,6,33,24,9,1491,1124,367,13,4,9,0,99.86744433
bca95f0f6295afd3ba0f48e6cfa67e8104547b9d,1,11,0,11,0,0,0,2,7,62,1,1,0,245,1153,7,22,21,1,1149,1055,94,11,11,0,1,99.70991561
bcde4d89a418227f8a64f9e5cd477083f058dc90,6,104,90,14,0,0,0,1,64,424,2,4,1.354023231,1851,1154,8,215,214,1,7844,7776,68,72,70,2,0,100
260867adc23d4e8622fd872aa27cdd13b9f6bff5,2,36,0,36,0,0,0,1,51,102,1,2,0.852405179,1325,1155,9,165,160,5,7125,6945,180,72,70,2,1,100
85ef5598599491fe07872257a001f08a0dde3ce8,4,105,46,59,0,0,0,1,52,2,2,4,1.627166179,1714,1156,10,201,197,4,9071,8676,395,86,84,2,1,100
ce6ae6e8cf2c04171f1648f2f8b99fa2a67a7bf0,3,8,1,7,0,0,0,1,8,63,1,3,1.224394445,436,1157,11,40,39,1,1937,1892,45,28,27,1,0,100
3a7557a72bf2fd6e485a041b4eebeac9d8c3fd00,0,0,0,0,0,0,0,0,0,0,0,0,0,0,1158,12,0,0,0,0,0,0,0,0,0,0,100
4ab8f130847e80af147b9744318f4482473de500,0,0,0,0,0,0,0,0,0,0,0,0,0,0,1159,11,0,0,0,0,0,0,0,0,0,0,100
4e7e93346f4f766fd6adcece4abc5cb4791d9b0c,0,0,0,0,0,0,0,0,0,0,0,0,0,0,1160,12,0,0,0,0,0,0,0,0,0,0,100
d7ae6ad6c13ff75aae686a460bb0d4c6481399ea,2,0,2,2,0,0,0,1,65,7,2,2,1,1250,1161,13,154,154,0,6065,6091,26,42,42,0,0,100
a49f986e861c7ce796429715efb56ff704cd3c36,3,380,1,379,2,0,2,1,11,26,1,1,0.793010983,468,25,0,121,54,67,3349,2114,1235,68,15,53,1,99.86886966
f19befcf703781a9104a1068b20b79e162cbae70,2,3,3,0,0,0,0,1,2,0,1,1,0.918295834,362,26,1,62,62,0,1121,1122,1,52,52,0,0,100
65a22d7f66caa681b49e57e731114fd19c5a93fd,0,0,0,0,0,0,0,0,0,0,0,0,0,0,1162,14,0,0,0,0,0,0,0,0,0,0,100
43544946ccd6a0c3f25e78544c478d74d985812d,0,0,0,0,0,0,0,0,0,0,0,0,0,0,1163,15,0,0,0,0,0,0,0,0,0,0,100
5a0e6915073e052072f7de57a59878c3600a17f8,2,103,3,100,0,0,0,2,73,630,1,2,0.77170947,767,1164,15,94,85,9,3803,3351,452,28,23,5,1,100
8964423d9291499aace76791af5e73f67781dbdc,1,19,0,19,0,0,0,2,5,0,1,1,0,92,1165,16,9,9,0,400,400,0,5,5,0,0,100
2e71421fe73d60c529387e0b903dce3071265c0a,1,10,8,2,0,0,0,1,4,836,1,1,0,137,1166,16,19,17,2,463,455,8,8,8,0,1,100
7c5b95fa2685412a943ffbd49cc6721213fe2004,1,3,3,0,0,0,0,3,12,17,1,1,0,485,1167,17,59,59,0,2227,2227,0,16,16,0,0,100
f179e38933fc591cd00e25136fccaee55c75c4c7,1,7,3,4,0,0,0,3,13,0,1,1,0,485,1168,18,61,59,2,2240,2227,13,16,16,0,0,100
97bf1f10bc9b5a2a5f308fb9715e3471d7a1ca9a,2,46,7,39,0,0,0,1,53,34,1,2,0.999743186,1387,1169,16,170,166,4,7479,7256,223,75,73,2,1,100
09117ae4652122debfe478220f31445d457a1ca2,1,9,1,8,0,0,0,1,3,987,1,1,0,119,1170,17,14,12,2,352,326,26,11,11,0,0,100
46de558b61e73155237f2ad515f9dfd4a3efb8d0,1,68,51,17,0,0,0,1,13,526,1,1,0,339,1171,9,41,38,3,1481,1377,104,14,12,2,1,100
e96c8dab7eda4abc29f9cf9a0843e90afca1e6ab,1,6,6,0,0,0,0,3,6,119,1,1,0,239,1172,10,25,25,0,1001,1001,0,11,11,0,1,100
57e54dc4c086264f770a4fa414efe06fde7200d0,0,0,0,0,0,0,0,0,0,0,0,0,0,0,73,0,0,0,0,0,0,0,0,0,0,0,100
56aae7adbbf569c1463cdb5be7692a9ba5ffe89b,0,0,0,0,0,0,0,0,0,0,0,0,0,0,74,1,0,0,0,0,0,0,0,0,0,0,100
2a5fde5cac7d8168cdc3a2351f9a6e04a909e5c6,0,0,0,0,0,0,0,0,0,0,0,0,0,0,75,2,0,0,0,0,0,0,0,0,0,0,100
a9a19a7a62ffb35722716d84d7700e940cb2e0bd,3,202,9,193,1,0,1,1,32,430,1,2,1.464301076,697,1173,11,92,64,28,4187,3425,762,22,15,7,1,99.94764398
33a81408e1dca7c3cf12fc68f7d331368797019b,4,7,7,0,0,0,0,1,7,78,2,3,1.788450457,530,1174,12,44,44,0,1270,1270,0,24,24,0,0,100
99823b034ed33d274d7c68eea1cf54f021388214,0,0,0,0,0,0,0,0,0,0,0,0,0,0,1175,13,0,0,0,0,0,0,0,0,0,0,100
ab39d82dd13203eb48dfc01328aac73b59991be6,0,0,0,0,0,0,0,0,0,0,0,0,0,0,1176,14,0,0,0,0,0,0,0,0,0,0,100
0579e639c2c4ccc8eb1f3c99f69b504c11555cfa,0,0,0,0,0,0,0,0,0,0,0,0,0,0,2313,0,0,0,0,0,0,0,0,0,0,0,100
aea572bd3925afb31f2cae5e05b913d88d1338ca,0,0,0,0,0,0,0,0,0,0,0,0,0,0,1177,11,0,0,0,0,0,0,0,0,0,0,100
b2fd85fa8a4a187f319b2506b764aede8d1a254f,1,1,0,1,0,0,0,2,3,521,1,1,0,177,974,0,11,11,0,772,763,9,3,3,0,1,100
8cdb461fdf481f9ea3c9c81fe4d9fb3538cbbb45,1,4,1,3,0,0,0,2,4,0,1,1,0,178,975,1,12,11,1,790,772,18,3,3,0,1,100
d7e4dc09eb15c5dcc9eccd9aee4b07599be176ac,0,0,0,0,0,0,0,0,0,0,0,0,0,0,1178,9,0,0,0,0,0,0,0,0,0,1,100
618bbf4f0ebbef6671fb983571155cd163061555,60,92,31,61,0,0,0,2,33,312,1,9,5.706810416,9453,76,3,937,937,0,34323,34323,0,436,436,0,0,100
62a4bb86ce8d9a4d84429ad0c69cde9104ff8732,7,28,30,2,0,0,0,2,378,176,1,5,2.531165399,1756,77,4,153,153,0,8498,8525,27,53,53,0,0,99.50274797
2225bc7bbe9f79eb8608cc0f83e59585b9513654,7,299,232,67,2,2,4,5,18,117,2,2,2.253460574,881,1179,6,74,69,5,3604,3509,95,38,36,2,1,99.39648386
19dec1eff690aa152832b57244ebe436ba82d14b,1,5,1,4,0,0,0,3,19,163,1,1,0,695,1180,7,105,104,1,3075,3059,16,19,19,0,1,100
54be6250480f8b7d75d250bbf5303662d4898156,1,11,0,11,0,0,0,3,12,8,1,1,0,339,1181,7,51,48,3,1664,1609,55,8,7,1,1,100
f022e66b2a5ee3a36abf80ec9e1dfe4b99b58368,1,11,0,11,0,0,0,3,13,8,1,1,0,282,1182,8,40,37,3,1364,1309,55,9,8,1,1,100
4b047098285ef3269033b9a32027089d3190c807,2,23,9,14,0,0,0,8,104,164,1,1,0.811278124,2642,1183,9,389,386,3,11100,11021,79,187,187,0,1,100
bfaf11090a212f8445f2ad929af8acce5a984bf0,0,0,0,0,0,0,0,0,0,0,0,0,0,0,1184,7,0,0,0,0,0,0,0,0,0,1,100
44c35b0510113ebafa6dd42a7f204e724229d1d5,0,0,0,0,0,0,0,0,0,0,0,0,0,0,1185,7,0,0,0,0,0,0,0,0,0,1,100
c85a6a4ec2076fb24f28d81ea0787564c434d15f,0,0,0,0,0,0,0,0,0,0,0,0,0,0,1186,8,0,0,0,0,0,0,0,0,0,1,100
6c37a89744149e68f198429fb7eac70fe1707360,144,7242,3137,4105,37,4,41,1,290,281,5,35,6.244934608,27005,1187,9,3257,2861,396,131149,111421,19728,1491,1313,178,1,92.07556428
6b82e83024800c0c0e55d1da7282f0558a7278a4,4,33,6,27,0,0,0,3,5,5,1,2,1.40384793,1161,1188,10,124,121,3,5350,5243,107,33,33,0,1,99.97702206
05d9ee3cfbbb94b6aed5e1aae2d31365182bbcd9,0,0,0,0,0,0,0,0,0,0,0,0,0,0,1189,11,0,0,0,0,0,0,0,0,0,1,100
6d13e86d76ab68206cb7261f2c77dd80d1404998,0,0,0,0,0,0,0,0,0,0,0,0,0,0,1190,12,0,0,0,0,0,0,0,0,0,0,100
d04d6265e8e273d5affc25c261c2e81eca042ce2,0,0,0,0,0,0,0,0,0,0,0,0,0,0,1191,13,0,0,0,0,0,0,0,0,0,0,100
ae04af8e05c4309f56e0b0d0e1460c37457b8200,0,0,0,0,0,0,0,0,0,0,0,0,0,0,1192,14,0,0,0,0,0,0,0,0,0,0,100
f2b3f35f702a46d7a26be30ef929a0f15235f1fe,0,0,0,0,0,0,0,0,0,0,0,0,0,0,1193,15,0,0,0,0,0,0,0,0,0,0,100
26dde61f15bcaf29f2349afa33bfc679b9f88b89,0,0,0,0,0,0,0,0,0,0,0,0,0,0,1194,16,0,0,0,0,0,0,0,0,0,0,100
e75d39f41a51b3db41e538b548d54931856b9c73,0,0,0,0,0,0,0,0,0,0,0,0,0,0,1195,17,0,0,0,0,0,0,0,0,0,0,100
9c801ca1df1a4f91ddba1f4e5355fabece376bde,0,0,0,0,0,0,0,0,0,0,0,0,0,0,32,0,0,0,0,0,0,0,0,0,0,0,100
901e5999865d7f4456acd72bf25b90e625c680e7,1,2,1,1,0,0,0,8,84,5,1,1,0,1028,1196,17,130,129,1,4529,4510,19,25,25,0,1,100
f52c2d2dd6f277c91e8b01adb65179e9809f76e8,1,45,1,44,0,0,0,13,291,5,1,1,0,815,1197,18,89,85,4,4465,4195,270,15,13,2,0,100
66b0cd1d4444dd845338ab8eccc3841e69183e3f,1,3,3,0,0,0,0,3,15,5,1,1,0,277,1198,19,37,37,0,1468,1470,2,6,6,0,0,100
15f0acf6b62b4bfb324c646c3554da8f8aa6e187,1,1,0,1,0,0,0,8,42,6,1,1,0,165,1199,20,9,9,0,591,584,7,6,6,0,1,100
53cd87f2d9cc21aeeb26ba525ab7d467ae226648,1,1,0,1,0,0,0,13,292,0,1,1,0,859,1200,21,89,89,0,4485,4465,20,15,15,0,0,100
7b9b88effc5a71831a5eb2d77500925070edb44d,2,17,4,13,0,0,0,2,3,186,1,1,0.591672779,98,1201,22,5,4,1,306,257,49,3,3,0,0,100
16759b10fe01c95cb1a7f8311723b4f446fd201e,0,0,0,0,0,0,0,0,0,0,0,0,0,0,1202,23,0,0,0,0,0,0,0,0,0,0,100
87ac7b2c146404e6594a94f7133774040543e36f,0,0,0,0,0,0,0,0,0,0,0,0,0,0,33,1,0,0,0,0,0,0,0,0,0,0,100
af9798e325adf796bf7641161b51b4e352bffb13,0,0,0,0,0,0,0,0,0,0,0,0,0,0,1203,24,0,0,0,0,0,0,0,0,0,0,100
8c13978af5dc13030018c837a855e8263fb73248,2,29,17,12,0,0,0,3,11,16,2,2,0.994538682,254,1204,25,25,23,2,1275,1163,112,8,8,0,0,100
1cbef71e7b761eb7ac5c07fb2e8f71cedc8b1292,2,4,14,10,0,0,0,1,2,16,2,2,0.99107606,774,1205,26,97,98,1,4421,4459,38,34,34,0,2,100
546399c38d0bdcd3fd373ab128ea339d696bc82b,0,0,0,0,0,0,0,0,0,0,0,0,0,0,1206,27,0,0,0,0,0,0,0,0,0,0,100
2df157de23391f43a365549434898fa2b5741498,0,0,0,0,0,0,0,0,0,0,0,0,0,0,1207,28,0,0,0,0,0,0,0,0,0,0,100
98ba2c1f3d31048e4c2ce5c3fd957cb1e56b934d,3,0,212,212,0,3,3,1,2,924,1,1,1.53763557,212,1208,29,0,10,10,0,298,298,0,8,8,0,99.8389694
08404c7a808565b3ec15fdca8c9cfec9c1068c51,0,0,0,0,0,0,0,0,0,0,0,0,0,0,1209,30,0,0,0,0,0,0,0,0,0,1,100
8c541435f53b7f40beb2cb1088789a7c5da0fa45,0,0,0,0,0,0,0,0,0,0,0,0,0,0,78,2,0,0,0,0,0,0,0,0,0,0,100
fc2a9f9a263ff85f92fb4d451e130154a265375d,2,89,32,57,0,0,0,1,15,343,1,1,0.734955759,434,1210,31,47,43,4,1809,1622,187,17,16,1,1,100
7a9c89b3379886e6f7f3270d19f7411371735049,1,11,4,7,0,0,0,1,2,25,1,1,0,82,1211,32,5,4,1,357,331,26,2,1,1,0,100
da8d45d550c3562082a35bab3245e596f01f7693,1,7,0,7,0,0,0,4,78,26,1,1,0,523,1212,32,46,45,1,2805,2765,40,14,14,0,1,100
e3796f66193abaee06c4d59c12c1382ef8c8d392,4,28,1,27,0,0,0,1,293,23,1,3,1.577543618,2372,1213,33,282,279,3,9530,9425,105,131,129,2,0,100
385619acb8956f583150a5d849945115aeabe182,1,4,2,2,0,0,0,1,2,26,1,1,0,232,1214,34,27,27,0,1269,1261,8,5,5,0,0,100
091cfb1596171cdb27681e554012f0215d3beda3,2,19,0,19,0,0,0,4,79,14,2,2,0.949452015,1127,1215,34,112,110,2,5761,5626,135,35,35,0,0,100
ee71e495122c22520d82596bfe5d70baa7dc23a3,0,0,0,0,0,0,0,0,0,0,0,0,0,0,79,1,0,0,0,0,0,0,0,0,0,0,100
f52838688f0a755692dfb0a4a1c881703d37cce9,0,0,0,0,0,0,0,0,0,0,0,0,0,0,80,2,0,0,0,0,0,0,0,0,0,0,100
c82bef82f7fb804cc91dd0f3d48852f038e5f900,0,0,0,0,0,0,0,0,0,0,0,0,0,0,81,3,0,0,0,0,0,0,0,0,0,0,100
69bbe9a86272ee98fe19b01b6055f9a48b8f2df1,60,60,60,0,0,0,0,2,35,0,1,9,5.906890596,9390,82,4,930,930,0,34799,34799,0,416,416,0,0,100
1abc9c1e9ae3a59162f8c0d60a5bbafc712232bb,1,47,6,41,0,0,0,4,80,4,1,1,0,542,1216,32,54,48,6,3120,2885,235,15,14,1,1,100
01ae5291a8fe1fc05e1a079a6e3b7790d2d45297,2,34,12,22,0,0,0,1,2,42,1,1,0.932111568,683,1217,29,97,94,3,3700,3542,158,31,29,2,1,100
7e99c2999b8b450d37375f315c40d84472d89c86,4,24,11,13,0,0,0,1,3,33,1,1,1.170185159,510,1218,27,60,58,2,2084,2020,64,39,39,0,1,100
ee07bb36d559be79d7134b930d9c3c1dc42df31f,5,363,7,356,1,0,1,1,76,21,2,5,0.284674557,1216,1219,23,189,130,59,7572,6337,1235,94,43,51,1,99.58275382
90ac0847b697b07ed643dab5fcafc15f12f31ec4,1,1,1,0,0,0,0,2,5,14,1,1,0,65,1220,24,5,5,0,166,166,0,3,3,0,1,100
8e5e2912bae3a12bc33adb39c5535e7da96a5f49,6,200,29,171,0,0,0,1,106,242,2,4,1.100054025,3968,1221,20,565,529,36,17569,16727,842,256,242,14,0,100
b4916c20e93c0514e40bbe7b15f4b0cd9af6bd3a,7,4,218,214,0,0,0,1,113,33,2,4,2.12702025,3047,1222,21,344,366,22,10132,11064,932,181,197,16,0,100
68ebd39bd845b7e67a2830839e19d8c01a50a6ab,3,36,2,34,0,0,0,8,294,14,1,2,1.086987702,2199,1223,22,253,249,4,8901,8789,112,118,114,4,2,100
9e678193cf3210729f2e70ccc844ebdc1cea2eb2,2,5,2,3,0,0,0,8,115,21,2,2,0.985228136,2108,1224,23,293,293,0,7998,7988,10,128,128,0,2,100
e2378b2b4723396475f87bdc56288ff130acebe5,0,0,0,0,0,0,0,0,0,0,0,0,0,0,1225,24,0,0,0,0,0,0,0,0,0,1,100
0ce5541bb5c92b87e2425efceee1aad53f415128,17,224,242,18,0,0,0,3,379,131,2,6,3.065379102,3894,1226,23,376,369,7,18194,18213,19,150,153,3,1,97.97833935
1939ae56d98cdbed11f61e1b3319d041b10058c3,0,0,0,0,0,0,0,0,0,0,0,0,0,0,1227,21,0,0,0,0,0,0,0,0,0,2,100
a85d879df22408e19be9156f41da961122fbbb55,1,1,0,1,0,0,0,8,43,52,1,1,0,166,1228,20,9,9,0,598,591,7,6,6,0,1,100
b0a5753ad9ce37c7d49a23b35f3180167a22d71d,1,1,0,1,0,0,0,3,6,1265,1,1,0,90,1229,20,10,10,0,287,285,2,4,4,0,0,100
8a3c4a0d7759102e4a5c1925117d2204d59d6fba,9,820,0,820,9,0,9,1,1,0,1,3,2.941189841,0,1230,20,60,0,60,1922,0,1922,26,0,26,1,99.50519545
122d51960a2a86e6f79f132b6fc641bc0418ddc1,3,8,47,39,0,0,0,5,16,261,2,3,1.499595225,1223,1231,20,75,85,10,8625,8789,164,26,28,2,2,100
a7c10dcb309421be4942f79ad802e4e65a1b8d2d,0,0,0,0,0,0,0,0,0,0,0,0,0,0,1232,21,0,0,0,0,0,0,0,0,0,1,100
6058f736139d36350e6e3d40f266cfcaa4d4afdb,0,0,0,0,0,0,0,0,0,0,0,0,0,0,1233,22,0,0,0,0,0,0,0,0,0,0,100
6da76b975ae40d1484643b7a70589e05b010396b,0,0,0,0,0,0,0,0,0,0,0,0,0,0,1234,23,0,0,0,0,0,0,0,0,0,0,100
62b1a5ffb01efd18990a09f77a1fdf81053a9e80,0,0,0,0,0,0,0,0,0,0,0,0,0,0,1235,24,0,0,0,0,0,0,0,0,0,0,100
fefa1696047c22f3982621f4810c49babd7c5351,2,29,3,26,0,0,0,1,3,33,2,2,0.543564443,735,1236,21,106,100,6,4166,4012,154,22,21,1,1,100
f0e9201748ed4725f86bc6924e514a8fbe15efe5,0,0,0,0,0,0,0,0,0,0,0,0,0,0,83,0,0,0,0,0,0,0,0,0,0,0,100
3bbe5bcd80f1b2f1f228d498667c1b746f467e9f,0,0,0,0,0,0,0,0,0,0,0,0,0,0,1237,20,0,0,0,0,0,0,0,0,0,1,100
11afa6961fa34cb4d666759b646c06f700a744f9,8,221,146,75,1,0,1,2,295,31,3,5,2.562763442,2740,1238,21,349,340,9,14792,14674,118,80,71,9,0,99.9507874
1be90a985a25e206682a9220b78dfe1f66700ab5,3,42,14,28,0,0,0,3,66,113,3,3,0.598380199,1321,1239,22,155,147,8,6677,6443,234,49,48,1,1,100
9e99fe5e65cdcb488d1a22eb5c20a165bb4bc5f2,1,3,2,1,0,0,0,6,28,256,1,1,0,181,1240,23,20,20,0,867,867,0,5,5,0,1,100
3996f56e8578885d9ea9a57e38775df8f3b61013,2,17,10,7,0,0,0,8,86,143,2,2,0.605186577,1338,1241,24,181,179,2,5725,5677,48,33,33,0,1,100
ca16d93499d7074bf0c0e2170acee0e691e62409,1,13,0,13,0,0,0,2,11,2,1,1,0,77,1242,25,11,10,1,430,362,68,5,4,1,1,100
137b64e837d56f6aa1571bdde765b85dc256a8df,1,2,2,0,0,0,0,4,8,262,1,1,0,224,1243,26,33,33,0,790,796,6,14,14,0,0,100
73b8f102f6064edfa83ea98ea643d372c150c13e,0,0,0,0,0,0,0,0,0,0,0,0,0,0,1244,25,0,0,0,0,0,0,0,0,0,1,100
a0b4f112bb02dca972ed5d238dd3523877f77b2e,0,0,0,0,0,0,0,0,0,0,0,0,0,0,1245,26,0,0,0,0,0,0,0,0,0,1,100
eecf91a606783d47670c37d083ec0939f62aa756,0,0,0,0,0,0,0,0,0,0,0,0,0,0,1246,27,0,0,0,0,0,0,0,0,0,0,100
0707794c271b1a9c15eb26ff73c5e40b5ad2a71d,0,0,0,0,0,0,0,0,0,0,0,0,0,0,1247,28,0,0,0,0,0,0,0,0,0,0,100
3fca2bb2d6a0e4075beb86c94875650a319d0830,2,30,0,30,0,0,0,2,16,421,1,2,0.650022422,855,1248,25,77,74,3,4455,4262,193,34,33,1,1,100
f87fea9589ad78bd856817da3c843bce3d030329,0,0,0,0,0,0,0,0,0,0,0,0,0,0,1249,24,0,0,0,0,0,0,0,0,0,1,100
87d3ffae46af3947b264be70eb3b2bd66601a14f,0,0,0,0,0,0,0,0,0,0,0,0,0,0,1250,24,0,0,0,0,0,0,0,0,0,1,100
759db789e10623626ebb00690c24e8935698f5d4,2,27,15,12,0,0,0,8,107,46,1,1,0.791858353,2440,1251,25,385,386,1,9455,9321,134,206,207,1,1,99.85247111
2c073d024b1fd876adbf857ea0da291b9b41e67a,0,0,0,0,0,0,0,0,0,0,0,0,0,0,1252,25,0,0,0,0,0,0,0,0,0,2,100
8f839aef4c7094cc12e25bf2f817354eb314ad6d,0,0,0,0,0,0,0,0,0,0,0,0,0,0,1253,26,0,0,0,0,0,0,0,0,0,0,100
388e659a17d23cba75afd93336181f768248efa3,0,0,0,0,0,0,0,0,0,0,0,0,0,0,1254,27,0,0,0,0,0,0,0,0,0,0,100
f7809d39816c2a484f9dd578f4fe338254ed69a4,0,0,0,0,0,0,0,0,0,0,0,0,0,0,1255,28,0,0,0,0,0,0,0,0,0,0,100
23078634208d189cb7b9183aed0c1311f3979002,3,20,11,9,0,0,0,2,108,189,1,3,1.424883883,2445,1256,27,387,384,3,9810,9781,29,187,186,1,0,100
069a4a7985da2d959f5271a423e7646ec7a4767d,1,4,1,3,0,0,0,3,67,27,1,1,0,1041,1257,26,135,134,1,5271,5259,12,37,37,0,0,100
b428381d996ddfa8291bfad590c4211a6f7bae9c,0,0,0,0,0,0,0,0,0,0,0,0,0,0,1258,22,0,0,0,0,0,0,0,0,0,0,100
789ee6703edf0c7d5fe61289a9da9df92af07ab8,6,112,24,88,0,0,0,3,81,42,1,2,2.157140884,2365,1259,23,252,245,7,10934,10699,235,80,78,2,1,99.90167158
3b986a00d86b491e23728c5d75aa6b3850244b40,0,0,0,0,0,0,0,0,0,0,0,0,0,0,1260,23,0,0,0,0,0,0,0,0,0,0,100
5d7c76403d12c7006a44564de2ca9913b4c338a8,1,22,0,22,0,0,0,3,77,67,1,1,0,604,1261,24,67,64,3,3034,2878,156,21,21,0,0,100
a54c02e3f35365467ed28122621ebaecb271a58f,1,2,2,0,0,0,0,3,11,59,1,1,0,300,1262,25,38,38,0,1498,1498,0,10,10,0,1,100
b175144ead81f6c0902028d32baa71ce1b7a68d8,0,0,0,0,0,0,0,0,0,0,0,0,0,0,1263,20,0,0,0,0,0,0,0,0,0,0,100
eaf528f2cefcebaaf01c3bf2acbecaef661ce33d,0,0,0,0,0,0,0,0,0,0,0,0,0,0,1264,21,0,0,0,0,0,0,0,0,0,0,100
629fd749e59a679809c86eb26d554520e4de3a78,0,0,0,0,0,0,0,0,0,0,0,0,0,0,1265,22,0,0,0,0,0,0,0,0,0,0,100
b329fdb4e5141340c03004c4ced95ecdf57b2a62,0,0,0,0,0,0,0,0,0,0,0,0,0,0,1102,30,0,0,0,0,0,0,0,0,0,0,100
2339e167506a3e0cdc33513f2905343564f16976,10,183,139,44,1,0,1,1,374,20,1,5,2.447585059,1616,15,9,135,134,1,8174,8086,88,58,57,1,0,93.0277244
5881bc747427d8c9dcd1889586219325df50ca15,5,114,52,62,0,0,0,2,14,18,1,4,1.835454371,315,1103,31,28,28,0,1252,1252,0,20,20,0,0,100
1253e7d631c69b2685c1f3022d616e00ecb0356e,0,0,0,0,0,0,0,0,0,0,0,0,0,0,1104,24,0,0,0,0,0,0,0,0,0,0,100
5b387d543b571ff16f2c8de4fc63acaedfc9a526,0,0,0,0,0,0,0,0,0,0,0,0,0,0,1105,20,0,0,0,0,0,0,0,0,0,0,100
dea099cdefe74966c24e57b5c8e7e4e596e23e15,2,4,4,0,0,0,0,3,16,40,1,2,0.811278124,426,1106,21,36,36,0,1504,1511,7,17,17,0,0,100
ef776a9a1760a85abf7b163ae0a3e11642dad8bf,6,121,68,53,1,0,1,1,31,25,1,4,1.385966747,1332,16,8,124,129,5,6799,6660,139,38,38,0,1,99.64635473
809969a06b9f11da4c52a325bad4a00036e3a139,1,7,1,6,0,0,0,2,4,26,1,1,0,142,1107,15,11,10,1,648,620,28,6,6,0,0,100
83389c3402084c405d18d51eaf2598cb45c0d49c,2,119,56,63,0,0,0,1,45,32,1,2,0.775512658,1175,1108,16,151,144,7,6394,6074,320,68,62,6,1,100
1da75bb7ef7a3538124bbb8818f2442aa8a2df53,1,2,2,0,0,0,0,12,287,32,1,1,0,625,1109,17,77,76,1,2849,2833,16,12,12,0,0,100
f46dc2a53890fecb743d1b2fd73e7d77807aa0a2,0,0,0,0,0,0,0,0,0,0,0,0,0,0,1110,18,0,0,0,0,0,0,0,0,0,0,100
1a7361596b905497890d5ca90268003b4b0c3ace,8,152,52,100,0,0,0,5,375,48,2,6,2.542475965,1812,17,9,172,162,10,7018,6589,429,113,108,5,1,100
6c35e2d3cf16116ea3ffcf63f80a8526fac163fb,1,7,0,7,0,0,0,3,9,578,1,1,0,354,18,10,32,31,1,1695,1657,38,4,4,0,1,100
dc09df4b99185a3bfdbeb70363171d469da81d4c,1,11,11,0,0,0,0,3,10,0,1,1,0,361,1111,19,32,32,0,1651,1695,44,4,4,0,0,100
1248bd1c1fb89d4a486d7ade29a80a5cb1845d78,9,297,175,122,1,0,1,1,376,26,1,4,1.755961089,2338,19,8,238,234,4,11080,10641,439,66,62,4,1,93.56823266
0d7a05f8b28afb3be7a01aae4c4cdfbbb8a7dde7,1,2,8,6,0,0,0,2,2,0,1,1,0,196,1112,19,13,13,0,746,746,0,2,2,0,0,100
ab495d4a397192f682b1b8c98c0ccc10c4a52f9e,4,17,46,29,0,0,0,1,8,27,1,3,1.336581636,719,20,8,69,73,4,2798,2894,96,34,35,1,1,100
630c0591421328394105ddd1446d6d26bd778a01,1,9,1,8,0,0,0,1,4,731,1,1,0,122,1113,12,2,2,0,853,785,68,2,2,0,0,100
90027ef75a89159582dadab64a1cc85302cee27e,3,21,11,10,0,0,0,1,46,46,2,3,1.419736718,1450,1114,10,178,177,1,7306,7264,42,75,74,1,1,100
f9002b18215da00706af62820efb4cb71ba6a5b7,1,2,2,0,0,0,0,6,11,600,1,1,0,106,1115,11,12,12,0,355,355,0,7,7,0,0,100
d126a29bc70707fbb6b3ad9409334f88b48c23f9,3,12,7,5,0,0,0,2,3,70,1,2,1.086987702,374,1116,12,29,28,1,1511,1486,25,11,11,0,1,99.97103129
c02663ff3a250550d833eeba155724c78a6619e6,0,0,0,0,0,0,0,0,0,0,0,0,0,0,1117,13,0,0,0,0,0,0,0,0,0,0,100
acd6b3c1c0bc1dacf912318fa381f2de226950b2,6,168,65,103,0,0,0,2,9,44,1,3,1.861355824,1031,21,5,121,106,15,4613,4380,233,54,49,5,1,98.98491879
d66682c37dd74afd4b911fe006958b02dca980f8,0,0,0,0,0,0,0,0,0,0,0,0,0,0,1118,11,0,0,0,0,0,0,0,0,0,0,100
35e842ab22f80ffcd6006090b7875be6d69c6354,0,0,0,0,0,0,0,0,0,0,0,0,0,0,1119,12,0,0,0,0,0,0,0,0,0,0,100
7f42e485cae5ccdcb25515b042167e596672ef4c,3,45,2,43,0,0,0,3,26,355,1,2,0.796281159,961,27,0,116,113,3,4410,4194,216,24,23,1,0,99.88382225
3b1181b87e501bbf9b46a61a94dc7a54af790ede,1,1,4,3,0,0,0,3,24,0,1,1,0,765,1120,7,96,96,0,3360,3382,22,19,19,0,0,99.94189425
2e4a9ecf26455657b7fe6de6ca06520b06cc646e,2,8,0,8,0,0,0,2,30,152,2,1,0.954434003,474,28,1,60,59,1,1592,1574,18,35,34,1,0,100
58b0987b90885fc8df51491415b0b5b5462fe236,1,0,3,3,0,0,0,8,37,230,1,1,0,157,1121,7,8,8,0,527,548,21,5,5,0,0,100
0a6b3d85105a7f515a388e7397dae06aa1578577,1,1,0,1,0,0,0,8,38,0,1,1,0,154,1122,8,8,8,0,534,527,7,5,5,0,1,100
dca7e1fffead2d15347c5af301bc8039dd823b0d,0,0,0,0,0,0,0,0,0,0,0,0,0,0,1123,9,0,0,0,0,0,0,0,0,0,0,100
1cadde746829c9ad78b2af6f9933b52c28594249,2,7,2,5,0,0,0,2,6,58,1,2,0.99107606,296,1124,10,27,27,0,1229,1176,53,9,9,0,0,100
c031581c62235babc4c5243813c56dc444bbdf89,0,0,0,0,0,0,0,0,0,0,0,0,0,0,1125,11,0,0,0,0,0,0,0,0,0,0,100
45679de67c47764e0b8e3d151304596d0166cc4b,0,0,0,0,0,0,0,0,0,0,0,0,0,0,29,2,0,0,0,0,0,0,0,0,0,0,100
c3d23fe6718d4f1d7040312f3c89d7633dfe9f7f,0,0,0,0,0,0,0,0,0,0,0,0,0,0,30,3,0,0,0,0,0,0,0,0,0,0,100
bdecdcf64a39c0375e9e00020ee7b0f1e388b5ec,1,25,7,18,0,0,0,3,11,123,1,1,0,218,1126,12,26,22,4,1200,1067,133,5,4,1,1,100
40028e7a188f165149af5dca73de72b8342a47ec,2,8,10,2,0,0,0,2,71,342,1,2,0.309543429,1523,1127,11,199,199,0,7107,7090,17,34,34,0,1,100
80903fa4d1725d80e583f4deda3fc1067c2d880d,1,3,3,0,0,0,0,2,20,107,1,1,0,612,1128,10,112,109,3,3026,3020,6,38,38,0,1,100
8dc242a54e495312cb26912dcde6daaf5f5cab2e,2,49,1,48,1,0,1,1,79,67,1,1,0.529360865,1006,1129,9,131,128,3,4554,4477,77,27,25,2,1,99.91289199
698339ef06a535357aea3edd6d511e25f7247cce,7,156,1,155,0,0,0,2,61,377,1,5,1.769347478,1613,1130,10,191,165,26,7825,7358,467,63,38,25,0,100
770b6d905f3e0a13c6cbc09e24d0cf8b5c1c2833,9,10,10,0,0,0,0,1,2,630,1,2,3.121928095,753,1131,11,19,19,0,2506,2546,40,10,10,0,0,100
81b3f432b0c3a888b5347a8fe1e0da21f1244283,1,7,1,6,0,0,0,7,80,11,1,1,0,1010,1132,12,130,129,1,4515,4494,21,25,25,0,0,100
8de97b662d8105357e403cb4b8e0e9c84e7ddd4c,0,0,0,0,0,0,0,0,0,0,0,0,0,0,1133,10,0,0,0,0,0,0,0,0,0,1,100
38d44c6e57540463414a6cc423e5aa3099b5cc30,0,0,0,0,0,0,0,0,0,0,0,0,0,0,59,0,0,0,0,0,0,0,0,0,0,0,100
1ba4a15a547c39811a9b87e12e584fd31a873f1d,0,0,0,0,0,0,0,0,0,0,0,0,0,0,60,1,0,0,0,0,0,0,0,0,0,1,100
6e7b4226e7521a846e0326a59a38f9d2d072c74b,27,395,131,264,0,0,0,2,74,394,4,14,3.193192236,9561,1134,8,1447,1425,22,46521,44014,2507,483,479,4,1,100
d499ca59c167970fd606f54495f1cb5ef5a6d4c1,0,0,0,0,0,0,0,0,0,0,0,0,0,0,1135,9,0,0,0,0,0,0,0,0,0,0,100
bb39b480449b328361582ab8070f695c389b564b,2,44,17,27,0,0,0,1,48,40,1,2,0.853657673,1288,1136,10,160,158,2,6945,6758,187,70,69,1,1,100
9be1144e4ef4dd01b4a7c7c164e2810ee903dd75,2,13,25,12,0,0,0,2,14,2862,1,2,0,396,1137,10,49,53,4,1881,1987,106,26,28,2,1,95.0764526
1a59d577462d02662a943fa7efd2dd906f905e8e,3,0,51,51,0,1,1,2,19,802,2,2,1.355539632,517,1138,11,58,61,3,1402,1525,123,48,51,3,0,99.74084872
c63fc3a15411e2f742c6d2cab0047e9fa688ff2b,0,0,0,0,0,0,0,0,0,0,0,0,0,0,61,2,0,0,0,0,0,0,0,0,0,0,100
cf68e8e091cc3feb8a1f7d062b129549b5579537,5,17,23,6,0,0,0,8,95,360,1,3,1.9912998,1081,62,3,84,85,1,3402,3459,57,58,58,0,0,100
c389e65f2bce4190fbb586f77da779e6e41bb8cf,0,0,0,0,0,0,0,0,0,0,0,0,0,0,1139,11,0,0,0,0,0,0,0,0,0,0,100
313e5b77614b78b48afa83b50eb910b8d15ce4dc,0,0,0,0,0,0,0,0,0,0,0,0,0,0,1140,12,0,0,0,0,0,0,0,0,0,0,100
0de8e71bc6f3b18bdd55a6ad30fc1777c8954ab3,0,0,0,0,0,0,0,0,0,0,0,0,0,0,1141,13,0,0,0,0,0,0,0,0,0,0,100
c94f27a8b46426e9a6870879280fc16afa927222,4,14,39,25,0,0,0,7,109,90,2,2,1.757737031,2621,1142,14,300,303,3,10380,10467,87,126,128,2,1,100
e2d8c568a5860a3e676a6e4dafd3e38e0d27bf8f,0,0,0,0,0,0,0,0,0,0,0,0,0,0,63,4,0,0,0,0,0,0,0,0,0,0,100
93536dd82c5568171717997eed08e8968639ada1,1,86,50,36,0,0,0,3,23,155,1,1,0,269,1143,14,47,42,5,1100,1034,66,14,13,1,0,100
d6e04a3d495562e189a1d7ff847fec6d6901a80a,1,4,2,2,0,0,0,6,64,116,1,1,0,86,31,0,0,0,0,275,277,2,0,0,0,0,100
e733004eb173d1521f381f537223025b7ccc6409,2,26,37,11,0,0,0,2,56,161,2,2,0.591672779,1556,1144,1,209,213,4,7458,7525,67,31,31,0,0,100
a9fcd5d108eaef4551a2346467ca8ea3e7a4a887,2,5,6,1,0,0,0,1,4,171,1,1,0.945660305,360,22,0,29,30,1,1385,1381,4,6,6,0,1,100
fc64c716a17e83dab4d6356049b97ddfc189d4c2,0,0,0,0,0,0,0,0,0,0,0,0,0,0,64,0,0,0,0,0,0,0,0,0,0,0,100
79d62ed13c1ec7fd4c679eff4884672355d5830c,3,18,37,19,0,0,0,4,13,393,1,1,1.563537956,1484,65,1,170,172,2,4279,4398,119,103,103,0,0,100
f1aa5485a471badc7776ccef729a6a96d64cf302,1,1,2,1,0,0,0,7,15,566,1,1,0,39,66,2,0,0,0,95,108,13,0,0,0,0,100
d782b61e8387d8e49c875e55eb9bd2e28b6136cf,1,1,1,0,0,0,0,2,49,69,1,1,0,804,1145,1,116,116,0,4453,4453,0,26,26,0,0,100
4e202d7d0118e48b9980aae312404655bcbc1eb8,0,0,0,0,0,0,0,0,0,0,0,0,0,0,67,3,0,0,0,0,0,0,0,0,0,0,100
23f20956520e583c36f4c9a0351c0021d86929cd,234,3413,2645,768,0,0,0,6,377,529,8,54,7.246513773,46318,68,4,5593,5595,2,182665,182505,160,2252,2252,0,0,98.38556505
75e51335a535cf99fb48ed3410b150e15bdd2c34,0,0,0,0,0,0,0,0,0,0,0,0,0,0,69,5,0,0,0,0,0,0,0,0,0,0,100
0e6cbbbf56c85d611e5004509cbbd77b4532dd2a,0,0,0,0,0,0,0,0,0,0,0,0,0,0,23,0,0,0,0,0,0,0,0,0,0,0,100
bf4af4c32697700a352c2b0ba5b0576863f30cec,1,2,2,0,0,0,0,2,4,1294,1,1,0,67,1146,1,3,3,0,248,236,12,3,3,0,0,100
d3965e9cbf8e1f818a74a704e8c8616a4cc32a74,2,186,144,42,1,0,1,1,5,14,1,2,0.990413773,271,1147,2,33,33,0,1147,998,149,29,29,0,1,92.90082425
5a6b42d721e1595a8877a576dc2360b5968d39af,0,0,0,0,0,0,0,0,0,0,0,0,0,0,70,3,0,0,0,0,0,0,0,0,0,0,100
f8c8aa5fa120464fc4d4c146baaeea2151a402e4,0,0,0,0,0,0,0,0,0,0,0,0,0,0,24,1,0,0,0,0,0,0,0,0,0,0,100
4bc349170646a8e461e434cdfa29d913a757babc,3,297,0,297,2,0,2,1,3,341,1,2,0.733023877,38,1148,2,27,0,27,1357,23,1334,26,0,26,0,98.25800377
b66e581ef147b7d5c8deb37214d20d89e704a238,1,1,0,1,0,0,0,8,39,173,1,1,0,155,1149,3,8,8,0,541,534,7,5,5,0,1,100
90a022ce0d85e34f2137b113de32879143f1791c,0,0,0,0,0,0,0,0,0,0,0,0,0,0,71,1,0,0,0,0,0,0,0,0,0,0,100
d16b880a2338b605a366e9baa1fa1005427a0422,0,0,0,0,0,0,0,0,0,0,0,0,0,0,72,2,0,0,0,0,0,0,0,0,0,0,100
2cce5d1bde57d1c4a2038558a3882177bd197b80,2,8,1,7,0,0,0,2,23,58,2,1,0.764204507,3547,1150,4,757,756,1,20121,20096,25,243,242,1,0,100
c6aab7be9f97879d00f7f4c36452c5d3bebaa020,28,152,104,48,1,0,1,1,40,35,2,8,1.22693272,2852,1151,5,203,202,1,8685,8580,105,84,83,1,0,94.53634085
89f49926afe35cd04c9ba688092895a0c1d5c12a,3,142,0,142,2,0,2,1,2,0,1,2,1.408405714,237,1152,6,33,24,9,1491,1124,367,13,4,9,0,99.86744433
bca95f0f6295afd3ba0f48e6cfa67e8104547b9d,1,11,0,11,0,0,0,2,7,62,1,1,0,245,1153,7,22,21,1,1149,1055,94,11,11,0,1,99.70991561
bcde4d89a418227f8a64f9e5cd477083f058dc90,6,104,90,14,0,0,0,1,64,424,2,4,1.354023231,1851,1154,8,215,214,1,7844,7776,68,72,70,2,0,100
260867adc23d4e8622fd872aa27cdd13b9f6bff5,2,36,0,36,0,0,0,1,51,102,1,2,0.852405179,1325,1155,9,165,160,5,7125,6945,180,72,70,2,1,100
85ef5598599491fe07872257a001f08a0dde3ce8,4,105,46,59,0,0,0,1,52,2,2,4,1.627166179,1714,1156,10,201,197,4,9071,8676,395,86,84,2,1,100
ce6ae6e8cf2c04171f1648f2f8b99fa2a67a7bf0,3,8,1,7,0,0,0,1,8,63,1,3,1.224394445,436,1157,11,40,39,1,1937,1892,45,28,27,1,0,100
3a7557a72bf2fd6e485a041b4eebeac9d8c3fd00,0,0,0,0,0,0,0,0,0,0,0,0,0,0,1158,12,0,0,0,0,0,0,0,0,0,0,100
4ab8f130847e80af147b9744318f4482473de500,0,0,0,0,0,0,0,0,0,0,0,0,0,0,1159,11,0,0,0,0,0,0,0,0,0,0,100
4e7e93346f4f766fd6adcece4abc5cb4791d9b0c,0,0,0,0,0,0,0,0,0,0,0,0,0,0,1160,12,0,0,0,0,0,0,0,0,0,0,100
d7ae6ad6c13ff75aae686a460bb0d4c6481399ea,2,0,2,2,0,0,0,1,65,7,2,2,1,1250,1161,13,154,154,0,6065,6091,26,42,42,0,0,100
a49f986e861c7ce796429715efb56ff704cd3c36,3,380,1,379,2,0,2,1,11,26,1,1,0.793010983,467,25,0,121,54,67,3349,2114,1235,68,15,53,1,99.86886966
f19befcf703781a9104a1068b20b79e162cbae70,2,3,3,0,0,0,0,1,2,0,1,1,0.918295834,362,26,1,62,62,0,1121,1122,1,52,52,0,0,100
65a22d7f66caa681b49e57e731114fd19c5a93fd,0,0,0,0,0,0,0,0,0,0,0,0,0,0,1162,14,0,0,0,0,0,0,0,0,0,0,100
43544946ccd6a0c3f25e78544c478d74d985812d,0,0,0,0,0,0,0,0,0,0,0,0,0,0,1163,15,0,0,0,0,0,0,0,0,0,0,100
5a0e6915073e052072f7de57a59878c3600a17f8,2,103,3,100,0,0,0,2,73,630,1,2,0.77170947,767,1164,15,94,85,9,3803,3351,452,28,23,5,1,100
8964423d9291499aace76791af5e73f67781dbdc,1,19,0,19,0,0,0,2,5,0,1,1,0,92,1165,16,9,9,0,400,400,0,5,5,0,0,100
2e71421fe73d60c529387e0b903dce3071265c0a,1,10,8,2,0,0,0,1,4,836,1,1,0,137,1166,16,19,17,2,463,455,8,8,8,0,1,100
7c5b95fa2685412a943ffbd49cc6721213fe2004,1,3,3,0,0,0,0,3,12,17,1,1,0,484,1167,17,59,59,0,2227,2227,0,16,16,0,0,100
f179e38933fc591cd00e25136fccaee55c75c4c7,1,7,3,4,0,0,0,3,13,0,1,1,0,484,1168,18,61,59,2,2240,2227,13,16,16,0,0,100
97bf1f10bc9b5a2a5f308fb9715e3471d7a1ca9a,2,46,7,39,0,0,0,1,53,34,1,2,0.999743186,1387,1169,16,170,166,4,7479,7256,223,75,73,2,1,100
09117ae4652122debfe478220f31445d457a1ca2,1,9,1,8,0,0,0,1,3,987,1,1,0,119,1170,17,14,12,2,352,326,26,11,11,0,0,100
46de558b61e73155237f2ad515f9dfd4a3efb8d0,1,68,51,17,0,0,0,1,13,526,1,1,0,339,1171,9,41,38,3,1481,1377,104,14,12,2,1,100
e96c8dab7eda4abc29f9cf9a0843e90afca1e6ab,1,6,6,0,0,0,0,3,6,119,1,1,0,239,1172,10,25,25,0,1001,1001,0,11,11,0,1,100
57e54dc4c086264f770a4fa414efe06fde7200d0,0,0,0,0,0,0,0,0,0,0,0,0,0,0,73,0,0,0,0,0,0,0,0,0,0,0,100
56aae7adbbf569c1463cdb5be7692a9ba5ffe89b,0,0,0,0,0,0,0,0,0,0,0,0,0,0,74,1,0,0,0,0,0,0,0,0,0,0,100
2a5fde5cac7d8168cdc3a2351f9a6e04a909e5c6,0,0,0,0,0,0,0,0,0,0,0,0,0,0,75,2,0,0,0,0,0,0,0,0,0,0,100
a9a19a7a62ffb35722716d84d7700e940cb2e0bd,3,202,9,193,1,0,1,1,32,430,1,2,1.464301076,697,1173,11,92,64,28,4187,3425,762,22,15,7,1,99.94764398
33a81408e1dca7c3cf12fc68f7d331368797019b,4,7,7,0,0,0,0,1,7,78,2,3,1.788450457,530,1174,12,44,44,0,1270,1270,0,24,24,0,0,100
99823b034ed33d274d7c68eea1cf54f021388214,0,0,0,0,0,0,0,0,0,0,0,0,0,0,1175,13,0,0,0,0,0,0,0,0,0,0,100
02a0d3d4dee6686212eee5dfcb2589b23a827d29,0,0,0,0,0,0,0,0,0,0,0,0,0,0,1176,14,0,0,0,0,0,0,0,0,0,0,100
8d221f97fc72fbd9099e082600590fdf6b85143c,0,0,0,0,0,0,0,0,0,0,0,0,0,0,52,2,0,0,0,0,0,0,0,0,0,0,100
a4317947e60ec2573827b017b82e1556610d8074,0,0,0,0,0,0,0,0,0,0,0,0,0,0,71,0,0,0,0,0,0,0,0,0,0,1,100
6b1c016d5c01a608f5fb2e0700a680e8ed4a159d,1,1,1,0,0,0,0,4,5,1969,1,1,0,161,72,1,20,20,0,445,445,0,9,9,0,0,100
6f5f1f153b59a64ab6be8abb133ac2324bf070b6,0,0,0,0,0,0,0,0,0,0,0,0,0,0,322,0,0,0,0,0,0,0,0,0,0,0,100
56d4ea5ce5bf6c61bc69cc1b498775de3c3fcecb,0,0,0,0,0,0,0,0,0,0,0,0,0,0,323,1,0,0,0,0,0,0,0,0,0,0,100
00654c2e03a385a4244648339bcd53d036ae42f5,0,0,0,0,0,0,0,0,0,0,0,0,0,0,73,2,0,0,0,0,0,0,0,0,0,1,100
002273328126161131140f15346c335e3022bfdd,0,0,0,0,0,0,0,0,0,0,0,0,0,0,74,3,0,0,0,0,0,0,0,0,0,0,100
b810f59fe7a92979acc5255c0cee093edc26dde1,0,0,0,0,0,0,0,0,0,0,0,0,0,0,75,4,0,0,0,0,0,0,0,0,0,1,100
f7ca74da5398d996447edbadd5adeb250ed5e074,29,0,829,829,0,29,29,4,4,7515,1,27,4.702456577,829,76,5,0,65,65,0,2214,2214,0,65,65,1,98.5050598
2c8f927ae78eb266d7bc4b13f27e70b7d6fa04eb,0,0,0,0,0,0,0,0,0,0,0,0,0,0,77,6,0,0,0,0,0,0,0,0,0,0,100
25ced83dc04f7151e2f3aee1ebba3c16e7e322e3,0,0,0,0,0,0,0,0,0,0,0,0,0,0,78,7,0,0,0,0,0,0,0,0,0,1,100
610e623211feb5dca8e0d47089665860d1bf77d2,0,0,0,0,0,0,0,0,0,0,0,0,0,0,79,8,0,0,0,0,0,0,0,0,0,1,100
13c80d506f7219f05f229a752b9e541b6ce85345,0,0,0,0,0,0,0,0,0,0,0,0,0,0,80,9,0,0,0,0,0,0,0,0,0,1,100
7284bd6e9d808af94b07d430fa445268a0407751,0,0,0,0,0,0,0,0,0,0,0,0,0,0,81,10,0,0,0,0,0,0,0,0,0,0,100
57508579bbcee62f4450eda086bd2bace8c70de4,0,0,0,0,0,0,0,0,0,0,0,0,0,0,82,10,0,0,0,0,0,0,0,0,0,1,100
11664b608c03cc41061d39f94370ee5046aadd75,0,0,0,0,0,0,0,0,0,0,0,0,0,0,83,11,0,0,0,0,0,0,0,0,0,1,100
3332f4dbcc82d9533b59e4f99ce9f83e1dfdce01,9,11,11,0,0,0,0,4,80,2601,4,8,3.027169118,1685,0,0,125,125,0,8058,8069,11,80,80,0,1,100
99953a44f164e5d23053ec97fee1c9b7a31d93cc,0,0,0,0,0,0,0,0,0,0,0,0,0,0,84,11,0,0,0,0,0,0,0,0,0,1,100
e7654f610a2a1d8400b215ba3f2f9eaa1fbd6fd5,0,0,0,0,0,0,0,0,0,0,0,0,0,0,85,12,0,0,0,0,0,0,0,0,0,1,100
b8f066e77c8e3816b85457e75bf3cdbe3bda1d27,0,0,0,0,0,0,0,0,0,0,0,0,0,0,86,13,0,0,0,0,0,0,0,0,0,1,100
06842d6b961a81e79a3f0cd86a0507e9afa2766f,1,5,16,11,0,0,0,3,3,3088,1,1,0,313,87,14,8,11,3,2324,2385,61,8,8,0,1,100
78ad10d12afdf515cb57aca1eac809695d9edd1b,1,0,55,55,0,1,1,3,5,9564,1,1,0,55,88,15,0,1,1,0,58,58,0,1,1,1,99.95316159
370570bca6682c658d49a4b1b8b86eeb430fe05d,0,0,0,0,0,0,0,0,0,0,0,0,0,0,89,16,0,0,0,0,0,0,0,0,0,0,100
aad48b73e22f8fe4b8222a5686a2b39344f1db55,0,0,0,0,0,0,0,0,0,0,0,0,0,0,90,17,0,0,0,0,0,0,0,0,0,0,100
11b8b2d5d4f327ad3e38275015a3aafbdc2c2c5c,8,516,317,199,1,0,1,1,38,596,3,6,1.596276365,4755,57,0,859,850,9,26524,24965,1559,324,308,16,1,99.90634512
1ad780143cac7e0bd8d7578fbdac7de3dc596e00,4,17,15,2,0,0,0,20,95,1641,3,4,1.858941639,2239,1,1,293,293,0,11884,11863,21,68,68,0,1,100
e3aa406cc79a200dc0cbf58e52839d13c4074826,2,109,84,25,0,0,0,1,23,2,1,2,0.997655498,3200,58,1,621,624,3,17837,17653,184,261,254,7,1,100
d2510749d8c6677e8aa5db84f15a6e0075bab840,12,507,62,445,6,1,7,1,195,667,4,6,3.106155365,2630,0,0,337,308,29,14307,12948,1359,96,73,23,1,95.00520291
25de698dc804a0892a4d2a41aa9f513efd742058,0,0,0,0,0,0,0,0,0,0,0,0,0,0,91,4,0,0,0,0,0,0,0,0,0,0,100
e48c067d441f9fcb8b16aa582c94f501ff5a5ffa,1,0,0,0,0,0,0,1,1,0,1,1,0,90,1,1,4,4,0,387,387,0,4,4,0,0,99.92503748
08397c23811ad27a7d1a214b854602ecef82b0c8,0,0,0,0,0,0,0,0,0,0,0,0,0,0,53,0,0,0,0,0,0,0,0,0,0,1,100
5553ff0ca6b9888a72343268cc3aa92489e424d9,1,1,0,1,0,0,0,6,8,656,1,1,0,387,29,0,38,38,0,2065,2049,16,16,16,0,1,100
6d630388e6b4910d68eaf14a1b56301c7c6f3eba,1,0,1,1,0,0,0,6,9,0,1,1,0,388,30,1,38,38,0,2049,2065,16,16,16,0,1,100
f3e6641c2e25105829c0493b613feed2d1eed076,0,0,0,0,0,0,0,0,0,0,0,0,0,0,0,0,0,0,0,0,0,0,0,0,0,1,100
735b72fcf1b848ee424d6755e5a624fbcbc65862,10,11,27,16,0,0,0,6,54,2593,6,10,2.819175441,1900,2,0,202,204,2,8962,8984,22,72,72,0,1,100
5670dfa909921b94fa987c23d6e15004071a2373,1,11,9,2,0,0,0,8,16,264,1,1,0,331,3,1,24,24,0,2044,2020,24,13,13,0,1,100
f620bb714dda5b341d3e14a7ef9d9645282bdb1c,1,0,3,3,0,0,0,11,16,2,1,1,0,750,0,0,125,125,0,3334,3334,0,18,18,0,1,100
39492281b22cf891c049f03858cd0476dafaee8e,27,41,42,1,0,0,0,5,146,2598,8,19,4.480048919,9199,4,2,1139,1139,0,38162,38260,98,460,460,0,1,100
9989e6ab6c469b86ef3c74b55d5c5821ba1ccdfe,0,0,0,0,0,0,0,0,0,0,0,0,0,0,1,1,0,0,0,0,0,0,0,0,0,1,100
838c196359bd2a9715542e5212010ced74e8981a,1,0,1,1,0,0,0,37,196,52,1,1,0,1746,1,0,221,222,1,8198,8217,19,38,38,0,1,100
da5d8b8f51839acfb02b30a9dabd88e5f7359141,0,0,0,0,0,0,0,0,0,0,0,0,0,0,2,2,0,0,0,0,0,0,0,0,0,1,100
a6f113abced80defc4c5d0b60e2d085b8306b274,0,0,0,0,0,0,0,0,0,0,0,0,0,0,0,0,0,0,0,0,0,0,0,0,0,0,100
ce35eff448f9fdf5f4e3e17ac0b16761f4e2a747,5,11,11,0,0,0,0,38,197,745,3,4,2.186704346,3275,3,2,465,465,0,14728,14728,0,84,84,0,1,100
ff9bc4f61b79a74cdeaaea53b8d7cd31629babfe,0,0,0,0,0,0,0,0,0,0,0,0,0,0,4,3,0,0,0,0,0,0,0,0,0,1,100
ddb454ac83e83b5178f9a5bb40a3250d9b543a3e,19,133,269,136,0,0,0,6,99,2204,4,17,3.994684713,5797,5,1,623,626,3,24491,24957,466,208,211,3,1,99.98126639
1697e7a06ba52f97fe4444ab109b558f3e672b84,8,19,43,24,0,0,0,4,110,970,5,7,2.573451476,4557,5,4,554,563,9,22458,22650,192,201,201,0,1,100
ace32fdbe00f0d56e80b800bf5fa4196167e6434,8,12,66,54,0,0,0,25,111,1609,3,8,2.879976166,4638,31,0,639,649,10,21042,21219,177,204,204,0,1,100
e6c897efb68badf15ac26852f4f80d1dc37d5922,4,13,14,1,0,0,0,26,112,1858,3,4,1.768621188,2126,0,0,273,275,2,9362,9319,43,88,88,0,1,100
96e11e1c84c0dbc9bdd578df2d8315d3db7c6219,4,6,8,2,0,0,0,39,198,2014,2,4,1.924174352,2696,0,0,327,330,3,12154,12183,29,80,80,0,1,100
cdb2cd0df38fffa624fb9c50a63b27088a7892a1,1,2,1,1,0,0,0,2,2,323,1,1,0,49,32,1,4,4,0,118,104,14,1,1,0,1,100
720e46d91dce7268e91c32f0af37c37dac919d85,1,1,0,1,0,0,0,39,199,5,1,1,0,1745,73,0,221,220,1,8205,8186,19,38,38,0,1,100
45076f33a0f38e34c72f2493ae5be484f56466f1,0,0,0,0,0,0,0,0,0,0,0,0,0,0,74,1,0,0,0,0,0,0,0,0,0,0,100
35658fdbb134bacb6699cedaf4e95ba2df5c2a77,0,0,0,0,0,0,0,0,0,0,0,0,0,0,33,2,0,0,0,0,0,0,0,0,0,0,100
716cc1fe02661897232a7cc3e4c1bb3b3df3b832,12,453,70,383,1,0,1,5,113,1624,4,5,2.777705112,2810,59,0,350,297,53,13600,12196,1404,121,98,23,1,99.96258885
b0d2846e07f2379bb918ae616001771dad96eb4c,0,0,0,0,0,0,0,0,0,0,0,0,0,0,75,2,0,0,0,0,0,0,0,0,0,1,100
d9bf929c74c7e72da22610d92bd53707a0588179,1,31,5,26,0,0,0,8,23,140,1,1,0,175,324,0,19,15,4,1081,907,174,4,4,0,1,100
9ae008a67db18693d7debf99bf3742ab180cc016,0,0,0,0,0,0,0,0,0,0,0,0,0,0,325,1,0,0,0,0,0,0,0,0,0,0,100
f2e9afd788de919646717532d26eca38826e9924,2,2,11,9,0,0,0,11,28,416,1,1,0.995727452,582,60,0,54,54,0,2239,2314,75,33,33,0,0,100
d204f02f62d5699786b17189b9bc5827c2bd4b0f,0,0,0,0,0,0,0,0,0,0,0,0,0,0,92,0,0,0,0,0,0,0,0,0,0,1,100
9e92a93ab83e4fc8bc2fd9544198b735ed92d678,0,0,0,0,0,0,0,0,0,0,0,0,0,0,93,1,0,0,0,0,0,0,0,0,0,1,100
5cdb8332f99a36e5a1da202da43e3c7dfbb49322,1,16,11,5,0,0,0,26,114,130,1,1,0,1514,61,1,204,202,2,7549,7532,17,47,47,0,1,100
c548ce5f11a2d6df24df0f3dee42b6e3a6e6e4cd,0,0,0,0,0,0,0,0,0,0,0,0,0,0,62,1,0,0,0,0,0,0,0,0,0,0,100
45e91f03b0926449cccbc07ba48184e3ec9b5a32,0,0,0,0,0,0,0,0,0,0,0,0,0,0,1,0,0,0,0,0,0,0,0,0,0,1,100
9f070e7dc151d46502ac59ed1b8152aa2efc8305,2,105,41,64,0,0,0,8,22,2872,1,1,0.360275056,796,0,0,107,93,14,3200,2992,208,60,47,13,1,100
2628d713a97a8b5f761733c1b079ca51c9c5b179,1,56,58,2,0,0,0,10,62,504,1,1,0,1894,94,0,153,153,0,12070,12090,20,135,135,0,1,100
b962ff361aee64a291db588e9f88d86c5f9dee0c,19,145,58,87,0,0,0,12,22,4477,3,14,4.026299342,3510,11,0,275,270,5,17748,17424,324,184,176,8,1,97.37737738
d4207748a80b7fa0953ba8281d890c35d6cf39c4,3,1,182,181,0,2,2,3,8,3912,2,2,1.075765547,366,12,1,16,32,16,759,1534,775,11,21,10,1,98.4539403
9567da2bc889a94f5c3b692b4afb310ddbacd6e5,58,530,351,179,0,0,0,4,384,2624,1,28,5.673275946,14588,13,2,1606,1603,3,65979,66457,478,469,466,3,1,99.9358426
c423a090e385735d2b826860f790077269bbf8ba,1,42,26,16,0,0,0,15,65,0,1,1,0,912,1,1,93,90,3,4659,4581,78,22,18,4,1,100
d127bce8c9ba1011ef531c864162368891e8d499,1,26,42,16,0,0,0,15,66,0,1,1,0,928,2,2,90,93,3,4581,4659,78,18,22,4,1,100
bf7b99ab5959d78a7370af3b56c298f60154159c,0,0,0,0,0,0,0,0,0,0,0,0,0,0,95,1,0,0,0,0,0,0,0,0,0,1,100
af1bf4c8b441c6c226e6a24dd6ba739eeace4f48,0,0,0,0,0,0,0,0,0,0,0,0,0,0,127,0,0,0,0,0,0,0,0,0,0,1,100
8f6e02f0e86fd2a6873ee25ed8e71099057f55c7,0,0,0,0,0,0,0,0,0,0,0,0,0,0,1,0,0,0,0,0,0,0,0,0,0,0,100
0efaf46e588bbcee7acf0555cd8c87f9f3773f6c,0,0,0,0,0,0,0,0,0,0,0,0,0,0,326,0,0,0,0,0,0,0,0,0,0,0,100
e22b055b923f2b4b73f5fde18205e90c78f8d8d4,0,0,0,0,0,0,0,0,0,0,0,0,0,0,327,1,0,0,0,0,0,0,0,0,0,0,100
ec92934bf08f11e8541e897c0f466f1f03c73a78,3,105,11,94,0,0,0,14,115,884,1,3,0.517247337,1479,0,0,210,196,14,6909,6418,491,78,76,2,1,100
f6c07d9358252bb4e9b0ad13c2729c6a42d0a4e8,2,369,60,309,1,0,1,1,9,32,1,2,0.908688278,486,2,0,84,69,15,4124,2339,1785,25,11,14,2,94.31578947
ca62152660df00bf014adec0a87d9f6f4e890837,0,0,0,0,0,0,0,0,0,0,0,0,0,0,34,0,0,0,0,0,0,0,0,0,0,0,100
672041efaf6d4b43033a513e49b6f01534d29f66,0,0,0,0,0,0,0,0,0,0,0,0,0,0,76,0,0,0,0,0,0,0,0,0,0,1,100
ecf85736029af265a9ae11b6926cb8c12eebd1d5,0,0,0,0,0,0,0,0,0,0,0,0,0,0,77,1,0,0,0,0,0,0,0,0,0,1,100
be16fc66b9783ca8ae6ca441fd5ef8044d39e4b1,0,0,0,0,0,0,0,0,0,0,0,0,0,0,24,0,0,0,0,0,0,0,0,0,0,1,100
70cee55688e06e0c4fccb128619fe3cfd090bb71,2,45,3,42,0,0,0,2,2,384,1,2,0.988699408,104,1,0,12,9,3,480,243,237,8,6,2,1,100
eda1b9290641dfaa10d0551d97eb5f715fdfacfd,1,26,26,0,0,0,0,8,15,296,1,1,0,611,35,1,35,34,1,3500,3495,5,30,28,2,1,100
5cf6d6b53dffe56cd21a0d1df6cfa2c11a69ce8d,0,0,0,0,0,0,0,0,0,0,0,0,0,0,36,2,0,0,0,0,0,0,0,0,0,1,100
5397fb66e7ea45dd756cd48c18f7dc476e2a06a6,1,1,1,0,0,0,0,11,63,123,1,1,0,1892,0,0,153,153,0,12070,12070,0,135,135,0,1,100
df3fdc9d5ca51822756923e2106249047b3c04a8,24,3000,0,3000,24,0,24,1,1,0,1,3,4.070045411,0,0,0,299,0,299,11931,0,11931,176,0,176,0,99.07730162
e210666f94403ae3782e76c2dbe02c0b9e0b8d84,0,0,0,0,0,0,0,0,0,0,0,0,0,0,1,1,0,0,0,0,0,0,0,0,0,0,100
1457a7bd7f0ada16a62e48e111dd0553b7d23c4f,0,0,0,0,0,0,0,0,0,0,0,0,0,0,2,2,0,0,0,0,0,0,0,0,0,0,100
3b0965dc82da3070389eed4c2e2f7401b364a1b5,0,0,0,0,0,0,0,0,0,0,0,0,0,0,0,0,0,0,0,0,0,0,0,0,0,0,100
2f07f99b51cfddf40b40dacc54d0291333407dba,0,0,0,0,0,0,0,0,0,0,0,0,0,0,2612,0,0,0,0,0,0,0,0,0,0,0,100
ff3e1148b208fce37afd81cfcb1eed3872629571,24,1602,2096,494,0,0,0,2,2,0,1,3,3.832033628,3000,2613,1,299,299,0,11931,11931,0,176,176,0,0,100
5deb2a60fcaccbebe618975bcf47842f0f8a2d45,1,2,1,1,0,0,0,2,3,0,1,1,0,52,2614,2,4,4,0,260,246,14,2,2,0,0,100
821bed19d61ad02b055e3b8b5e8283d690bec62c,0,0,0,0,0,0,0,0,0,0,0,0,0,0,2615,3,0,0,0,0,0,0,0,0,0,0,100
7bd43645a098f9225754f6cf6de7e2af9877aafc,0,0,0,0,0,0,0,0,0,0,0,0,0,0,2616,4,0,0,0,0,0,0,0,0,0,0,100
5d40b536e314bbd7b3a31ba8dc7678da9b5ea666,1,0,1,1,0,0,0,2,4,0,1,1,0,53,2617,5,4,4,0,246,260,14,2,2,0,0,100
d1bfe96618087c6ccedff3b8accddc79c416faed,0,0,0,0,0,0,0,0,0,0,0,0,0,0,2618,6,0,0,0,0,0,0,0,0,0,0,100
5457a1bea2e0a9fbf6d7aa6274a0973781f68fc8,0,0,0,0,0,0,0,0,0,0,0,0,0,0,2619,7,0,0,0,0,0,0,0,0,0,0,100
9fdaf2fa2c140b96fe9029314e6ed64b6c16e75b,0,0,0,0,0,0,0,0,0,0,0,0,0,0,2620,8,0,0,0,0,0,0,0,0,0,0,100
03bc10d19adb436c07d01e9b57dd4b919559e29e,0,0,0,0,0,0,0,0,0,0,0,0,0,0,2621,9,0,0,0,0,0,0,0,0,0,0,100
fcd0a69a15c33def668d27b2b359f2b80a46b9ac,1,1,1,0,0,0,0,2,3,0,1,1,0,119,2622,10,15,15,0,663,663,0,8,8,0,0,100
c830673687f2200ae070f736820fea604757338b,0,0,0,0,0,0,0,0,0,0,0,0,0,0,2623,11,0,0,0,0,0,0,0,0,0,0,100
01805863b4e68c9babd3e2928378db33aa4aebf7,0,0,0,0,0,0,0,0,0,0,0,0,0,0,2624,12,0,0,0,0,0,0,0,0,0,0,100
50938179cc92710b770234c02e2153848bf20179,1,1,1,0,0,0,0,2,4,0,1,1,0,119,2625,13,15,15,0,663,663,0,8,8,0,0,100
580d9beda4d003da9723a228356e8945b5f6c416,0,0,0,0,0,0,0,0,0,0,0,0,0,0,2626,14,0,0,0,0,0,0,0,0,0,0,100
59943024541869527fc2c1d4892b6606d60b313c,0,0,0,0,0,0,0,0,0,0,0,0,0,0,2627,15,0,0,0,0,0,0,0,0,0,0,100
70d1052dbc2806f390f427e4c2b00837321b53a4,0,0,0,0,0,0,0,0,0,0,0,0,0,0,2628,16,0,0,0,0,0,0,0,0,0,0,100
7709755f92fbbb572df0162b3993d725998f20ff,0,0,0,0,0,0,0,0,0,0,0,0,0,0,2629,17,0,0,0,0,0,0,0,0,0,0,100
36149e930937962bfcd584d86ed1349409a894b7,0,0,0,0,0,0,0,0,0,0,0,0,0,0,2630,18,0,0,0,0,0,0,0,0,0,0,100
0aabf3e06a8049ac5ccee9c3bb41e74b1958621b,0,0,0,0,0,0,0,0,0,0,0,0,0,0,2631,19,0,0,0,0,0,0,0,0,0,0,100
040d3434335f72f1bb77ca86af9d3f4ac837901a,0,0,0,0,0,0,0,0,0,0,0,0,0,0,4,0,0,0,0,0,0,0,0,0,0,0,100
f4b454738b4ecc13fbda11e3aa3685aa5e8eb9ea,0,0,0,0,0,0,0,0,0,0,0,0,0,0,2632,20,0,0,0,0,0,0,0,0,0,0,100
a1b3a7b58931dfa5af816a979cf3a00905e3feaa,0,0,0,0,0,0,0,0,0,0,0,0,0,0,2633,21,0,0,0,0,0,0,0,0,0,0,100
cbb5886a8ef1748a4f22bfc0a95178ce8f89d4b1,0,0,0,0,0,0,0,0,0,0,0,0,0,0,0,0,0,0,0,0,0,0,0,0,0,0,100
c35e352bdb7db0342434cffedcf39681becc2837,0,0,0,0,0,0,0,0,0,0,0,0,0,0,1,1,0,0,0,0,0,0,0,0,0,0,100
307de3db85f74fd47496f3b387183fb7b33718df,0,0,0,0,0,0,0,0,0,0,0,0,0,0,0,0,0,0,0,0,0,0,0,0,0,0,100
ec3d0ccb90f8bb22098a3c9db30d39a58b2d5cdc,0,0,0,0,0,0,0,0,0,0,0,0,0,0,2,2,0,0,0,0,0,0,0,0,0,0,100
53eff03415107ecd96e9e1a8409587f54a80151e,0,0,0,0,0,0,0,0,0,0,0,0,0,0,3,3,0,0,0,0,0,0,0,0,0,0,100
0fd55402614158ff2127ac06e9f509ef900ad9f5,0,0,0,0,0,0,0,0,0,0,0,0,0,0,2634,22,0,0,0,0,0,0,0,0,0,0,100
f75e30123d7e01a306c948dac8c0eb954b1934f0,0,0,0,0,0,0,0,0,0,0,0,0,0,0,2635,23,0,0,0,0,0,0,0,0,0,0,100
98b6027a2d2f1866e4f5720daf562f544d8cc02b,0,0,0,0,0,0,0,0,0,0,0,0,0,0,2636,24,0,0,0,0,0,0,0,0,0,0,100
5eeb65c86a7a3ff5e50a605289d052536695edcd,0,0,0,0,0,0,0,0,0,0,0,0,0,0,2637,25,0,0,0,0,0,0,0,0,0,0,100
47371377721a170241259cf379b87d04f1f44ff8,0,0,0,0,0,0,0,0,0,0,0,0,0,0,2638,26,0,0,0,0,0,0,0,0,0,0,100
2d3acb12dfd0948493594c32e6a03a0ec81419fc,0,0,0,0,0,0,0,0,0,0,0,0,0,0,2639,27,0,0,0,0,0,0,0,0,0,0,100
7aacf412e51a8e0c541db2514328108d597ad7d7,0,0,0,0,0,0,0,0,0,0,0,0,0,0,0,0,0,0,0,0,0,0,0,0,0,0,100
7fa99bcd49e2b80dd962cee588c0658f0c0c26bd,0,0,0,0,0,0,0,0,0,0,0,0,0,0,5,0,0,0,0,0,0,0,0,0,0,0,100
295826d697f2ef2af0b6c83afe0a489ec2447dd0,0,0,0,0,0,0,0,0,0,0,0,0,0,0,0,0,0,0,0,0,0,0,0,0,0,0,100
6c57c4c24208f5257dfdbcd076c346e21a6741ae,0,0,0,0,0,0,0,0,0,0,0,0,0,0,0,0,0,0,0,0,0,0,0,0,0,0,100
a13b42e611058e8a6859d75e4deb6b530f4a897f,0,0,0,0,0,0,0,0,0,0,0,0,0,0,2640,28,0,0,0,0,0,0,0,0,0,0,100
2d8f4c5e3d68b6f77941574c0b25377c500ec0d4,0,0,0,0,0,0,0,0,0,0,0,0,0,0,0,0,0,0,0,0,0,0,0,0,0,0,100
79440c9f150db8642acdce15c2b5a396a430360b,0,0,0,0,0,0,0,0,0,0,0,0,0,0,2641,29,0,0,0,0,0,0,0,0,0,0,100
8a6480c20b5250788fadb4ca49758d02f1bac335,0,0,0,0,0,0,0,0,0,0,0,0,0,0,0,0,0,0,0,0,0,0,0,0,0,0,100
75a200a66ee8ac64a4e55acac3aa813e52f15987,0,0,0,0,0,0,0,0,0,0,0,0,0,0,1,1,0,0,0,0,0,0,0,0,0,0,100
022fedb1bf168b3434330de5a2dff3c6f2a845aa,1,1,0,1,0,0,0,3,3,0,1,1,0,190,4,4,32,32,0,1098,1078,20,8,8,0,0,100
d3b347338a8fdbf9d039eeb75ae83ae11795ddc3,0,0,0,0,0,0,0,0,0,0,0,0,0,0,0,0,0,0,0,0,0,0,0,0,0,0,100
6d304204389af94b75aa26cf30c7eb5bc90279ea,0,0,0,0,0,0,0,0,0,0,0,0,0,0,0,0,0,0,0,0,0,0,0,0,0,0,100
bf5085848941f3af5f4a383f36ebf8e85f3cc4ab,0,0,0,0,0,0,0,0,0,0,0,0,0,0,2,2,0,0,0,0,0,0,0,0,0,0,100
2ccae98c41e7058f402a7ab0c4b704cdec7fd2c4,0,0,0,0,0,0,0,0,0,0,0,0,0,0,0,0,0,0,0,0,0,0,0,0,0,0,100
f2f18877d5a2dfb4b2c0f25b3dfcc99c1c0a5443,0,0,0,0,0,0,0,0,0,0,0,0,0,0,3,3,0,0,0,0,0,0,0,0,0,0,100
ddf2786e6d822f020e4ec890791095cba4c903c7,0,0,0,0,0,0,0,0,0,0,0,0,0,0,4,4,0,0,0,0,0,0,0,0,0,0,100
a3706dc37822016f5ffcc6cfcbd7c73e32e8307d,0,0,0,0,0,0,0,0,0,0,0,0,0,0,5,5,0,0,0,0,0,0,0,0,0,0,100
55ee1e475cc83f037cf4193cbcc4afc927ff40c1,0,0,0,0,0,0,0,0,0,0,0,0,0,0,6,6,0,0,0,0,0,0,0,0,0,0,100
3aeabdcd89da97c54b8586bc4d9da1b4df284914,0,0,0,0,0,0,0,0,0,0,0,0,0,0,7,7,0,0,0,0,0,0,0,0,0,0,100
54b22829ce6634a8aa91b45697c97f958c2305f4,0,0,0,0,0,0,0,0,0,0,0,0,0,0,8,8,0,0,0,0,0,0,0,0,0,0,100
42352714197dd78dabd1cbb2fcdf3f8eb3150e01,0,0,0,0,0,0,0,0,0,0,0,0,0,0,9,9,0,0,0,0,0,0,0,0,0,0,100
fa9b9aba2fe181a2b6cea95892fecdebc4eded36,0,0,0,0,0,0,0,0,0,0,0,0,0,0,10,10,0,0,0,0,0,0,0,0,0,0,100
437912bdf26f291f93680b74ad736a03ebfff30e,0,0,0,0,0,0,0,0,0,0,0,0,0,0,11,11,0,0,0,0,0,0,0,0,0,0,100
449d0c70ac13929668692d599ba8107f33397e0d,0,0,0,0,0,0,0,0,0,0,0,0,0,0,0,0,0,0,0,0,0,0,0,0,0,0,100
feac8c655c59cc5631ed726027f7d0a053c78aaa,0,0,0,0,0,0,0,0,0,0,0,0,0,0,1,1,0,0,0,0,0,0,0,0,0,0,100
92e34542a4f4ee48e0c2fb5100410b83698a7e18,0,0,0,0,0,0,0,0,0,0,0,0,0,0,12,12,0,0,0,0,0,0,0,0,0,0,100
f530a7fb83ee5782591f1540198b08bb53d0ba99,0,0,0,0,0,0,0,0,0,0,0,0,0,0,13,13,0,0,0,0,0,0,0,0,0,0,100
fc9c7743e3bf520b17e3fe66b3fca2ad90f95b8c,0,0,0,0,0,0,0,0,0,0,0,0,0,0,14,14,0,0,0,0,0,0,0,0,0,0,100
79fc2f2c2039ae2d5decaabd9173a7a7a1ee0d89,0,0,0,0,0,0,0,0,0,0,0,0,0,0,0,0,0,0,0,0,0,0,0,0,0,0,100
feb37317e69811e2b0bd17701c4fbe678714982f,0,0,0,0,0,0,0,0,0,0,0,0,0,0,15,15,0,0,0,0,0,0,0,0,0,0,100
afbc1519061a7cbcf2950b5d327c00683efaed0c,0,0,0,0,0,0,0,0,0,0,0,0,0,0,1,1,0,0,0,0,0,0,0,0,0,0,100
a23522d4ce105ae3d0e930411683c5672b6191e1,0,0,0,0,0,0,0,0,0,0,0,0,0,0,16,16,0,0,0,0,0,0,0,0,0,0,100
b0b56ae7d6a84f06aa155f0238179a6dd885d891,0,0,0,0,0,0,0,0,0,0,0,0,0,0,17,17,0,0,0,0,0,0,0,0,0,0,100
c64b0f14ed46839aee18c35cfeaeaeb24ac4e607,0,0,0,0,0,0,0,0,0,0,0,0,0,0,18,18,0,0,0,0,0,0,0,0,0,0,100
d104930a6b3c7235258fbff04ef357a1f4c20567,0,0,0,0,0,0,0,0,0,0,0,0,0,0,19,19,0,0,0,0,0,0,0,0,0,0,100
557c8f95c6a0d4cd42781db034959b8192e399f6,0,0,0,0,0,0,0,0,0,0,0,0,0,0,20,20,0,0,0,0,0,0,0,0,0,0,100
ab9742e5940a8416ae698355c27514ce45e99178,0,0,0,0,0,0,0,0,0,0,0,0,0,0,0,0,0,0,0,0,0,0,0,0,0,0,100
c6b60b2eeda8869b2a6f917821edf8b8e1d35514,0,0,0,0,0,0,0,0,0,0,0,0,0,0,1,1,0,0,0,0,0,0,0,0,0,0,100
1b903e7e8ac9b58937753de43f9ddcc26280abe0,0,0,0,0,0,0,0,0,0,0,0,0,0,0,21,21,0,0,0,0,0,0,0,0,0,0,100
348ee530e54ca0075f5265c92f3c8546e34a1907,0,0,0,0,0,0,0,0,0,0,0,0,0,0,22,22,0,0,0,0,0,0,0,0,0,0,100
d3a389b57d0c41f1dfc38a84fb43d4b208e00bc2,0,0,0,0,0,0,0,0,0,0,0,0,0,0,23,23,0,0,0,0,0,0,0,0,0,0,100
8ab08b8c57870a9844bebcab1eead843c72e0329,0,0,0,0,0,0,0,0,0,0,0,0,0,0,24,24,0,0,0,0,0,0,0,0,0,0,100
eae47793df648c6af58bcaa6cc84cdafb8c12776,0,0,0,0,0,0,0,0,0,0,0,0,0,0,25,25,0,0,0,0,0,0,0,0,0,0,100
567fccc7294b787d8a5af7f923e69ea9da16e238,0,0,0,0,0,0,0,0,0,0,0,0,0,0,26,26,0,0,0,0,0,0,0,0,0,0,100
2d87f1f6736445d2ef9bf57fda12d0a0c8cb643b,1,4,1,3,0,0,0,3,5,0,1,1,0,119,1,1,15,15,0,679,663,16,8,8,0,0,100
83d12ec075c604e1546fb40439df7c7fc5b63c8a,1,1,1,0,0,0,0,4,6,0,1,1,0,122,27,27,15,15,0,679,679,0,8,8,0,0,100
e1613568eebeb20dfb461721e93aad7ba18f099f,0,0,0,0,0,0,0,0,0,0,0,0,0,0,0,0,0,0,0,0,0,0,0,0,0,0,100
578496fe2f94ced75821f1292d3f6bb45c95d9b9,0,0,0,0,0,0,0,0,0,0,0,0,0,0,0,0,0,0,0,0,0,0,0,0,0,0,100
a71bd825ec4e61d35e6830756821176f31446ea3,1,1,1,0,0,0,0,4,7,0,1,1,0,122,28,28,15,15,0,679,679,0,8,8,0,0,100
020545b5c62e7f0ab96048c3c73906c212e5d003,1,8,1,7,0,0,0,4,8,0,1,1,0,122,29,29,16,15,1,708,679,29,8,8,0,0,100
19f375f5f33894b5ec72ecf29eb7c91ffab5b550,0,0,0,0,0,0,0,0,0,0,0,0,0,0,30,30,0,0,0,0,0,0,0,0,0,0,100
67640d4056910430fda8ec3009255a1af661dac5,0,0,0,0,0,0,0,0,0,0,0,0,0,0,31,31,0,0,0,0,0,0,0,0,0,0,100
179ee307a69bdf4cb559a92ed8139b0c58a7e915,0,0,0,0,0,0,0,0,0,0,0,0,0,0,32,32,0,0,0,0,0,0,0,0,0,0,100
8fc916cd9ce86885a760ee50f6c161169083d72c,1,1,1,0,0,0,0,4,9,0,1,1,0,129,2,2,16,16,0,708,708,0,8,8,0,0,100
c60c49da9588fe44df1aeff9b4a55626f078211f,0,0,0,0,0,0,0,0,0,0,0,0,0,0,33,33,0,0,0,0,0,0,0,0,0,0,100
a0e1c2fa64318874053f1a81a76efe599a56570c,0,0,0,0,0,0,0,0,0,0,0,0,0,0,34,34,0,0,0,0,0,0,0,0,0,0,100
8b57037e1e832885c8bbc6caa218bfc67d622d34,0,0,0,0,0,0,0,0,0,0,0,0,0,0,35,35,0,0,0,0,0,0,0,0,0,0,100
8641c0521d319a9ab8c8f5c8254ea6ff38ed2f53,0,0,0,0,0,0,0,0,0,0,0,0,0,0,36,36,0,0,0,0,0,0,0,0,0,0,100
4d3985c4b3a0dbe577f4cc283af48ee230d92118,0,0,0,0,0,0,0,0,0,0,0,0,0,0,0,0,0,0,0,0,0,0,0,0,0,0,100
68e102a63cfabdc0f9b728fe6a00383ee11d843b,5,29,14,15,1,0,1,3,10,0,1,2,1.990690697,478,0,0,65,62,3,2615,2567,48,26,24,2,0,99.85786802
18e3d3ea0df08f2b43e4902879da4422f960c7c5,1,1,1,0,0,0,0,1,2,0,1,1,0,18,1,1,3,3,0,78,73,5,2,2,0,0,100
d841301e96ba97bab68ae0fb5aa2adf5e5d95506,0,0,0,0,0,0,0,0,0,0,0,0,0,0,37,37,0,0,0,0,0,0,0,0,0,0,100
6da17a72e210a3dc6da0b2cc6aba7465fe8900f7,0,0,0,0,0,0,0,0,0,0,0,0,0,0,38,38,0,0,0,0,0,0,0,0,0,0,100
958418a2d185034d5d4ae842d331dcb0a76be359,0,0,0,0,0,0,0,0,0,0,0,0,0,0,39,39,0,0,0,0,0,0,0,0,0,0,100
3dea57b388027caf3c53afd7b4d2529cbe9a662e,0,0,0,0,0,0,0,0,0,0,0,0,0,0,0,0,0,0,0,0,0,0,0,0,0,0,100
0a7111ff74912078f5eee913e8e5d1c426aee836,0,0,0,0,0,0,0,0,0,0,0,0,0,0,1,1,0,0,0,0,0,0,0,0,0,0,100
89e610d387b520b6aa15b459b735ab6363ead77c,0,0,0,0,0,0,0,0,0,0,0,0,0,0,2,2,0,0,0,0,0,0,0,0,0,0,100
f5d20ba8d98cd764db4cb843fbb5b4e6d77d62bb,0,0,0,0,0,0,0,0,0,0,0,0,0,0,3,3,0,0,0,0,0,0,0,0,0,0,100
a25a535e281e47a197e2019aa65199c956c6b184,0,0,0,0,0,0,0,0,0,0,0,0,0,0,4,4,0,0,0,0,0,0,0,0,0,0,100
635e53e29ba8f93e560e0ce44167d77803808b43,0,0,0,0,0,0,0,0,0,0,0,0,0,0,5,5,0,0,0,0,0,0,0,0,0,0,100
9e3ce6ed2dd9622defdbeffca705d1a775d9417f,0,0,0,0,0,0,0,0,0,0,0,0,0,0,40,40,0,0,0,0,0,0,0,0,0,0,100
de9d99659b0badbe3eb71c5fa73ab7f2edffad29,0,0,0,0,0,0,0,0,0,0,0,0,0,0,41,41,0,0,0,0,0,0,0,0,0,0,100
638f527d56e12685642531c48e02c6af7644a766,1,1,1,0,0,0,0,4,4,0,1,1,0,114,42,42,12,12,0,547,547,0,6,6,0,0,100
b05b99a663c44c445469589e8b62967ee74daf0c,0,0,0,0,0,0,0,0,0,0,0,0,0,0,43,43,0,0,0,0,0,0,0,0,0,0,100
a38c44e5bd7a5f2b2ec4d936d5a0cba83359d5ad,0,0,0,0,0,0,0,0,0,0,0,0,0,0,44,44,0,0,0,0,0,0,0,0,0,0,100
190eb3516b21df6ceac86a8bdbc847e8e47fd57f,0,0,0,0,0,0,0,0,0,0,0,0,0,0,45,45,0,0,0,0,0,0,0,0,0,0,100
91dcd24b6627ddec5a08ac7ca63c2113208bfcd6,0,0,0,0,0,0,0,0,0,0,0,0,0,0,46,46,0,0,0,0,0,0,0,0,0,0,100
1a920c765e9b6d18c4ce5c52f77e4a37dffc649e,0,0,0,0,0,0,0,0,0,0,0,0,0,0,0,0,0,0,0,0,0,0,0,0,0,0,100
a3787b73072db673feeb6a5fe034009685c509e6,0,0,0,0,0,0,0,0,0,0,0,0,0,0,1,1,0,0,0,0,0,0,0,0,0,0,100
d14aa05699c6c5672ff28347a6a289d7ca357702,1,38,0,38,1,0,1,1,1,0,1,1,0,0,2,2,4,0,4,269,0,269,2,0,2,0,99.95936611
5aa0e6fa9d69f84269fb3a7cef88622663b85132,0,0,0,0,0,0,0,0,0,0,0,0,0,0,3,3,0,0,0,0,0,0,0,0,0,0,100
50dcbb3bf0ac360fcb50183d8d7dfe3f333da8fb,1,19,0,19,0,0,0,1,2,0,1,1,0,38,4,4,4,4,0,269,269,0,2,2,0,0,100
87f298313c08f26239ee8184ae0e0f48d446f9f0,0,0,0,0,0,0,0,0,0,0,0,0,0,0,5,5,0,0,0,0,0,0,0,0,0,0,100
a0dfc3eee47b4f60502af05852f6a6f34e538ebe,0,0,0,0,0,0,0,0,0,0,0,0,0,0,6,6,0,0,0,0,0,0,0,0,0,0,100
34c91b39c88d3ccb18bb6753b6c00455b2448c7e,1,57,4,53,0,0,0,1,3,0,1,1,0,57,7,7,9,4,5,455,269,186,2,2,0,0,100
661e47170a85b8890b8775b9041d4b557364736b,0,0,0,0,0,0,0,0,0,0,0,0,0,0,8,8,0,0,0,0,0,0,0,0,0,0,100
e4986f65c293c53fbac2012ffcbdd5ffac6855aa,0,0,0,0,0,0,0,0,0,0,0,0,0,0,9,9,0,0,0,0,0,0,0,0,0,0,100
75698b0a7c11b75b77cd95c06b94d360be63e19e,1,1,1,0,0,0,0,1,4,0,1,1,0,110,10,10,9,9,0,455,455,0,2,2,0,0,100
d7ddce2525b28ac88ece882c2a835c32c25c3941,1,1,1,0,0,0,0,1,5,0,1,1,0,110,11,11,9,9,0,455,455,0,2,2,0,0,100
7c3e488204e8e07e93b15c0f7dbdb133eadb9248,1,1,1,0,0,0,0,2,6,0,1,1,0,110,47,47,9,9,0,455,455,0,2,2,0,0,100
ed6d2b40e9c477269b25eaa852e11282357e6c12,0,0,0,0,0,0,0,0,0,0,0,0,0,0,48,48,0,0,0,0,0,0,0,0,0,0,100
fafe416ac4539625baab48e3c880f1849ca5f608,0,0,0,0,0,0,0,0,0,0,0,0,0,0,49,49,0,0,0,0,0,0,0,0,0,0,100
89b4de72bd65b4271b68b0a427ef31134b2e0916,0,0,0,0,0,0,0,0,0,0,0,0,0,0,50,50,0,0,0,0,0,0,0,0,0,0,100
9a162b5be13bc287a3d90a6e89a7599d87871a8d,0,0,0,0,0,0,0,0,0,0,0,0,0,0,51,51,0,0,0,0,0,0,0,0,0,0,100
51e7e6476b0454481855cca231669c9196f49f5e,1,1,1,0,0,0,0,2,7,0,1,1,0,110,52,52,9,9,0,455,455,0,2,2,0,0,100
f41375b44acac089f7c167c0e1120a98cf7de300,0,0,0,0,0,0,0,0,0,0,0,0,0,0,53,53,0,0,0,0,0,0,0,0,0,0,100
e77b971a68e35d9db56b54f92fed3b279a73872d,0,0,0,0,0,0,0,0,0,0,0,0,0,0,54,54,0,0,0,0,0,0,0,0,0,0,100
8f865103eb479e168d702a264c76af8f5a98bcdc,0,0,0,0,0,0,0,0,0,0,0,0,0,0,55,55,0,0,0,0,0,0,0,0,0,0,100
d6d69f8239a1fea67c862228e380c8f9ce88cc54,1,1,1,0,0,0,0,2,8,0,1,1,0,110,56,56,9,9,0,455,455,0,2,2,0,0,100
f161035dab184f929d8f66aeaae83514d2f3bd25,0,0,0,0,0,0,0,0,0,0,0,0,0,0,57,57,0,0,0,0,0,0,0,0,0,0,100
d4a33422cd44b9d6edb5a69b3492d9a533f0634b,0,0,0,0,0,0,0,0,0,0,0,0,0,0,58,58,0,0,0,0,0,0,0,0,0,0,100
e90950c055af002bb2ab5cdb255358c91761a4b2,0,0,0,0,0,0,0,0,0,0,0,0,0,0,59,59,0,0,0,0,0,0,0,0,0,0,100
c4cc2d3b28c91ee65875c2364f673fb654f4c3cf,0,0,0,0,0,0,0,0,0,0,0,0,0,0,60,60,0,0,0,0,0,0,0,0,0,0,100
c5d75a105053b79cdae72a0c32117abb709c3a80,0,0,0,0,0,0,0,0,0,0,0,0,0,0,61,61,0,0,0,0,0,0,0,0,0,0,100
276169f24a773a65790df9f60f3f02f770e02b7e,0,0,0,0,0,0,0,0,0,0,0,0,0,0,62,62,0,0,0,0,0,0,0,0,0,0,100
ebb8ba45a913d01d2f7d954ab065d67945c7211a,0,0,0,0,0,0,0,0,0,0,0,0,0,0,63,63,0,0,0,0,0,0,0,0,0,0,100
d5b4f7c5bc84598e8b8e95a10a25987fdb411217,0,0,0,0,0,0,0,0,0,0,0,0,0,0,64,64,0,0,0,0,0,0,0,0,0,0,100
e4556f5e29cdf70bded54a886d1e6c4cbcd76936,0,0,0,0,0,0,0,0,0,0,0,0,0,0,65,65,0,0,0,0,0,0,0,0,0,0,100
9a165c1bad26ba5d05c6e89a7401ec8158db6b22,0,0,0,0,0,0,0,0,0,0,0,0,0,0,66,66,0,0,0,0,0,0,0,0,0,0,100
7ee971eeee4aecec2f4e0d28b781e93ddfc55898,1,1,1,0,0,0,0,2,9,0,1,1,0,110,67,67,9,9,0,455,455,0,2,2,0,0,100
18069f737599afdaa14772c40c8ff8a02b07515a,0,0,0,0,0,0,0,0,0,0,0,0,0,0,68,68,0,0,0,0,0,0,0,0,0,0,100
13d02a803c010b94beba14b88aef7f2f81e6fa84,0,0,0,0,0,0,0,0,0,0,0,0,0,0,69,69,0,0,0,0,0,0,0,0,0,0,100
2e9c45de015885a68c3a5d92effcf0ce85af35e6,0,0,0,0,0,0,0,0,0,0,0,0,0,0,70,70,0,0,0,0,0,0,0,0,0,0,100
4976f684d298892cd734cbcd312aaa42e01559a7,1,1,1,0,0,0,0,2,10,0,1,1,0,110,71,71,9,9,0,455,455,0,2,2,0,0,100
d1d9e3fc3a3174729d44124359eea93dc945d3ed,0,0,0,0,0,0,0,0,0,0,0,0,0,0,72,72,0,0,0,0,0,0,0,0,0,0,100
736646b4d3d5694a21b1cf1f1cb4ee66aac871a0,0,0,0,0,0,0,0,0,0,0,0,0,0,0,73,73,0,0,0,0,0,0,0,0,0,0,100
02423e8630aa352fb0e2f20f86d822ab24ec0141,1,2,2,0,0,0,0,3,11,0,1,1,0,110,2,2,9,9,0,455,455,0,2,2,0,0,100
42ca0a344fad30660c68161e97ef9adf56702dc7,0,0,0,0,0,0,0,0,0,0,0,0,0,0,74,74,0,0,0,0,0,0,0,0,0,0,100
b9e6795b6ce7f15e26bd436543886d97dbda732f,1,10,0,10,0,0,0,4,12,0,1,1,0,110,0,0,11,9,2,533,455,78,2,2,0,0,100
ed08eabf0e76b2dfb66b2c7ef0daadb42a514a7f,1,11,0,11,0,0,0,5,5,0,1,1,0,114,1,1,16,12,4,631,547,84,7,6,1,0,100
8c3710602db9218cc2af08cfb653b188c2544c4f,0,0,0,0,0,0,0,0,0,0,0,0,0,0,0,0,0,0,0,0,0,0,0,0,0,0,100
46f52ba16658d03b8cf4d6f06bb40e455a43e5b6,0,0,0,0,0,0,0,0,0,0,0,0,0,0,75,75,0,0,0,0,0,0,0,0,0,0,100
2643996b5ac5742f81f22bc815700a0f3af8daa3,0,0,0,0,0,0,0,0,0,0,0,0,0,0,76,76,0,0,0,0,0,0,0,0,0,0,100
68042bbda4cdadc91b6b9d81159763b78bbc5027,0,0,0,0,0,0,0,0,0,0,0,0,0,0,0,0,0,0,0,0,0,0,0,0,0,0,100
f45eac293bdda789a225cd9912194fe25ea6640e,0,0,0,0,0,0,0,0,0,0,0,0,0,0,0,0,0,0,0,0,0,0,0,0,0,0,100
60668e739cc6f394b1c2cf4622d9aba62bf0434d,0,0,0,0,0,0,0,0,0,0,0,0,0,0,1,1,0,0,0,0,0,0,0,0,0,0,100
48a9ff399eb1c2d6de58caaea5ef769a92d6f8b1,0,0,0,0,0,0,0,0,0,0,0,0,0,0,77,77,0,0,0,0,0,0,0,0,0,0,100
0b085006e82e2c227344397feb75ee8446e2820b,0,0,0,0,0,0,0,0,0,0,0,0,0,0,78,78,0,0,0,0,0,0,0,0,0,0,100
83f577cc8c84d3619b902e6954121695ccf37e50,0,0,0,0,0,0,0,0,0,0,0,0,0,0,0,0,0,0,0,0,0,0,0,0,0,0,100
12892d39954d62685726fa0d4848f3f014c37417,0,0,0,0,0,0,0,0,0,0,0,0,0,0,0,0,0,0,0,0,0,0,0,0,0,0,100
d395ca47f30f5593475f9e3234358a0925be0175,1,52,10,42,0,0,0,6,6,0,1,1,0,125,0,0,25,16,9,879,631,248,10,7,3,0,100
790be24342237632552bba8e7a9dd290c560da7f,2,21,6,15,0,0,0,6,11,0,1,1,0.503258335,291,1,1,40,40,0,1671,1564,107,18,18,0,0,100
e09456d388482e9c0b68a96ddb76a90d8f2709f9,1,2,2,0,0,0,0,6,8,0,1,1,0,179,2,2,25,25,0,970,970,0,10,10,0,0,100
002f67743708ed02121d3325d3cd874a4a7175ab,1,0,1,1,0,0,0,6,12,0,1,1,0,127,3,3,15,15,0,701,701,0,8,8,0,0,100
618162a27f3eb54690d679d982f0a5c0d9761595,0,0,0,0,0,0,0,0,0,0,0,0,0,0,79,79,0,0,0,0,0,0,0,0,0,0,100
95dcd2fb7984c3279c2a068e94b7a520a1dc43f8,3,8,8,0,0,0,0,6,13,0,1,2,1.405639062,425,80,80,51,51,0,2204,2204,0,20,20,0,0,100
8c76743eb4ea7b2d9ab19f0ca82e55a820d3d961,0,0,0,0,0,0,0,0,0,0,0,0,0,0,81,81,0,0,0,0,0,0,0,0,0,0,100
e3ed3360da27e2aaeebdc62d1f86912476cfc364,21,48,39,9,0,0,0,3,14,0,1,3,3.430148853,2150,82,82,292,292,0,9496,9496,0,153,153,0,0,100
5528ca760ce2cef035c44c60b24e64421ecb9fe3,0,0,0,0,0,0,0,0,0,0,0,0,0,0,83,83,0,0,0,0,0,0,0,0,0,0,100
fa8c70ad8269797edd9f8f7419a7162463d06131,0,0,0,0,0,0,0,0,0,0,0,0,0,0,84,84,0,0,0,0,0,0,0,0,0,0,100
ac2b048b59ddcd98814833dde0dad8608f3bdf0d,0,0,0,0,0,0,0,0,0,0,0,0,0,0,85,85,0,0,0,0,0,0,0,0,0,0,100
5bbacca8d31d388e14b0b9741295f2431a229cff,0,0,0,0,0,0,0,0,0,0,0,0,0,0,86,86,0,0,0,0,0,0,0,0,0,0,100
f81d0677ea6e2998a310d4cf111054180480ba24,0,0,0,0,0,0,0,0,0,0,0,0,0,0,87,87,0,0,0,0,0,0,0,0,0,0,100
67e12c5266edc22bec97c1c2a18257ee3fcfdeb6,0,0,0,0,0,0,0,0,0,0,0,0,0,0,88,88,0,0,0,0,0,0,0,0,0,0,100
94964ceb2babda04c60dc1dfe27a7483780428ac,2,16,2,14,0,0,0,6,15,0,1,1,0.964078765,315,89,89,49,47,2,1883,1787,96,16,16,0,0,100
9213ff2ea07ec7c97822151b84e9a308ed6289fd,1,3,2,1,0,0,0,4,15,0,1,1,0,116,90,90,11,11,0,549,533,16,2,2,0,0,100
c89fe4f50fb4548c856c6ea51d3ad698fe4e1a02,0,0,0,0,0,0,0,0,0,0,0,0,0,0,91,91,0,0,0,0,0,0,0,0,0,0,100
0e33a4f15c92d1d853f42936cce77e8542be93bd,0,0,0,0,0,0,0,0,0,0,0,0,0,0,92,92,0,0,0,0,0,0,0,0,0,0,100
5f65c1274fba1477e5f93e1a8597bf3766e44216,0,0,0,0,0,0,0,0,0,0,0,0,0,0,93,93,0,0,0,0,0,0,0,0,0,0,100
0fe726fe63d754cf60eceac6812079ba71b70f54,0,0,0,0,0,0,0,0,0,0,0,0,0,0,94,94,0,0,0,0,0,0,0,0,0,0,100
d011e4d6cbec9ed19207e9dab4e5bea0d83ee962,0,0,0,0,0,0,0,0,0,0,0,0,0,0,95,95,0,0,0,0,0,0,0,0,0,0,100
3c84a93f7780f8130f5a472905172bfa9c530766,0,0,0,0,0,0,0,0,0,0,0,0,0,0,96,96,0,0,0,0,0,0,0,0,0,0,100
7bb1083d0fd30819f41fc519719245939df84316,1,1,1,0,0,0,0,4,16,0,1,1,0,117,97,97,11,11,0,549,549,0,2,2,0,0,100
a37120e26dc81fa9edc477d3e6fa7d6072819455,0,0,0,0,0,0,0,0,0,0,0,0,0,0,98,98,0,0,0,0,0,0,0,0,0,0,100
1f08e11243907bc8547c4c10f6de015eaff3fafe,0,0,0,0,0,0,0,0,0,0,0,0,0,0,99,99,0,0,0,0,0,0,0,0,0,0,100
b65c86d10d062555e54eff637a606299efc0ca1e,0,0,0,0,0,0,0,0,0,0,0,0,0,0,0,0,0,0,0,0,0,0,0,0,0,0,100
5f7d4ca5231d00a3fc6284b2eb0a2f0c91e66514,1,1,1,0,0,0,0,4,17,0,1,1,0,117,100,100,11,11,0,549,549,0,2,2,0,0,100
f15eb8b870e3c2472a022933528f0a252fa0e469,0,0,0,0,0,0,0,0,0,0,0,0,0,0,101,101,0,0,0,0,0,0,0,0,0,0,100
270c79f057e4a0354223cf3ee1338c63574a2bad,0,0,0,0,0,0,0,0,0,0,0,0,0,0,102,102,0,0,0,0,0,0,0,0,0,0,100
af829f1fa5a9dc3a45d83350c3e196e230ab0960,0,0,0,0,0,0,0,0,0,0,0,0,0,0,0,0,0,0,0,0,0,0,0,0,0,0,100
5762f9d37b0b4fd62c447ace0c1d19694239c659,0,0,0,0,0,0,0,0,0,0,0,0,0,0,1,0,0,0,0,0,0,0,0,0,0,0,100
7d5f452855467320cd5c391d7b1761936dc6bf0d,1,1,1,0,0,0,0,4,18,0,1,1,0,117,103,103,11,11,0,549,549,0,2,2,0,0,100
d27cdcc2a3b97c4144b0621d59f9960f375be0a6,0,0,0,0,0,0,0,0,0,0,0,0,0,0,104,104,0,0,0,0,0,0,0,0,0,0,100
fafaf243a2ce64e317ce31a3e7ff8f440350a2bd,0,0,0,0,0,0,0,0,0,0,0,0,0,0,105,105,0,0,0,0,0,0,0,0,0,0,100
7686307cd6cd1073fc32e2e5fd9b9bda79117d30,0,0,0,0,0,0,0,0,0,0,0,0,0,0,106,106,0,0,0,0,0,0,0,0,0,0,100
193faccb18adbd389bf78a326f347a7f037dff94,0,0,0,0,0,0,0,0,0,0,0,0,0,0,107,107,0,0,0,0,0,0,0,0,0,0,100
76c9c963350e37560912b44b9414bd64ac8bf86c,0,0,0,0,0,0,0,0,0,0,0,0,0,0,0,0,0,0,0,0,0,0,0,0,0,0,100
90b355c2ec3b6e9dfbd57f521e3499ada858a612,0,0,0,0,0,0,0,0,0,0,0,0,0,0,108,108,0,0,0,0,0,0,0,0,0,0,100
c5848150353132503c22dbcd9b61df958d77427b,0,0,0,0,0,0,0,0,0,0,0,0,0,0,1,0,0,0,0,0,0,0,0,0,0,0,100
49c5d41284091f6ffba78bdecbef5f18daaf97a0,0,0,0,0,0,0,0,0,0,0,0,0,0,0,109,109,0,0,0,0,0,0,0,0,0,0,100
26ff1f4570938e5540972eae2c74ecdc73ecefc6,0,0,0,0,0,0,0,0,0,0,0,0,0,0,110,110,0,0,0,0,0,0,0,0,0,0,100
a3977add13696233fefa066424fcafb5ba272827,0,0,0,0,0,0,0,0,0,0,0,0,0,0,111,111,0,0,0,0,0,0,0,0,0,0,100
c733e0ddf8bba918df40e92613402ea2fac54998,1,1,1,0,0,0,0,4,19,0,1,1,0,117,112,112,11,11,0,549,549,0,2,2,0,0,100
8272ee7dab76e0a6bfbee20ffd8bf975c982ffb6,0,0,0,0,0,0,0,0,0,0,0,0,0,0,113,113,0,0,0,0,0,0,0,0,0,0,100
f8c5329fac167ab0314cb45606ebacfabd035098,0,0,0,0,0,0,0,0,0,0,0,0,0,0,114,114,0,0,0,0,0,0,0,0,0,0,100
12ca3ea18938a20deb3b2d94c6e052ac3e6ae23a,0,0,0,0,0,0,0,0,0,0,0,0,0,0,115,115,0,0,0,0,0,0,0,0,0,0,100
28d874ac626a855005d3abdfdce4d2e053a53508,1,1,1,0,0,0,0,4,20,0,1,1,0,117,116,116,11,11,0,549,549,0,2,2,0,0,100
2f7cfda1cea7c8272f9b4abea2735942d94e18b7,0,0,0,0,0,0,0,0,0,0,0,0,0,0,117,117,0,0,0,0,0,0,0,0,0,0,100
067d997415e9f2a66d0472dd2bd61a4c4f8cc76f,1,1,1,0,0,0,0,6,16,0,1,1,0,130,118,118,15,15,0,733,733,0,8,8,0,0,100
ebc21d695bbef3e29537a9400c6e26a99d3ff62c,1,1,1,0,0,0,0,4,21,0,1,1,0,117,119,119,11,11,0,549,549,0,2,2,0,0,100
e70acdac27e649971af544f010389bfaf9840cb2,0,0,0,0,0,0,0,0,0,0,0,0,0,0,120,120,0,0,0,0,0,0,0,0,0,0,100
9ef2ddbd1047bb6c7a549573fe37d1a308122dc4,0,0,0,0,0,0,0,0,0,0,0,0,0,0,121,121,0,0,0,0,0,0,0,0,0,0,100
b8790bb95c775c509790dd4ed26689091641b8d6,0,0,0,0,0,0,0,0,0,0,0,0,0,0,122,122,0,0,0,0,0,0,0,0,0,0,100
d972c267bba49ca35aa8e7b39fe2d9f49a75458d,0,0,0,0,0,0,0,0,0,0,0,0,0,0,123,123,0,0,0,0,0,0,0,0,0,0,100
cccd8b0702d6921773d7952980ab964d7637a187,0,0,0,0,0,0,0,0,0,0,0,0,0,0,124,124,0,0,0,0,0,0,0,0,0,0,100
fb42fa988e8513090604d98c69b6456d853d669d,0,0,0,0,0,0,0,0,0,0,0,0,0,0,0,0,0,0,0,0,0,0,0,0,0,0,100
eeda12a4c3b259eda5d536ac3904d380a29d5a54,0,0,0,0,0,0,0,0,0,0,0,0,0,0,0,0,0,0,0,0,0,0,0,0,0,0,100
f424d6fb2c215ed895a006bd21f53bdec8ad34cb,0,0,0,0,0,0,0,0,0,0,0,0,0,0,0,0,0,0,0,0,0,0,0,0,0,0,100
ee6d5bd6f40a96732a916997b6564c9a51f89efe,1,1,1,0,0,0,0,6,17,0,1,1,0,130,125,125,15,15,0,733,733,0,8,8,0,0,100
49d28e3c5b787661d776e52b5d9bfc00bfc6bc48,1,1,1,0,0,0,0,4,22,0,1,1,0,117,126,126,11,11,0,549,549,0,2,2,0,0,100
b0117668ba6ef9f7b22c65b744a983f64d2f5093,0,0,0,0,0,0,0,0,0,0,0,0,0,0,127,127,0,0,0,0,0,0,0,0,0,0,100
d1935f2d2660967a6afc210f7838b359b8cc4fb6,0,0,0,0,0,0,0,0,0,0,0,0,0,0,128,128,0,0,0,0,0,0,0,0,0,0,100
3730fb3d2a68bf66743b35e3fcfad4b0a94d030a,26,476,435,41,0,1,1,3,23,0,1,4,4.578477049,2743,63,0,318,329,11,12584,13133,549,182,184,2,1,99.95936611
738d99b03c27716b40801eeb7c1f5d18790156cb,26,1410,2085,675,1,10,11,3,19,0,1,4,4.182590614,2784,64,1,177,318,141,8723,12584,3861,98,182,84,1,99.69443879
9cc363811599fb0ab21090728a1d101e29169091,13,333,587,254,0,2,2,3,20,0,1,2,3.481496872,1821,65,2,118,149,31,6870,7759,889,70,80,10,1,99.8978132
cdcd351928a6dc628cbb74a792fe6fb6589e3130,0,0,0,0,0,0,0,0,0,0,0,0,0,0,66,3,0,0,0,0,0,0,0,0,0,1,100
35e05e497234a353219d7a3d1ce374a91671e928,2,1,1,0,0,0,0,7,8,201,1,2,0,185,67,4,12,12,0,764,764,0,3,3,0,1,99.91816694
14c9e156bce509fc36f2590c93d80fb913611871,1,1,1,0,0,0,0,4,4,355,1,1,0,1455,0,0,230,229,1,6108,6104,4,44,44,0,1,100
be3c4eb406e9b4439c8e2365ab95e2ead90d8697,3,167,108,59,1,0,1,1,16,354,1,1,1.091150095,1116,37,0,59,58,1,6325,6040,285,53,51,2,1,99.89777142
8177d3d114ce21cbb3c9ff17e098183cf00f3956,1,2,2,0,0,0,0,14,40,355,1,1,0,516,38,1,77,75,2,2187,2179,8,24,24,0,1,100
c6c7311713b0d60e445b2ffe32c5588791edf7ac,0,0,0,0,0,0,0,0,0,0,0,0,0,0,39,2,0,0,0,0,0,0,0,0,0,1,100
fe3b2dcb8ac2a84993cf193c576a49891e883a7e,1,3,3,0,0,0,0,8,14,3,1,1,0,192,0,0,21,21,0,817,817,0,10,10,0,0,100
f8b556c2e88f32c618405ed76ec1917a12682bed,1,1,19,18,0,0,0,8,21,4,1,1,0,123,1,1,8,10,2,424,494,70,5,5,0,0,100
c1ee1955703363cd783039d6b603345ed27a88af,0,0,0,0,0,0,0,0,0,0,0,0,0,0,78,0,0,0,0,0,0,0,0,0,0,1,100
66f795476bc7c9f5c21f4a337fbdc1c39c7fd0c6,0,0,0,0,0,0,0,0,0,0,0,0,0,0,68,5,0,0,0,0,0,0,0,0,0,1,100
b3e3972988df7b3dde26ccd4e48b3e6b97d89ad6,0,0,0,0,0,0,0,0,0,0,0,0,0,0,128,0,0,0,0,0,0,0,0,0,0,0,100
cde15f4ef2b513749b7d0a9c0c5fc4260422211c,0,0,0,0,0,0,0,0,0,0,0,0,0,0,19,0,0,0,0,0,0,0,0,0,0,0,100
295c205a65b20a9ce53e73ce58f1dd1744b8b542,2,50,5,45,0,0,0,2,147,3522,1,2,0.988283611,2023,20,1,319,317,2,7751,7476,275,179,178,1,1,99.97956682
2537e5306c96b3e7d3ca5bacc2dd69fcb582de8c,1,1,1,0,0,0,0,2,2,10735,1,1,0,42,40,0,2,2,0,59,57,2,2,2,0,1,100
b4725dbe068ea18b35e013bf774e3d520619e7bc,10,16,16,0,0,0,0,7,14,1411,5,6,3.25,1666,41,1,183,183,0,7590,7606,16,62,62,0,0,100
ef8c95eb397651e10f677763dfcd9c8cea7c27b0,1,1,1,0,0,0,0,8,17,58,1,1,0,618,79,0,34,34,0,3529,3529,0,29,29,0,1,100
46ed75457289770549c0bcdc20bf6d073863ed56,1,5,31,26,0,0,0,9,25,234,1,1,0,204,69,0,15,19,4,897,1071,174,4,4,0,1,100
a7771a1234d7b5dc7be5d1c16a2f29d9d5d416a8,4,69,13,56,0,0,0,5,14,1115,1,4,1.65002542,799,70,1,66,64,2,4317,3946,371,31,30,1,1,99.83640082
377fc8689cf3a2b110aecdf13287c3143e6a7963,5,45,75,30,0,0,0,5,24,786,1,5,2.02352944,1033,0,0,83,81,2,5017,5214,197,34,35,1,0,99.83640082
1f8e0732b888f2a0c939b7d010a7d7b9c16c78f5,0,0,0,0,0,0,0,0,0,0,0,0,0,0,0,0,0,0,0,0,0,0,0,0,0,0,100
c7aa002c749996f46ae04f1d1c1e1390b7374f7e,5,74,44,30,0,0,0,5,25,938,1,5,2.034045762,1003,71,2,81,83,2,5214,5017,197,35,34,1,1,99.83640082
658ad90b3850131e4a73fd6cca2ead30f6e5f213,17,918,22,896,8,0,8,12,358,815,2,6,3.563777605,5234,72,3,604,546,58,25048,21565,3483,245,203,42,1,99.63287783
954cd81c9b1ab96306950c53a723eb959f3da311,1,1,1,0,0,0,0,6,10,84,1,1,0,226,73,4,25,25,0,1060,1056,4,6,6,0,1,100
1e5bf55e12126f4dc224d471d2dc52f3ac182c24,1,1,8,7,0,0,0,3,3,143,1,1,0,80,74,5,7,8,1,209,239,30,4,4,0,1,100
1e217703a8f6d6378e8a92c57878f53368b289af,2,69,125,56,0,0,0,2,11,86,1,2,0.314207594,812,75,6,71,86,15,4165,4208,43,27,26,1,1,100
e183080273a5de9cead0c0622bb5dce7ab9308d0,133,1018,4350,3332,2,24,26,0,383,1170,9,61,6.029763052,35328,0,0,3439,3654,215,146233,159735,13502,1395,1551,156,1,94.08099688
dae75058feed943066b0e64abeb0136ab423ed00,1,56,58,2,0,0,0,10,62,755,1,1,0,1894,94,0,153,153,0,12070,12090,20,135,135,0,1,100
0f519b4af49a5c4484b193cb445dfd63e470ebdc,19,145,58,87,0,0,0,12,22,4719,3,14,4.026299342,3510,11,0,275,270,5,17748,17424,324,184,176,8,1,97.37737738
c0b291ef29eba52623140a7f0db32d78222c373a,3,1,182,181,0,2,2,3,8,4072,2,2,1.075765547,366,12,1,16,32,16,759,1534,775,11,21,10,1,98.4539403
5e2a0b64511437e8a10b5756f01fc41776d6caf1,58,530,351,179,0,0,0,4,384,2866,1,28,5.673275946,14588,13,2,1606,1603,3,65979,66457,478,469,466,3,1,99.9358426
c29777386b8d23bbfc16789bd02273eacf4f9bf6,1,42,26,16,0,0,0,15,65,0,1,1,0,912,1,1,93,90,3,4659,4581,78,22,18,4,1,100
f6d96b2b993caa99dcfb12c6606e56c249c9a064,1,26,42,16,0,0,0,15,66,0,1,1,0,928,2,2,90,93,3,4581,4659,78,18,22,4,1,100
6ca2a980b8e23a78e47a19bbfdbe03b909bc962d,0,0,0,0,0,0,0,0,0,0,0,0,0,0,95,1,0,0,0,0,0,0,0,0,0,1,100
24da558d5a1714f5e2427ed73e8f139168128a30,0,0,0,0,0,0,0,0,0,0,0,0,0,0,127,0,0,0,0,0,0,0,0,0,0,1,100
008639dec4ae4e29c4b389c1f9c1fc57e3c1af6b,0,0,0,0,0,0,0,0,0,0,0,0,0,0,1,0,0,0,0,0,0,0,0,0,0,0,100
589da6904bbd493d28d619849d1487de9c4faf1c,0,0,0,0,0,0,0,0,0,0,0,0,0,0,326,0,0,0,0,0,0,0,0,0,0,0,100
58b67bb08d9f8afd6b19690da988c7fbefd54bec,0,0,0,0,0,0,0,0,0,0,0,0,0,0,327,1,0,0,0,0,0,0,0,0,0,0,100
26b35a8ca99af3bbaaa68f40608ea7142d78d2ec,3,105,11,94,0,0,0,14,115,1006,1,3,0.517247337,1479,0,0,210,196,14,6909,6418,491,78,76,2,1,100
4bdbc9bd80887af2fd02bacddd54dc48dcc44718,2,369,60,309,1,0,1,1,9,0,1,2,0.908688278,486,2,0,84,69,15,4124,2339,1785,25,11,14,2,94.31578947
58e6a38682aff79cb9b4ec09e9d95e0158dfc514,0,0,0,0,0,0,0,0,0,0,0,0,0,0,34,0,0,0,0,0,0,0,0,0,0,0,100
530cb535c3c07a089f59ed970763dd4d3d19de4b,0,0,0,0,0,0,0,0,0,0,0,0,0,0,76,0,0,0,0,0,0,0,0,0,0,1,100
8f6befd22b91f35f0496afc8c293e8d6a0a203ec,0,0,0,0,0,0,0,0,0,0,0,0,0,0,77,1,0,0,0,0,0,0,0,0,0,1,100
50119d4f73cdb41ae4752b1c98e4146bc5e78dfe,0,0,0,0,0,0,0,0,0,0,0,0,0,0,24,0,0,0,0,0,0,0,0,0,0,1,100
7aef3915515828aaec834ee5120049cdc305a53b,2,45,3,42,0,0,0,2,2,530,1,2,0.988699408,104,1,1,12,9,3,480,243,237,8,6,2,1,100
1b0aa220c40c5075c49cae9bec61a2cd17942d7c,1,26,26,0,0,0,0,8,15,442,1,1,0,611,35,1,35,34,1,3500,3495,5,30,28,2,1,100
cde855d8cadfe8557866500cffaa21b0beebebd4,0,0,0,0,0,0,0,0,0,0,0,0,0,0,36,2,0,0,0,0,0,0,0,0,0,1,100
ba16eb1b39279e1103aeba86fcf79700b4e7f673,1,1,1,0,0,0,0,11,63,0,1,1,0,1892,0,0,153,153,0,12070,12070,0,135,135,0,1,100
a850495296876350bbc23d0e94b96afa5e905e19,24,3000,0,3000,24,0,24,1,1,0,1,3,4.070045411,0,0,0,299,0,299,11931,0,11931,176,0,176,0,99.07730162
fbcb4e967c8a0705a93d8bfa25b0e29888ec6737,0,0,0,0,0,0,0,0,0,0,0,0,0,0,1,1,0,0,0,0,0,0,0,0,0,0,100
d9c472da6cd24e1e8c1aa74daefe0f56f23ee54f,0,0,0,0,0,0,0,0,0,0,0,0,0,0,2,2,0,0,0,0,0,0,0,0,0,0,100
5136195fbef688855c0f009d84d9990a4b8590da,0,0,0,0,0,0,0,0,0,0,0,0,0,0,0,0,0,0,0,0,0,0,0,0,0,0,100
c4ab161b7d3933c430b655342e79c27f5b250c47,0,0,0,0,0,0,0,0,0,0,0,0,0,0,2612,0,0,0,0,0,0,0,0,0,0,0,100
f18d4302c0f6acc98f45c66652a92a9ea37d7b09,24,1602,2096,494,0,0,0,2,2,0,1,3,3.832033628,3000,2613,1,299,299,0,11931,11931,0,176,176,0,0,100
1cd6b2f185900e9b49f4371930cb2969ab0f5511,1,2,1,1,0,0,0,2,3,0,1,1,0,52,2614,2,4,4,0,260,246,14,2,2,0,0,100
1c97b4025b3979bf0b3eae1dd08c64412f9bcabd,0,0,0,0,0,0,0,0,0,0,0,0,0,0,2615,3,0,0,0,0,0,0,0,0,0,0,100
a84a48feb2cdc0931e87f01e010f27fbf308b267,0,0,0,0,0,0,0,0,0,0,0,0,0,0,2616,4,0,0,0,0,0,0,0,0,0,0,100
073ed72c8927c24787d3dedfd8a288d9eecf2632,1,0,1,1,0,0,0,2,4,0,1,1,0,53,2617,5,4,4,0,246,260,14,2,2,0,0,100
8e97812c609b10a797b88b0bb7fa13c4cdf3031c,0,0,0,0,0,0,0,0,0,0,0,0,0,0,2618,6,0,0,0,0,0,0,0,0,0,0,100
0c157e1393390a085b5c4c1f28d686e5348b0802,0,0,0,0,0,0,0,0,0,0,0,0,0,0,2619,7,0,0,0,0,0,0,0,0,0,0,100
3b64300be980d90712e6a537fe0b1494ba0855ed,0,0,0,0,0,0,0,0,0,0,0,0,0,0,2620,8,0,0,0,0,0,0,0,0,0,0,100
f129f913b4c4eb2e05ae4eee7647fa09efa90491,0,0,0,0,0,0,0,0,0,0,0,0,0,0,2621,9,0,0,0,0,0,0,0,0,0,0,100
8d82d0e0fb30841011b26c931936bdc794d0f6be,1,1,1,0,0,0,0,2,3,0,1,1,0,119,2622,10,15,15,0,663,663,0,8,8,0,0,100
6e98e46afd88469d2dc53caf00f07e97fbd8b0a7,0,0,0,0,0,0,0,0,0,0,0,0,0,0,2623,11,0,0,0,0,0,0,0,0,0,0,100
d64377a7fa67320fa30f8a8082ac31672d4d16e7,0,0,0,0,0,0,0,0,0,0,0,0,0,0,2624,12,0,0,0,0,0,0,0,0,0,0,100
79e6e17f7f39aaa8acf279a35b3539f78acaa34d,1,1,1,0,0,0,0,2,4,0,1,1,0,119,2625,13,15,15,0,663,663,0,8,8,0,0,100
e6306034397cd7b976e021af7e0501ae3d9ffe16,0,0,0,0,0,0,0,0,0,0,0,0,0,0,2626,14,0,0,0,0,0,0,0,0,0,0,100
fc68fd6faa92e729597c2cd5e15fb3b4f5156ce7,0,0,0,0,0,0,0,0,0,0,0,0,0,0,2627,15,0,0,0,0,0,0,0,0,0,0,100
90b5c10bf63bc8ea0574930c04375fa7bd84ebe8,0,0,0,0,0,0,0,0,0,0,0,0,0,0,2628,16,0,0,0,0,0,0,0,0,0,0,100
00c691df857ee9b35cee44b38b376644f110b9b3,0,0,0,0,0,0,0,0,0,0,0,0,0,0,2629,17,0,0,0,0,0,0,0,0,0,0,100
8b5a6968060c539b2b4a3e4fef22a7ec73ed90d8,0,0,0,0,0,0,0,0,0,0,0,0,0,0,2630,18,0,0,0,0,0,0,0,0,0,0,100
a111c65d5cbb4b6131b3c7b91e4fd27e5ee74a06,0,0,0,0,0,0,0,0,0,0,0,0,0,0,2631,19,0,0,0,0,0,0,0,0,0,0,100
ccf486b9e527a9116a3bd0ff349bdd18d503ca40,0,0,0,0,0,0,0,0,0,0,0,0,0,0,4,0,0,0,0,0,0,0,0,0,0,0,100
2d36e2a42090ac47bf0bdf9f83c5c14cdae47904,0,0,0,0,0,0,0,0,0,0,0,0,0,0,2632,20,0,0,0,0,0,0,0,0,0,0,100
252caf7fa0351530cf96e62e9067d20cef113d34,0,0,0,0,0,0,0,0,0,0,0,0,0,0,2633,21,0,0,0,0,0,0,0,0,0,0,100
10296a8036ee1564e4351cc60daa5c48e038018c,0,0,0,0,0,0,0,0,0,0,0,0,0,0,0,0,0,0,0,0,0,0,0,0,0,0,100
a31d5b0323c7d7f6111062d6e56144a85c9798e0,0,0,0,0,0,0,0,0,0,0,0,0,0,0,1,1,0,0,0,0,0,0,0,0,0,0,100
763a2b2a9bf9b51841ee8d577b3ab0ece579435e,0,0,0,0,0,0,0,0,0,0,0,0,0,0,0,0,0,0,0,0,0,0,0,0,0,0,100
b607a31165684192cb4bc0a29b28c219c73d8c2e,0,0,0,0,0,0,0,0,0,0,0,0,0,0,2,2,0,0,0,0,0,0,0,0,0,0,100
218ebcaea81088cd7bc9c3a6fb1d15f06d4d1bba,0,0,0,0,0,0,0,0,0,0,0,0,0,0,3,3,0,0,0,0,0,0,0,0,0,0,100
9959135cf1809cefc4fa2ff73a29be36cb942406,0,0,0,0,0,0,0,0,0,0,0,0,0,0,2634,22,0,0,0,0,0,0,0,0,0,0,100
c3629669d2b8eb1c230312ae4d09c9a485473059,0,0,0,0,0,0,0,0,0,0,0,0,0,0,2635,23,0,0,0,0,0,0,0,0,0,0,100
978ad9ea34f8802a5ce42bac4a1fcc851a0a12c3,0,0,0,0,0,0,0,0,0,0,0,0,0,0,2636,24,0,0,0,0,0,0,0,0,0,0,100
781551133f90c1c3d457a993ccb1992c962a84ae,0,0,0,0,0,0,0,0,0,0,0,0,0,0,2637,25,0,0,0,0,0,0,0,0,0,0,100
a9de0f70740ce945949b2124d5e6d57178f278ed,0,0,0,0,0,0,0,0,0,0,0,0,0,0,2638,26,0,0,0,0,0,0,0,0,0,0,100
9649876244d96ee58290ba658e17927ff4262bbe,0,0,0,0,0,0,0,0,0,0,0,0,0,0,2639,27,0,0,0,0,0,0,0,0,0,0,100
325dd71901692348b3322b6c59cc01aff09f3806,0,0,0,0,0,0,0,0,0,0,0,0,0,0,0,0,0,0,0,0,0,0,0,0,0,0,100
b55dfdd479665cfcffd5e58deed6a268b7fe6587,0,0,0,0,0,0,0,0,0,0,0,0,0,0,5,0,0,0,0,0,0,0,0,0,0,0,100
7589e43f57125ee078aeec15d3f2d62360727a57,0,0,0,0,0,0,0,0,0,0,0,0,0,0,0,0,0,0,0,0,0,0,0,0,0,0,100
b1564e34aa4ce5ae9ed412cc8e36858acff1855a,0,0,0,0,0,0,0,0,0,0,0,0,0,0,0,0,0,0,0,0,0,0,0,0,0,0,100
999b2e8b84548340da458e0b782ed0c9105ce1d0,0,0,0,0,0,0,0,0,0,0,0,0,0,0,2640,28,0,0,0,0,0,0,0,0,0,0,100
636a1a6a662a6096717ef54910b5772462c1c137,0,0,0,0,0,0,0,0,0,0,0,0,0,0,0,0,0,0,0,0,0,0,0,0,0,0,100
8a3714dd090ccc07f7761a6757a26df8fdc5f80e,0,0,0,0,0,0,0,0,0,0,0,0,0,0,2641,29,0,0,0,0,0,0,0,0,0,0,100
b952d3628d6080dae793811342b8d7f1b91f8310,0,0,0,0,0,0,0,0,0,0,0,0,0,0,0,0,0,0,0,0,0,0,0,0,0,0,100
ec6db49837869ddbb2b20f93e40ff01ca0a5065e,0,0,0,0,0,0,0,0,0,0,0,0,0,0,1,1,0,0,0,0,0,0,0,0,0,0,100
9621b2aaffb5062bee6803f372f5a19ad60ae40c,1,1,0,1,0,0,0,3,3,0,1,1,0,190,4,4,32,32,0,1098,1078,20,8,8,0,0,100
c61dabfe94299ba963ac1552c1d5a5230f819653,0,0,0,0,0,0,0,0,0,0,0,0,0,0,0,0,0,0,0,0,0,0,0,0,0,0,100
27eabec6c6b311d3b24eb2d5752634d9811f9f51,0,0,0,0,0,0,0,0,0,0,0,0,0,0,0,0,0,0,0,0,0,0,0,0,0,0,100
c3d69ec5b58bae85a33e6ea509945c04357bd346,0,0,0,0,0,0,0,0,0,0,0,0,0,0,2,2,0,0,0,0,0,0,0,0,0,0,100
9d47c124ec2339b0112d5ebb9114a286074d8042,0,0,0,0,0,0,0,0,0,0,0,0,0,0,0,0,0,0,0,0,0,0,0,0,0,0,100
cc4f84b1232f4be5212510e06b3692477b649508,0,0,0,0,0,0,0,0,0,0,0,0,0,0,3,3,0,0,0,0,0,0,0,0,0,0,100
ef9cbe6aaa7ef2b170b214ef336da805c14365a5,0,0,0,0,0,0,0,0,0,0,0,0,0,0,4,4,0,0,0,0,0,0,0,0,0,0,100
a0f66ebd56885844646c17fde968edf0f3ec98ec,0,0,0,0,0,0,0,0,0,0,0,0,0,0,5,5,0,0,0,0,0,0,0,0,0,0,100
20149576e9af697736d5db97fe52159ce7f9ac58,0,0,0,0,0,0,0,0,0,0,0,0,0,0,6,6,0,0,0,0,0,0,0,0,0,0,100
241aa78725cb2811945e7b0b521a2aed612a6236,0,0,0,0,0,0,0,0,0,0,0,0,0,0,7,7,0,0,0,0,0,0,0,0,0,0,100
65fd2ba0fcd937807347237c3ded1d819396add0,0,0,0,0,0,0,0,0,0,0,0,0,0,0,8,8,0,0,0,0,0,0,0,0,0,0,100
5e42c7c631376923df7186ce37c6911eb9755c56,0,0,0,0,0,0,0,0,0,0,0,0,0,0,9,9,0,0,0,0,0,0,0,0,0,0,100
bd285306d5672892fc667aea4002951beb4be255,0,0,0,0,0,0,0,0,0,0,0,0,0,0,10,10,0,0,0,0,0,0,0,0,0,0,100
b18f554a74c70249ee7097f4c69c85ca13eb8195,0,0,0,0,0,0,0,0,0,0,0,0,0,0,11,11,0,0,0,0,0,0,0,0,0,0,100
6fb2b2942073df56295676428d4fe5394fcac34c,0,0,0,0,0,0,0,0,0,0,0,0,0,0,0,0,0,0,0,0,0,0,0,0,0,0,100
2daa97829f3cb738ef6721c929716c36d23da765,0,0,0,0,0,0,0,0,0,0,0,0,0,0,1,1,0,0,0,0,0,0,0,0,0,0,100
57557a1803e59d62235aa6a0cd41cc5b83e20de6,0,0,0,0,0,0,0,0,0,0,0,0,0,0,12,12,0,0,0,0,0,0,0,0,0,0,100
33ded77c02caa06afea62b6f46abf42897c842c1,0,0,0,0,0,0,0,0,0,0,0,0,0,0,13,13,0,0,0,0,0,0,0,0,0,0,100
1f66af513f30181f236cbbf20fe39c0575e1a4b4,0,0,0,0,0,0,0,0,0,0,0,0,0,0,14,14,0,0,0,0,0,0,0,0,0,0,100
2ffb15c84aa1152f6c6982c165f7a10c93d978de,0,0,0,0,0,0,0,0,0,0,0,0,0,0,0,0,0,0,0,0,0,0,0,0,0,0,100
312fcd28865e3240518ff29ab9e9a0a0d2b2ee26,0,0,0,0,0,0,0,0,0,0,0,0,0,0,15,15,0,0,0,0,0,0,0,0,0,0,100
4f373647a9b1ed0c6c9e3f8903d6bb653c631c0c,0,0,0,0,0,0,0,0,0,0,0,0,0,0,1,1,0,0,0,0,0,0,0,0,0,0,100
885284331e6802e4fb77f92b5c791d406afe5beb,0,0,0,0,0,0,0,0,0,0,0,0,0,0,16,16,0,0,0,0,0,0,0,0,0,0,100
a908f601b7e7e63173d36a3bac377b8f806bfcd3,0,0,0,0,0,0,0,0,0,0,0,0,0,0,17,17,0,0,0,0,0,0,0,0,0,0,100
8bfc821a0dc0446026a21f38c54770ae92c030a4,0,0,0,0,0,0,0,0,0,0,0,0,0,0,18,18,0,0,0,0,0,0,0,0,0,0,100
6ebdbb1de579168bd5876383b446702c59164655,0,0,0,0,0,0,0,0,0,0,0,0,0,0,19,19,0,0,0,0,0,0,0,0,0,0,100
4a5f7c7cae843f70bc4e3413a1788f5842d26cf2,0,0,0,0,0,0,0,0,0,0,0,0,0,0,20,20,0,0,0,0,0,0,0,0,0,0,100
b06a8903fe238e9e5b1516562a21091077afa0f2,0,0,0,0,0,0,0,0,0,0,0,0,0,0,0,0,0,0,0,0,0,0,0,0,0,0,100
353a487bfddfee858c20b652fe54c71a8a31e439,0,0,0,0,0,0,0,0,0,0,0,0,0,0,1,1,0,0,0,0,0,0,0,0,0,0,100
220a94efc06996c7cef38bd27115991862b1e9cf,0,0,0,0,0,0,0,0,0,0,0,0,0,0,21,21,0,0,0,0,0,0,0,0,0,0,100
40302afc0ce12137cbe912ec52cc759e1d4aba85,0,0,0,0,0,0,0,0,0,0,0,0,0,0,22,22,0,0,0,0,0,0,0,0,0,0,100
ad8b2ef72340d9d93af13e67e9bb9164ae17f06b,0,0,0,0,0,0,0,0,0,0,0,0,0,0,23,23,0,0,0,0,0,0,0,0,0,0,100
789de49dd1577058beb598917ff6e3f71e28450f,0,0,0,0,0,0,0,0,0,0,0,0,0,0,24,24,0,0,0,0,0,0,0,0,0,0,100
ae4dda4c160c6529014168c8c7c55c58707f503d,0,0,0,0,0,0,0,0,0,0,0,0,0,0,25,25,0,0,0,0,0,0,0,0,0,0,100
274ffb663e563ab83fb44935d5709f19b6b19ae4,0,0,0,0,0,0,0,0,0,0,0,0,0,0,26,26,0,0,0,0,0,0,0,0,0,0,100
1859142a151549c980caf6f93088f808c52fdeba,1,4,1,3,0,0,0,3,5,0,1,1,0,119,1,1,15,15,0,679,663,16,8,8,0,0,100
96eae5daa090232ab6c5f8a50e44b358358bdf25,1,1,1,0,0,0,0,4,6,0,1,1,0,122,27,27,15,15,0,679,679,0,8,8,0,0,100
7773b682543668bae3df7f9907a235895002eed0,0,0,0,0,0,0,0,0,0,0,0,0,0,0,0,0,0,0,0,0,0,0,0,0,0,0,100
90d5ab7642a5143b64725c128dba868371c3c93d,0,0,0,0,0,0,0,0,0,0,0,0,0,0,0,0,0,0,0,0,0,0,0,0,0,0,100
59ffd080f57b064598a5922f869cd3791d0d963e,1,1,1,0,0,0,0,4,7,0,1,1,0,122,28,28,15,15,0,679,679,0,8,8,0,0,100
70f1adc9f8babf949e082d02828c01e3263e5778,1,8,1,7,0,0,0,4,8,0,1,1,0,122,29,29,16,15,1,708,679,29,8,8,0,0,100
5112bed3e329b294fc3507d75cb8105a6078f786,0,0,0,0,0,0,0,0,0,0,0,0,0,0,30,30,0,0,0,0,0,0,0,0,0,0,100
3fe315affe65d6c52e2d5db44b5a43ee9d38ccdf,0,0,0,0,0,0,0,0,0,0,0,0,0,0,31,31,0,0,0,0,0,0,0,0,0,0,100
fb82a01e70d781043ef0de21671e8ef646d17eac,0,0,0,0,0,0,0,0,0,0,0,0,0,0,32,32,0,0,0,0,0,0,0,0,0,0,100
b77616c591cbbbf1f9719269810d6bb20569aa2b,1,1,1,0,0,0,0,4,9,0,1,1,0,129,2,2,16,16,0,708,708,0,8,8,0,0,100
8c6d458f2e339478156acbb27df7c3cffd715427,0,0,0,0,0,0,0,0,0,0,0,0,0,0,33,33,0,0,0,0,0,0,0,0,0,0,100
6faca9923efdd6c1e7ed319121268ab3824d84d5,0,0,0,0,0,0,0,0,0,0,0,0,0,0,34,34,0,0,0,0,0,0,0,0,0,0,100
6f4b588281fa5715f4446dc1f081186933efc8e4,0,0,0,0,0,0,0,0,0,0,0,0,0,0,35,35,0,0,0,0,0,0,0,0,0,0,100
dd97d37838a9af14301cf37ccedb0b9f5e0db118,0,0,0,0,0,0,0,0,0,0,0,0,0,0,36,36,0,0,0,0,0,0,0,0,0,0,100
93f6c7bdf3eafd9663187fdaf56c91706f365f8b,0,0,0,0,0,0,0,0,0,0,0,0,0,0,0,0,0,0,0,0,0,0,0,0,0,0,100
cd4c904218737a2fa61f2cb2b91ecba3c4ffbd09,5,29,14,15,1,0,1,3,10,0,1,2,1.990690697,478,0,0,65,62,3,2615,2567,48,26,24,2,0,99.85786802
db83880114227840df82b3d9f51a44a311d9ce8d,1,1,1,0,0,0,0,1,2,0,1,1,0,18,1,1,3,3,0,78,73,5,2,2,0,0,100
79660d03ac5cad9808ef0446330f6fd466630fe1,0,0,0,0,0,0,0,0,0,0,0,0,0,0,37,37,0,0,0,0,0,0,0,0,0,0,100
fd091d94a0219be967c30c78ebf4f72f09f9edf9,0,0,0,0,0,0,0,0,0,0,0,0,0,0,38,38,0,0,0,0,0,0,0,0,0,0,100
15745d0a63e84f987ea9c892a139564c5c557439,0,0,0,0,0,0,0,0,0,0,0,0,0,0,39,39,0,0,0,0,0,0,0,0,0,0,100
1e705f05178d7e650c484ff1377c4492c2489e39,0,0,0,0,0,0,0,0,0,0,0,0,0,0,0,0,0,0,0,0,0,0,0,0,0,0,100
036f0998cd37fee1e860aa409b96c3412e74ceb0,0,0,0,0,0,0,0,0,0,0,0,0,0,0,1,1,0,0,0,0,0,0,0,0,0,0,100
0e8dd0e5039435d47eadab942090790745ab3e14,0,0,0,0,0,0,0,0,0,0,0,0,0,0,2,2,0,0,0,0,0,0,0,0,0,0,100
15d67d8bdd6cf270f8f020743e41b8963712a62d,0,0,0,0,0,0,0,0,0,0,0,0,0,0,3,3,0,0,0,0,0,0,0,0,0,0,100
4f8adb9599ca61c8720272e78b00153450a0ea96,0,0,0,0,0,0,0,0,0,0,0,0,0,0,4,4,0,0,0,0,0,0,0,0,0,0,100
5874d0e37ad95a0b259c7030ca8841ef5de1a779,0,0,0,0,0,0,0,0,0,0,0,0,0,0,5,5,0,0,0,0,0,0,0,0,0,0,100
89d11a2fd759392a87562921595a05cf1911c3bb,0,0,0,0,0,0,0,0,0,0,0,0,0,0,40,40,0,0,0,0,0,0,0,0,0,0,100
4f3c4b0f9d43ab16b6ab02635a1a80325b640997,0,0,0,0,0,0,0,0,0,0,0,0,0,0,41,41,0,0,0,0,0,0,0,0,0,0,100
3aed953813d035d36e400d4d7d7bb0c3ca8b1145,1,1,1,0,0,0,0,4,4,0,1,1,0,114,42,42,12,12,0,547,547,0,6,6,0,0,100
2b40a1d674cbece63b0146262df199221a050c51,0,0,0,0,0,0,0,0,0,0,0,0,0,0,43,43,0,0,0,0,0,0,0,0,0,0,100
81ea5f200f5597091a62fba1b0943121f3ffae09,0,0,0,0,0,0,0,0,0,0,0,0,0,0,44,44,0,0,0,0,0,0,0,0,0,0,100
b5838749c687ff01cb820a31a4079619086591fd,0,0,0,0,0,0,0,0,0,0,0,0,0,0,45,45,0,0,0,0,0,0,0,0,0,0,100
0a5f3581d27a7d128369880616015dbe2e3a49f0,0,0,0,0,0,0,0,0,0,0,0,0,0,0,46,46,0,0,0,0,0,0,0,0,0,0,100
bef721a75dd7732564d39b73af8ab5d2bea00959,0,0,0,0,0,0,0,0,0,0,0,0,0,0,0,0,0,0,0,0,0,0,0,0,0,0,100
5a6e53da1ca13517c16f45d03273f4d88525ed71,0,0,0,0,0,0,0,0,0,0,0,0,0,0,1,1,0,0,0,0,0,0,0,0,0,0,100
69369d2ead3ba1d052b270c5364358bc4645e511,1,38,0,38,1,0,1,1,1,0,1,1,0,0,2,2,4,0,4,269,0,269,2,0,2,0,99.95936611
70e5171270b21ca650ef17eb86c8f12ddf5aa81d,0,0,0,0,0,0,0,0,0,0,0,0,0,0,3,3,0,0,0,0,0,0,0,0,0,0,100
7ffeb1f5e185eb7f38e38a49d30e5f27ca102c94,1,19,0,19,0,0,0,1,2,0,1,1,0,38,4,4,4,4,0,269,269,0,2,2,0,0,100
1fd63e5aeadc74f2b4d34831b762d2a2dca2f1b8,0,0,0,0,0,0,0,0,0,0,0,0,0,0,5,5,0,0,0,0,0,0,0,0,0,0,100
b5858c24bdaaeb03765744aa030941c51cffef3c,0,0,0,0,0,0,0,0,0,0,0,0,0,0,6,6,0,0,0,0,0,0,0,0,0,0,100
5a145c87599ad36a891429d441d692ca1efe9faf,1,57,4,53,0,0,0,1,3,0,1,1,0,57,7,7,9,4,5,455,269,186,2,2,0,0,100
25f27fc501e7730619f7c36246d44d15f4ec93f2,0,0,0,0,0,0,0,0,0,0,0,0,0,0,8,8,0,0,0,0,0,0,0,0,0,0,100
b63badc11ad0461ee817b895548af1c1302f9b3a,0,0,0,0,0,0,0,0,0,0,0,0,0,0,9,9,0,0,0,0,0,0,0,0,0,0,100
03b48aeca888bc5549cfc0ac906066163dc5c0d2,1,1,1,0,0,0,0,1,4,0,1,1,0,110,10,10,9,9,0,455,455,0,2,2,0,0,100
85b58d9641e30815465a154ae3fa404f6f40bdfa,1,1,1,0,0,0,0,1,5,0,1,1,0,110,11,11,9,9,0,455,455,0,2,2,0,0,100
5e926af5d07e7fd8a3c60b91ff3623b5fdd185c9,1,1,1,0,0,0,0,2,6,0,1,1,0,110,47,47,9,9,0,455,455,0,2,2,0,0,100
7de627738562de41c476cac0f4f4547e893407f7,0,0,0,0,0,0,0,0,0,0,0,0,0,0,48,48,0,0,0,0,0,0,0,0,0,0,100
c0337e2ee956ea5915e3f9052fc5fceae8379b98,0,0,0,0,0,0,0,0,0,0,0,0,0,0,49,49,0,0,0,0,0,0,0,0,0,0,100
8ea5449eb0275f1214c395e6e52b40fbcf8ad417,0,0,0,0,0,0,0,0,0,0,0,0,0,0,50,50,0,0,0,0,0,0,0,0,0,0,100
6178de4d0f3b7446f5ad609230e55d968630b27f,0,0,0,0,0,0,0,0,0,0,0,0,0,0,51,51,0,0,0,0,0,0,0,0,0,0,100
b761d75d334d12547c41a2613bbe6832eadaa5e6,1,1,1,0,0,0,0,2,7,0,1,1,0,110,52,52,9,9,0,455,455,0,2,2,0,0,100
6aea81c04921b217a2bb6198a2816700cb179fec,0,0,0,0,0,0,0,0,0,0,0,0,0,0,53,53,0,0,0,0,0,0,0,0,0,0,100
2c0474785db7040cc18bce08d956e11b8bc1c87c,0,0,0,0,0,0,0,0,0,0,0,0,0,0,54,54,0,0,0,0,0,0,0,0,0,0,100
6f577882641673fd89d6770a8cf6cbeea4a44e72,0,0,0,0,0,0,0,0,0,0,0,0,0,0,55,55,0,0,0,0,0,0,0,0,0,0,100
f10e57852cbbabf6ee8b877ba5332874cc200e25,1,1,1,0,0,0,0,2,8,0,1,1,0,110,56,56,9,9,0,455,455,0,2,2,0,0,100
975bb6db9e9fcb206216b7fea43c8b9a1858c45e,0,0,0,0,0,0,0,0,0,0,0,0,0,0,57,57,0,0,0,0,0,0,0,0,0,0,100
0f47d07fa57c329d4e7a0ea8f7e95d7d2ed07509,0,0,0,0,0,0,0,0,0,0,0,0,0,0,58,58,0,0,0,0,0,0,0,0,0,0,100
1b71bf678205b6b72993c395ace30a837b026ed8,0,0,0,0,0,0,0,0,0,0,0,0,0,0,59,59,0,0,0,0,0,0,0,0,0,0,100
3ea2993c0b5e93904c06e06ee63d93e74885f1bd,0,0,0,0,0,0,0,0,0,0,0,0,0,0,60,60,0,0,0,0,0,0,0,0,0,0,100
7a130004203748363ccacf408c5b6287f861fb5a,0,0,0,0,0,0,0,0,0,0,0,0,0,0,61,61,0,0,0,0,0,0,0,0,0,0,100
2297cc500772b20b7748376dc5e9bf8568d83288,0,0,0,0,0,0,0,0,0,0,0,0,0,0,62,62,0,0,0,0,0,0,0,0,0,0,100
3314c432b1557f7ffaf3484318f9784682834bd0,0,0,0,0,0,0,0,0,0,0,0,0,0,0,63,63,0,0,0,0,0,0,0,0,0,0,100
2e274f284e6615c987b6b43fea9f39283c57407d,0,0,0,0,0,0,0,0,0,0,0,0,0,0,64,64,0,0,0,0,0,0,0,0,0,0,100
8b952b8d591512909a095bc0971ac87ea40e67c6,0,0,0,0,0,0,0,0,0,0,0,0,0,0,65,65,0,0,0,0,0,0,0,0,0,0,100
6d207a2294272c5db912d8d2163080e82f597235,0,0,0,0,0,0,0,0,0,0,0,0,0,0,66,66,0,0,0,0,0,0,0,0,0,0,100
c77c8eab308650b2ba311a09561a362f299721c6,1,1,1,0,0,0,0,2,9,0,1,1,0,110,67,67,9,9,0,455,455,0,2,2,0,0,100
3bf4aadb67fc9ddeb2328da8e86402f786f2f25e,0,0,0,0,0,0,0,0,0,0,0,0,0,0,68,68,0,0,0,0,0,0,0,0,0,0,100
d52a3e57225e85d434337fce39b5fa48cdc310dc,0,0,0,0,0,0,0,0,0,0,0,0,0,0,69,69,0,0,0,0,0,0,0,0,0,0,100
f1bc328dc2d7978ef40e58f2b496b6f9154d8351,0,0,0,0,0,0,0,0,0,0,0,0,0,0,70,70,0,0,0,0,0,0,0,0,0,0,100
43bd236950c85af2a1e48018d75bb01dcc6b11f6,1,1,1,0,0,0,0,2,10,0,1,1,0,110,71,71,9,9,0,455,455,0,2,2,0,0,100
27a9472c65eb89479196299efeafc93f2e611c51,0,0,0,0,0,0,0,0,0,0,0,0,0,0,72,72,0,0,0,0,0,0,0,0,0,0,100
ab4c534dfe24c9b2e2e41857f658df8303818873,0,0,0,0,0,0,0,0,0,0,0,0,0,0,73,73,0,0,0,0,0,0,0,0,0,0,100
8224098f77449f335a0204cf408c5b3feb5d35e2,1,2,2,0,0,0,0,3,11,0,1,1,0,110,2,2,9,9,0,455,455,0,2,2,0,0,100
026965ed9eb545f48f7f866835df6abb2bfd00e4,0,0,0,0,0,0,0,0,0,0,0,0,0,0,74,74,0,0,0,0,0,0,0,0,0,0,100
a7b7273b7c393726f6105d2ba59503d0de3a537a,1,10,0,10,0,0,0,4,12,0,1,1,0,110,0,0,11,9,2,533,455,78,2,2,0,0,100
7fb195ff5ce534b75d04e0861bbf7c6f0ba6bb05,1,11,0,11,0,0,0,5,5,0,1,1,0,114,1,1,16,12,4,631,547,84,7,6,1,0,100
7282ff8288e780b5a3ae879a014437bd1c816787,0,0,0,0,0,0,0,0,0,0,0,0,0,0,0,0,0,0,0,0,0,0,0,0,0,0,100
81ae8534b06b42f10ae3f2d34a11ab8691e82078,0,0,0,0,0,0,0,0,0,0,0,0,0,0,75,75,0,0,0,0,0,0,0,0,0,0,100
205fea1c9da1b0067c95e884940a1ae9e3e9b8b9,0,0,0,0,0,0,0,0,0,0,0,0,0,0,76,76,0,0,0,0,0,0,0,0,0,0,100
99f860bb4f102179bea77a01209b44b90cdb05e4,0,0,0,0,0,0,0,0,0,0,0,0,0,0,0,0,0,0,0,0,0,0,0,0,0,0,100
9483d5ca433149a64f9d197d86d8cc6b841edff1,0,0,0,0,0,0,0,0,0,0,0,0,0,0,0,0,0,0,0,0,0,0,0,0,0,0,100
7c7cf365f22b9172fc843b32e76e28379e0a7fbe,0,0,0,0,0,0,0,0,0,0,0,0,0,0,1,1,0,0,0,0,0,0,0,0,0,0,100
a3a5411b0fcd1170a51b4d374fab6015ff8a9f0a,0,0,0,0,0,0,0,0,0,0,0,0,0,0,77,77,0,0,0,0,0,0,0,0,0,0,100
73130c582d93faebfaecf5fa131e118fdbd2d2ab,0,0,0,0,0,0,0,0,0,0,0,0,0,0,78,78,0,0,0,0,0,0,0,0,0,0,100
5b2b5c5bae492ab9e356c7dda21c47a31975f2e3,0,0,0,0,0,0,0,0,0,0,0,0,0,0,0,0,0,0,0,0,0,0,0,0,0,0,100
7c10128c1298003169d043b2e9ea7ebe0aa6fb00,0,0,0,0,0,0,0,0,0,0,0,0,0,0,0,0,0,0,0,0,0,0,0,0,0,0,100
e9d72b79f6a68e412df05e16f14380a3682360c6,1,52,10,42,0,0,0,6,6,0,1,1,0,125,0,0,25,16,9,879,631,248,10,7,3,0,100
ffc8cc20ca3bf0d43495881b90871b656d189df9,2,21,6,15,0,0,0,6,11,0,1,1,0.503258335,291,1,1,40,40,0,1671,1564,107,18,18,0,0,100
f06e657178c5caae49360c31be6036a20efb7629,1,2,2,0,0,0,0,6,8,0,1,1,0,179,2,2,25,25,0,970,970,0,10,10,0,0,100
aa7c22e8091eecc45cd307f4491c9b5f0729be1c,1,0,1,1,0,0,0,6,12,0,1,1,0,127,3,3,15,15,0,701,701,0,8,8,0,0,100
0e55dc73668ea3d773e26ca4a0acb28c74ef08be,0,0,0,0,0,0,0,0,0,0,0,0,0,0,79,79,0,0,0,0,0,0,0,0,0,0,100
bca8bfd58334258627b86115176c80dcd5fb4047,3,8,8,0,0,0,0,6,13,0,1,2,1.405639062,425,80,80,51,51,0,2204,2204,0,20,20,0,0,100
e4b26a64613a7e6c923d911550eba3928741e8e8,0,0,0,0,0,0,0,0,0,0,0,0,0,0,81,81,0,0,0,0,0,0,0,0,0,0,100
755d6fa4a2582bec90fd211d93bd0acacb43bb5c,21,48,39,9,0,0,0,3,14,0,1,3,3.430148853,2150,82,82,292,292,0,9496,9496,0,153,153,0,0,100
a9854a8ccc60b2bde4b06288abba50ed97d8606b,0,0,0,0,0,0,0,0,0,0,0,0,0,0,83,83,0,0,0,0,0,0,0,0,0,0,100
112e6ad795a8d0909ba7f21137ff773afd2ed964,0,0,0,0,0,0,0,0,0,0,0,0,0,0,84,84,0,0,0,0,0,0,0,0,0,0,100
7a343e9fc9648b6a0db0da1bfbda5a07a156093f,0,0,0,0,0,0,0,0,0,0,0,0,0,0,85,85,0,0,0,0,0,0,0,0,0,0,100
a1f92c8b263ba4ac7c25a740f6a3a46cde93ad77,0,0,0,0,0,0,0,0,0,0,0,0,0,0,86,86,0,0,0,0,0,0,0,0,0,0,100
b5f530ec4c1cf5ac665f91751e0aff28afc9d0c4,0,0,0,0,0,0,0,0,0,0,0,0,0,0,87,87,0,0,0,0,0,0,0,0,0,0,100
9fcc635dbbf6428a7745ed4dd5e40a2f597ccbbe,0,0,0,0,0,0,0,0,0,0,0,0,0,0,88,88,0,0,0,0,0,0,0,0,0,0,100
98db3ffd8796cbda8141e3e36926adcbb852a2e2,2,16,2,14,0,0,0,6,15,0,1,1,0.964078765,315,89,89,49,47,2,1883,1787,96,16,16,0,0,100
8d0a19ab639bbf508ad18325f96ac19ba6825999,1,3,2,1,0,0,0,4,15,0,1,1,0,116,90,90,11,11,0,549,533,16,2,2,0,0,100
e7f144d4b8bbebf6e7ab7615b0b2a26f75165ed3,0,0,0,0,0,0,0,0,0,0,0,0,0,0,91,91,0,0,0,0,0,0,0,0,0,0,100
0f4b974af63878cdbda084bd004eefa12d60ed68,0,0,0,0,0,0,0,0,0,0,0,0,0,0,92,92,0,0,0,0,0,0,0,0,0,0,100
1def3bde11732f510bfc37ecb2940b1a02fe8b74,0,0,0,0,0,0,0,0,0,0,0,0,0,0,93,93,0,0,0,0,0,0,0,0,0,0,100
8d7b65aba63fe1967ba6022ed5254638d940f822,0,0,0,0,0,0,0,0,0,0,0,0,0,0,94,94,0,0,0,0,0,0,0,0,0,0,100
99556385855dba6f3f4bfd5c236bf80aa333ff47,0,0,0,0,0,0,0,0,0,0,0,0,0,0,95,95,0,0,0,0,0,0,0,0,0,0,100
8dbb1c640d95948cd33c52a24ae4a613e6792dc1,0,0,0,0,0,0,0,0,0,0,0,0,0,0,96,96,0,0,0,0,0,0,0,0,0,0,100
512de7c365a96e7102f40674d74498f9b07a7982,1,1,1,0,0,0,0,4,16,0,1,1,0,117,97,97,11,11,0,549,549,0,2,2,0,0,100
f01496d46b956f619eba34f0cc014c495ff29658,0,0,0,0,0,0,0,0,0,0,0,0,0,0,98,98,0,0,0,0,0,0,0,0,0,0,100
fe331b8d7fa66189f833315f1f861f328ad0e9f9,0,0,0,0,0,0,0,0,0,0,0,0,0,0,99,99,0,0,0,0,0,0,0,0,0,0,100
732b156010f772db4eb6402cf7b3c0b464e81226,0,0,0,0,0,0,0,0,0,0,0,0,0,0,0,0,0,0,0,0,0,0,0,0,0,0,100
a5a149f1768815cb57c9d7f7ddb2da31d14b63b5,1,1,1,0,0,0,0,4,17,0,1,1,0,117,100,100,11,11,0,549,549,0,2,2,0,0,100
1029d53cc1d544226ad0a8732dc5486f24c4a639,0,0,0,0,0,0,0,0,0,0,0,0,0,0,101,101,0,0,0,0,0,0,0,0,0,0,100
96d1f1737b84a534d288c0dc6769fb99939a0244,0,0,0,0,0,0,0,0,0,0,0,0,0,0,102,102,0,0,0,0,0,0,0,0,0,0,100
ac931c7c67a6a7fc4edc1972b3a854c96c7b127b,0,0,0,0,0,0,0,0,0,0,0,0,0,0,0,0,0,0,0,0,0,0,0,0,0,0,100
5a3cf06ff303fdcf6f4955df3b623b3d0765c1ea,0,0,0,0,0,0,0,0,0,0,0,0,0,0,1,0,0,0,0,0,0,0,0,0,0,0,100
d9c00d433395020d2efe3dfb2eb66d22aed2c021,1,1,1,0,0,0,0,4,18,0,1,1,0,117,103,103,11,11,0,549,549,0,2,2,0,0,100
b8401dbfc546f0bd901e93f1f65b2b6a5b0311fe,0,0,0,0,0,0,0,0,0,0,0,0,0,0,104,104,0,0,0,0,0,0,0,0,0,0,100
418c6c9fa6064fc69c98f78296dff22b2105b8cf,0,0,0,0,0,0,0,0,0,0,0,0,0,0,105,105,0,0,0,0,0,0,0,0,0,0,100
0c6bf1318e551e495dc8ae5c3b39fa9132e49264,0,0,0,0,0,0,0,0,0,0,0,0,0,0,106,106,0,0,0,0,0,0,0,0,0,0,100
e9f0fe46317b32c92bca65fa6e590c7e80855f35,0,0,0,0,0,0,0,0,0,0,0,0,0,0,107,107,0,0,0,0,0,0,0,0,0,0,100
1628179d7454203a51ca711fed1e5a28f128abf1,0,0,0,0,0,0,0,0,0,0,0,0,0,0,0,0,0,0,0,0,0,0,0,0,0,0,100
96dbf77faca131e2f565745b97a9d59d1b1caad8,0,0,0,0,0,0,0,0,0,0,0,0,0,0,108,108,0,0,0,0,0,0,0,0,0,0,100
ccaa9e670fd7874aba813a0e30cf69a76bb33bf2,0,0,0,0,0,0,0,0,0,0,0,0,0,0,1,0,0,0,0,0,0,0,0,0,0,0,100
4108f82cb570e0c0ac73cb20bfa947615a71d64c,0,0,0,0,0,0,0,0,0,0,0,0,0,0,109,109,0,0,0,0,0,0,0,0,0,0,100
6fe97c4149d0bcc9299f8943622dc1e6057b15b2,0,0,0,0,0,0,0,0,0,0,0,0,0,0,110,110,0,0,0,0,0,0,0,0,0,0,100
38317c822ad2bc368bab2ba1e0a4b61fd08bc9b0,0,0,0,0,0,0,0,0,0,0,0,0,0,0,111,111,0,0,0,0,0,0,0,0,0,0,100
0399af0824651fd550d654035826cd2cde7284b4,1,1,1,0,0,0,0,4,19,0,1,1,0,117,112,112,11,11,0,549,549,0,2,2,0,0,100
801223a9b68fe4de471c96dbc400407d17abeaf2,0,0,0,0,0,0,0,0,0,0,0,0,0,0,113,113,0,0,0,0,0,0,0,0,0,0,100
26d3ce0b07811bbaea630821372c1f882a54b5c6,0,0,0,0,0,0,0,0,0,0,0,0,0,0,114,114,0,0,0,0,0,0,0,0,0,0,100
d61c58e9e830ac1cdc011ff5cb085dece674bf27,0,0,0,0,0,0,0,0,0,0,0,0,0,0,115,115,0,0,0,0,0,0,0,0,0,0,100
f0827a07712d8a2ebcd2033c012ebe374b19f3a7,1,1,1,0,0,0,0,4,20,0,1,1,0,117,116,116,11,11,0,549,549,0,2,2,0,0,100
d4f84764094cad78ff9ba0e1f9fd00b2880e75fc,0,0,0,0,0,0,0,0,0,0,0,0,0,0,117,117,0,0,0,0,0,0,0,0,0,0,100
0b1c63e328b6ed9a6c8417efdaf3a38129dd2644,1,1,1,0,0,0,0,6,16,0,1,1,0,130,118,118,15,15,0,733,733,0,8,8,0,0,100
174bc24608de73a26fc7931b2131b705770322c8,1,1,1,0,0,0,0,4,21,0,1,1,0,117,119,119,11,11,0,549,549,0,2,2,0,0,100
bb19cf923d68eb85d473b1d68b2194c24b8b1c65,0,0,0,0,0,0,0,0,0,0,0,0,0,0,120,120,0,0,0,0,0,0,0,0,0,0,100
fa18ae000045fc129b0b1f5eaeab2043984b5c31,0,0,0,0,0,0,0,0,0,0,0,0,0,0,121,121,0,0,0,0,0,0,0,0,0,0,100
1fcc45afe3c00fcf6ec7101ebbca7d9868001557,0,0,0,0,0,0,0,0,0,0,0,0,0,0,122,122,0,0,0,0,0,0,0,0,0,0,100
bdb5b52ca4ca94f3dcae7c6a8f322c13d3b81e76,0,0,0,0,0,0,0,0,0,0,0,0,0,0,123,123,0,0,0,0,0,0,0,0,0,0,100
3aa7e9693bcc919c06183cccbb84cddd82151d00,0,0,0,0,0,0,0,0,0,0,0,0,0,0,124,124,0,0,0,0,0,0,0,0,0,0,100
82720d64ac8930626e3eec7c7235398d34bb8adc,0,0,0,0,0,0,0,0,0,0,0,0,0,0,0,0,0,0,0,0,0,0,0,0,0,0,100
05352442eb93be2bb460abe229e626fc0a72bbbe,0,0,0,0,0,0,0,0,0,0,0,0,0,0,0,0,0,0,0,0,0,0,0,0,0,0,100
49da8bad24988608c237116eacb5bb8060655a75,0,0,0,0,0,0,0,0,0,0,0,0,0,0,0,0,0,0,0,0,0,0,0,0,0,0,100
f02a81cbccce39e4da6c0351e55b8d5cc0e8b0c5,1,1,1,0,0,0,0,6,17,0,1,1,0,130,125,125,15,15,0,733,733,0,8,8,0,0,100
a66affb12b00355974893e26638ce4ce296bd44a,1,1,1,0,0,0,0,4,22,0,1,1,0,117,126,126,11,11,0,549,549,0,2,2,0,0,100
9b7027e09b250f347b736eb0e10f8dbf6e03e7c4,0,0,0,0,0,0,0,0,0,0,0,0,0,0,127,127,0,0,0,0,0,0,0,0,0,0,100
edd0bfc7fe8d2d068a74d91f2187512a43667525,0,0,0,0,0,0,0,0,0,0,0,0,0,0,128,128,0,0,0,0,0,0,0,0,0,0,100
84b3baebea262c60f18ca695bdd7b77988365bfc,26,476,435,41,0,1,1,3,23,0,1,4,4.578477049,2743,63,0,318,329,11,12584,13133,549,182,184,2,1,99.95936611
e613b06eb75f600237249708024b8401e991640a,26,1410,2085,675,1,10,11,3,19,0,1,4,4.182590614,2784,64,1,177,318,141,8723,12584,3861,98,182,84,1,99.69443879
f813d54ae93af7e2376657b815996a5ce0b2b67e,13,333,587,254,0,2,2,3,20,0,1,2,3.481496872,1821,65,2,118,149,31,6870,7759,889,70,80,10,1,99.8978132
59183ace186cd60f9285f7f3ff431d1e515fab1f,0,0,0,0,0,0,0,0,0,0,0,0,0,0,66,3,0,0,0,0,0,0,0,0,0,1,100
ba3234e7ae3881c048551e7fa7b6ce398e13bb14,2,1,1,0,0,0,0,7,8,245,1,2,0,185,67,4,12,12,0,764,764,0,3,3,0,1,99.91816694
2df61010c166513e40340510071ee6befb377cc3,1,1,1,0,0,0,0,4,4,442,1,1,0,1455,0,0,230,229,1,6108,6104,4,44,44,0,1,100
7b3b585df3c339bf2dcc85b9274b2b1b6b8c19fd,3,167,108,59,1,0,1,1,16,364,1,1,1.091150095,1116,37,3,59,58,1,6325,6040,285,53,51,2,1,99.89777142
de0d576b63925974e0974901e96b54b383d1b082,1,2,2,0,0,0,0,14,40,442,1,1,0,516,38,4,77,75,2,2187,2179,8,24,24,0,1,100
14449e426aee2763d6435b63ef632b7c0b9ed767,0,0,0,0,0,0,0,0,0,0,0,0,0,0,39,5,0,0,0,0,0,0,0,0,0,1,100
6fba7aa3c4d31d088df3ef682f7307b7c9a2f17c,1,3,3,0,0,0,0,8,14,0,1,1,0,192,0,0,21,21,0,817,817,0,10,10,0,0,100
5db4951ffb0216cc82d09b3b8dff2f4721ee40a2,1,1,19,18,0,0,0,8,21,0,1,1,0,123,1,1,8,10,2,424,494,70,5,5,0,0,100
3848a47385dd2af663570dfc3c6b9d0ad1b17cd2,0,0,0,0,0,0,0,0,0,0,0,0,0,0,78,2,0,0,0,0,0,0,0,0,0,1,100
6cf17fd8fa0dba2bc59ee2d1fe59071c9c99b6f9,0,0,0,0,0,0,0,0,0,0,0,0,0,0,68,5,0,0,0,0,0,0,0,0,0,1,100
466ac17cca80d9af23957eba7c3777f2dad7e85c,0,0,0,0,0,0,0,0,0,0,0,0,0,0,128,1,0,0,0,0,0,0,0,0,0,0,100
ff9ac46211349469766b7b6431983431628c5075,0,0,0,0,0,0,0,0,0,0,0,0,0,0,19,0,0,0,0,0,0,0,0,0,0,0,100
bc9e7eb687be7cec8916d03a43ebe07b79cc7562,2,50,5,45,0,0,0,2,147,3574,1,2,0.988283611,2023,20,1,319,317,2,7751,7476,275,179,178,1,1,99.97956682
1c12bf655d17151ae5562662bb7cd0f004341fcb,1,1,1,0,0,0,0,2,2,10765,1,1,0,42,40,6,2,2,0,59,57,2,2,2,0,1,100
872f9416d601a8bd918f35315fa56084a29731dc,10,16,16,0,0,0,0,7,14,1417,5,6,3.25,1666,41,7,183,183,0,7590,7606,16,62,62,0,0,100
1cf99bc80b4f6ce5faec76ffa0a18ccae27b1b8a,1,1,1,0,0,0,0,8,17,0,1,1,0,618,79,3,34,34,0,3529,3529,0,29,29,0,1,100
95660b590416cb80f6a21856d3507e2a0e6684dd,0,0,0,0,0,0,0,0,0,0,0,0,0,0,0,0,0,0,0,0,0,0,0,0,0,0,100
c4ad91e6b94994b3f632fb35c9e8567bbb8334e8,0,0,0,0,0,0,0,0,0,0,0,0,0,0,0,0,0,0,0,0,0,0,0,0,0,0,100
958380685d360d793cc95c5087bad93be1623a8e,1,5,31,26,0,0,0,9,25,0,1,1,0,204,69,6,15,19,4,897,1071,174,4,4,0,1,100
628a5756d3a160d6c9240e46278d3c4d75a751be,4,69,13,56,0,0,0,5,14,1003,1,4,1.65002542,799,70,7,66,64,2,4317,3946,371,31,30,1,1,99.83640082
d35573e06cab6f246cc2dd92676df6795172a299,17,918,22,896,8,0,8,12,358,779,2,6,3.563777605,5234,71,8,604,546,58,25048,21565,3483,245,203,42,1,99.63287783
101caea3c36aa49f05c4546cfe2a852f5530523a,1,1,1,0,0,0,0,6,10,0,1,1,0,226,72,9,25,25,0,1060,1056,4,6,6,0,1,100
09254623117c44344684e4dfafa3cdf3ea40d7c2,1,1,8,7,0,0,0,3,3,0,1,1,0,80,73,10,7,8,1,209,239,30,4,4,0,1,100
7b939937f51e43d0fced139641b30c6874dba2b8,2,69,125,56,0,0,0,2,11,0,1,2,0.314207594,812,74,11,71,86,15,4165,4208,43,27,26,1,1,100
b373bb06e8c539622569b41dedc3402441b56846,0,0,0,0,0,0,0,0,0,0,0,0,0,0,88,19,0,0,0,0,0,0,0,0,0,1,100
881274914a80946f8af6e435eff064d3c89974fa,5,134,63,71,0,0,0,5,74,919,1,3,1.537793232,1084,89,20,64,60,4,6369,5865,504,50,44,6,1,100
bdec668de9c600165bb69c95b6ea0625d9f74fb0,56,4764,155,4609,39,0,39,1,129,521,3,19,5.419511425,7936,90,21,1234,867,367,51161,36547,14614,596,353,243,1,98.20859873
a945ca4ed314714fdc2be4616bcf34eaf6d3c1f5,1,7,4,3,0,0,0,9,17,2,1,1,0,151,91,22,12,11,1,509,498,11,6,6,0,1,100
76427d2320b5758f1a97fe81c61cdc6c5fff95b9,8,224,76,148,1,0,1,1,2,7,1,3,2.75075479,1114,92,23,138,124,14,4192,3669,523,78,69,9,1,99.76649154
65ec04c2363b16d08b760fe7e494b56b347bffee,1,37,1,36,0,0,0,1,2,455,1,1,0,59,93,24,11,4,7,258,110,148,6,4,2,1,100
c9d1788f76ae10f65886e1e4c3fda0a493e29c5e,0,0,0,0,0,0,0,0,0,0,0,0,0,0,4,1,0,0,0,0,0,0,0,0,0,1,100
3b442badfc0a55ba577a699c27198cddde8da0f7,0,0,0,0,0,0,0,0,0,0,0,0,0,0,4,2,0,0,0,0,0,0,0,0,0,1,100
2e66809e0efcf84c551664efff82113b66591a74,3,35,8,27,0,0,0,26,116,36,2,2,1.154522162,2242,94,18,266,266,0,11393,11304,89,86,86,0,1,100
117cfde44e34a45f2b38929aa164e61650681aeb,11,104,67,37,0,0,0,26,201,119,3,5,3.010274081,6385,5,1,716,709,7,27650,27438,212,275,273,2,1,99.96119519
51c0399030dcb0b88080a7f9e50c3d09c6913dda,1,29,2,27,0,0,0,16,28,533,1,1,0,795,11,0,140,136,4,2735,2625,110,46,45,1,1,100
4f193b3fc26c2ccf2a1b7a34917faccedac1ea0e,2,25,2,23,0,0,0,8,29,655,1,2,0.99107606,1147,12,1,164,161,3,4260,4200,60,62,61,1,1,100
5739b12aa9fc03bdd9eb6482b7a75f98a3c1ba6e,1,22,14,8,0,0,0,40,202,27,1,1,0,1764,5,0,221,222,1,8314,8271,43,39,39,0,0,100
608744443012842b80a60fb257e291df922371ca,0,0,0,0,0,0,0,0,0,0,0,0,0,0,0,0,0,0,0,0,0,0,0,0,0,1,100
4927b1d02ecfc024deade985e1ffa8063db07e01,0,0,0,0,0,0,0,0,0,0,0,0,0,0,50,0,0,0,0,0,0,0,0,0,0,0,100
f2116001b9cc4c3f1a0f389260422f015b1d84c6,3,35,8,27,0,0,0,26,116,36,2,2,1.154522162,2242,95,0,266,266,0,11393,11304,89,86,86,0,0,100
4de92e4ed150cf835c997c784f61ae8cec8309f2,3,8,35,27,0,0,0,26,115,265,2,2,1.154522162,2269,131,0,266,266,0,11304,11393,89,86,86,0,0,100
9864cdbadc68118f55b5029636fc705291c5298a,0,0,0,0,0,0,0,0,0,0,0,0,0,0,132,1,0,0,0,0,0,0,0,0,0,0,100
9120d86573bd6fe3a3548d87331087fe610d90b8,1,2,2,0,0,0,0,3,4,6373,1,1,0,38,84,0,1,1,0,87,87,0,1,1,0,1,100
001310a76b82fcc968cfc11d788af7f6c9539ba5,0,0,0,0,0,0,0,0,0,0,0,0,0,0,133,2,0,0,0,0,0,0,0,0,0,0,100
fe26a18663e3219aec52727e19e8f77c03a48ac9,0,0,0,0,0,0,0,0,0,0,0,0,0,0,0,0,0,0,0,0,0,0,0,0,0,0,100
dd54c1e952817dfba30bc7819fe855be91fd62ca,0,0,0,0,0,0,0,0,0,0,0,0,0,0,330,0,0,0,0,0,0,0,0,0,0,0,100
e26f2f08d150e1981188a245f0e90ab005371356,0,0,0,0,0,0,0,0,0,0,0,0,0,0,331,1,0,0,0,0,0,0,0,0,0,0,100
2a23d7bf16612ff1868941669bde3a7d323a93e2,2,2,2,0,0,0,0,6,20,428,2,2,1,574,0,0,52,52,0,3011,3017,6,18,18,0,1,100
8b7f6f0c9d15be7b90c4e40bfdd296ce4be01f57,0,0,0,0,0,0,0,0,0,0,0,0,0,0,0,0,0,0,0,0,0,0,0,0,0,1,100
5fbe40a336382c345842b2c5a7412cce4164f7cd,0,0,0,0,0,0,0,0,0,0,0,0,0,0,51,0,0,0,0,0,0,0,0,0,0,0,100
ac80f5c2b93743c36e2b24ca91a47a0f13de981f,3,403,270,133,0,0,0,13,203,216,2,3,0.495942027,3461,6,0,429,416,13,15213,14200,1013,191,170,21,0,100
2c3949cf1ab81bdf443682ad488bb6242864f4e3,0,0,0,0,0,0,0,0,0,0,0,0,0,0,7,1,0,0,0,0,0,0,0,0,0,0,100
0e3c7a433fc4f700cc2ae6d2c11ae39ec93cbadb,0,0,0,0,0,0,0,0,0,0,0,0,0,0,6,0,0,0,0,0,0,0,0,0,0,1,100
df67c00fba25a52e39fa43021b52de8a25b6e999,2,48,8,40,0,0,0,13,204,28,1,2,0.924133542,2292,8,2,255,252,3,11410,11138,272,75,74,1,1,100
39641ac803e17360df40288aaeb40ea0c5ccd77d,1,14,0,14,0,0,0,9,18,307,1,1,0,333,0,0,26,24,2,2119,2044,75,14,13,1,1,100
d5a5bc553a131f1ecca5503dde359dedcec4c506,0,0,0,0,0,0,0,0,0,0,0,0,0,0,0,0,0,0,0,0,0,0,0,0,0,1,100
ecfff2626c719b916e37a685d5154cf2fa52b0ba,0,0,0,0,0,0,0,0,0,0,0,0,0,0,1,1,0,0,0,0,0,0,0,0,0,1,100
c61e63032f71c32c4060c8a94ce792bf47824e3c,3,5,99,94,0,1,1,9,44,2512,1,2,0.785389001,706,52,0,55,65,10,3035,3454,419,11,13,2,1,99.96121024
7c7de41562a8d83635e8fa21c3a3340298b508a1,0,0,0,0,0,0,0,0,0,0,0,0,0,0,85,0,0,0,0,0,0,0,0,0,0,1,100
789d75fc68365e0a1281a3532a07e2e744a76b30,3,35,8,27,0,0,0,26,116,37,2,2,1.154522162,2256,96,0,268,268,0,11468,11379,89,87,87,0,0,100
8393b9e0d91a6a21241537aabaa3dd429f141a2c,3,8,35,27,0,0,0,26,115,203,2,2,1.154522162,2283,86,1,268,268,0,11379,11468,89,87,87,0,1,100
a5b292ddf8042b75d5707024dbe69c53bb2bfd5b,10,738,164,574,6,0,6,3,33,481,1,5,2.776688524,1218,9,0,141,109,32,8727,6310,2417,70,54,16,1,94.04024768
87670ddc08cc2512e70b063b686ae1be03f72728,5,26,8,18,0,0,0,4,15,5340,1,3,2.24694733,735,87,2,43,43,0,1243,1229,14,41,41,0,1,100
42af8ba5a21dc085d065cfa0b4c5557fb40ad7ac,1,7,1,6,0,0,0,10,13,2,1,1,0,463,7,0,58,57,1,2399,2383,16,16,16,0,1,100
8913502589acbbd51f5403666c239633c5e06f2d,3,35,8,27,0,0,0,26,116,37,2,2,1.154522162,2256,97,1,268,268,0,11468,11379,89,87,87,0,0,100
afd17a3979fb71b33833a629bf287cbaff927f4d,4,11,35,24,0,0,0,26,115,155,2,3,1.427044152,2644,8,1,285,285,0,13591,13661,70,103,103,0,1,100
6034102535bdecaec6eada157bb603909d96ed55,0,0,0,0,0,0,0,0,0,0,0,0,0,0,9,2,0,0,0,0,0,0,0,0,0,1,100
d98844cfdfe7abfcaa1177636066dc29fd56ddd3,0,0,0,0,0,0,0,0,0,0,0,0,0,0,10,3,0,0,0,0,0,0,0,0,0,1,100
3a51a3ac5c20403fc0d07eae53ea0a7291865250,0,0,0,0,0,0,0,0,0,0,0,0,0,0,0,0,0,0,0,0,0,0,0,0,0,1,100
449e6dc9db8152b1c67728a0fb8b16dc04e8976f,1,1,1,0,0,0,0,12,64,511,1,1,0,1892,53,0,153,153,0,12070,12070,0,135,135,0,1,100
24697184cc3a0c4aac7c46498038ecaa9a2d8025,3,35,8,27,0,0,0,26,116,37,2,2,1.154522162,2256,98,2,268,268,0,11468,11379,89,87,87,0,0,100
e7eef9d34f15a5da5c36f51fea11dc645875d143,23,482,189,293,2,0,2,1,21,320,3,8,3.484616217,3193,99,3,266,253,13,12504,11347,1157,180,162,18,1,99.8843262
ba7a0376b17875bd3733d291a10beee9b039bfb3,6,30,31,1,0,0,0,3,5,38,1,2,2.535085392,824,10,0,45,45,0,4103,4130,27,27,27,0,0,98.59922179
a89a3d315d335a2ca670b3d0ec7eab41c5354ea3,1,5,7,2,0,0,0,1,4,27,1,1,0,240,100,2,16,16,0,943,954,11,8,8,0,1,100
7a4b77b582913aad0ee941df8e86a5b83bc3eec8,0,0,0,0,0,0,0,0,0,0,0,0,0,0,88,0,0,0,0,0,0,0,0,0,0,1,100
230773a35d3b074241218e438acc1973a1586a3f,0,0,0,0,0,0,0,0,0,0,0,0,0,0,89,1,0,0,0,0,0,0,0,0,0,1,100
6d75136fa5779c6faa0e667201f726d0f3e4ec14,0,0,0,0,0,0,0,0,0,0,0,0,0,0,90,2,0,0,0,0,0,0,0,0,0,1,100
658b7a9362ef4cb70385f20c1a0c64af7f55e73a,0,0,0,0,0,0,0,0,0,0,0,0,0,0,91,3,0,0,0,0,0,0,0,0,0,1,100
033a7a2b71b2625481df74f981830f99353e6dd9,0,0,0,0,0,0,0,0,0,0,0,0,0,0,92,4,0,0,0,0,0,0,0,0,0,1,100
7b04f82f8728c8e1b20ee59481a733d85c990ee2,0,0,0,0,0,0,0,0,0,0,0,0,0,0,93,5,0,0,0,0,0,0,0,0,0,1,100
7251b8dda876a35a1f0f6f4936fccc15353e3fb7,0,0,0,0,0,0,0,0,0,0,0,0,0,0,94,6,0,0,0,0,0,0,0,0,0,1,100
207237223af3bafaf58cb9f57fb205bd306d2470,0,0,0,0,0,0,0,0,0,0,0,0,0,0,95,7,0,0,0,0,0,0,0,0,0,1,100
72688805c4f95f8ab4ca9ab2ac2cd114667790c9,14,60,35,25,0,0,0,3,18,3655,3,6,3.375037436,2029,96,8,200,200,0,9194,9005,189,100,100,0,1,100
827224c7c8ca60b5b438c7648c55243b631827f4,1,2,0,2,0,0,0,24,359,438,1,1,0,587,97,9,53,53,0,2357,2342,15,14,14,0,1,100
3736be9c15122d65e6ef675557eb0f882f82b012,0,0,0,0,0,0,0,0,0,0,0,0,0,0,101,0,0,0,0,0,0,0,0,0,0,0,100
b24c34bb23111aaef1f260c9c7a8ade6723a1a4a,36,40,40,0,0,0,0,2,117,309,3,10,5.121928095,5763,98,0,543,543,0,19498,19498,0,265,265,0,1,100
b6cf7109523e77c0a9c9a0cbf3f9759de8973e6d,0,0,0,0,0,0,0,0,0,0,0,0,0,0,99,1,0,0,0,0,0,0,0,0,0,1,100
d8ad76b9cb3c9cce082528c72880dbded2c22774,41,104,53,51,0,0,0,1,116,545,6,15,4.59792187,7750,0,0,788,782,6,28868,28484,384,375,373,2,1,100
06c32178993e7e6ecee487831873a5e568b4643a,36,40,40,0,0,0,0,2,117,309,3,10,5.121928095,5763,102,1,543,543,0,19498,19498,0,265,265,0,1,100
26f1e817449a97af5cea35183494df45c05a03fd,0,0,0,0,0,0,0,0,0,0,0,0,0,0,103,2,0,0,0,0,0,0,0,0,0,0,100
2bdc0c5424dd4210c9654366c171db2d5ebea3a1,1,0,3,3,0,0,0,9,22,5,1,1,0,402,104,3,33,33,0,1972,1996,24,25,25,0,0,100
251ba225c67c9fbf80d4c5e09deba7f2105f9015,5,13,61,48,0,0,0,3,23,4,4,5,2.035504841,2035,54,0,239,245,6,8986,9346,360,108,110,2,1,100
95ee8908370744153531aa2e80a9bce93dc5d9bc,5,61,13,48,0,0,0,3,24,0,4,5,2.035504841,1987,1,1,245,239,6,9346,8986,360,110,108,2,1,100
be8ced6be3e9758a2373a8b62647329a2110151f,2,156,3,153,1,0,1,1,118,21,1,2,0.386018901,1710,6,0,238,227,11,8939,8461,478,75,66,9,1,99.86250246
d8c2cc7e4ae8e1c82be49aa264f0a0ae026b1f5a,4,64,31,33,0,0,0,6,75,1485,1,3,0.690231356,1469,11,0,104,101,3,7983,7798,185,51,49,2,1,100
2ef0e5bacc04dd5b77a1bd2d6fc086fbc4bdf3b8,0,0,0,0,0,0,0,0,0,0,0,0,0,0,12,1,0,0,0,0,0,0,0,0,0,0,100
2609cdcbc08a053bf508a657201c2dba657bced7,0,0,0,0,0,0,0,0,0,0,0,0,0,0,2,0,0,0,0,0,0,0,0,0,0,1,100
9f88494b6064ad45ea2e2e1e3478afc7af0bc065,29,923,598,325,2,0,2,1,130,1179,3,8,3.320503466,7436,105,0,706,689,17,29286,28280,1006,361,350,11,1,99.72645565
7e21a521c7654db9caa8f105eb25bbc397782bef,1,17,6,11,0,0,0,12,28,758,1,1,0,343,11,0,55,54,1,1677,1610,67,14,13,1,1,100
d2adab7bf3c2591c38adde729d11923d4c95052c,1,1,1,0,0,0,0,13,65,172,1,1,0,1892,26,0,153,153,0,12070,12070,0,135,135,0,1,100
72a125ef041ff28026906b7a4473fc4354bd8a37,1,0,8,8,0,0,0,8,14,4221,1,1,0,118,100,0,10,10,0,304,323,19,6,6,0,1,100
7f63daccc7c6762febcb0c8f9fc0cff7419915af,1,0,22,22,0,0,0,18,385,797,1,1,0,180,101,1,7,9,2,604,701,97,6,8,2,1,99.74811083
8c9c303f9c20396b2d2810a872b16245f9eabfcb,4,3,27,24,0,0,0,7,120,395,3,4,1.877468288,2878,102,2,324,326,2,13557,13706,149,112,114,2,1,100
673a7d1fef55795ea47a147f158a1411475e7495,140,722,722,0,0,0,0,2,148,1859,12,61,6.022206934,30574,103,3,3455,3455,0,125344,125344,0,1546,1546,0,0,100
8eda091d4e2231eee3c33b4e9d417d62971d0762,10,216,216,0,0,0,0,2,17,4079,4,8,2.222001695,1246,104,4,60,60,0,4940,4940,0,51,51,0,0,100
5c5983476a0431a6bdbbdc30ae1ed9f7697633eb,0,0,0,0,0,0,0,0,0,0,0,0,0,0,105,5,0,0,0,0,0,0,0,0,0,0,100
c79682bca9ec00c82cf23c480862a4047f1deeee,1,3,3,0,0,0,0,6,9,6,1,1,0,170,106,6,20,20,0,627,627,0,10,10,0,1,100
2caed6218a5ec0a0b7fce2975743331e5ec76c89,1,52,31,21,0,0,0,12,29,14,1,1,0,354,12,1,58,55,3,1759,1677,82,15,14,1,1,100
31ad2ff43aac205ce64ea454d6c8d2a9823a54a2,16,131,111,20,0,0,0,4,205,2561,4,12,3.182049374,5773,107,7,702,702,0,24338,23864,474,305,305,0,0,100
3709e2ea2c39b62fcc0f2fa20f21a4b928373d84,0,0,0,0,0,0,0,0,0,0,0,0,0,0,0,0,0,0,0,0,0,0,0,0,0,0,100
538de4d1924ef982df12d32da394e375561a6e19,2,0,21,21,0,0,0,40,206,0,1,1,0.863120569,2041,98,0,236,237,1,10278,10450,172,60,61,1,1,100
94612f96fa3b96ccc69072dc7b141fd0a987262f,2,30,2,28,0,0,0,2,9,28,2,2,0.896038233,286,106,1,28,24,4,1404,1267,137,11,10,1,1,100
6e82d871e55bf0b452806d9ff55e8f49efcafccb,0,0,0,0,0,0,0,0,0,0,0,0,0,0,108,8,0,0,0,0,0,0,0,0,0,1,100
a2d29b221dada5a8a0bf88949f039a33cc11b60d,0,0,0,0,0,0,0,0,0,0,0,0,0,0,109,9,0,0,0,0,0,0,0,0,0,1,100
22016982341262193d802ef51b2c236bac98464a,7,18,18,0,0,0,0,9,207,441,2,6,2.281036113,5365,110,10,713,713,0,23516,23522,6,281,281,0,0,100
a6d5e8615527bf99f1fcd2c463903762625dd19e,4,20,20,0,0,0,0,5,8,1970,2,4,1.903701696,588,111,11,46,46,0,2451,2447,4,12,12,0,0,100
e1e2c65b6e8de2736ab19692bd8b9c123e391f9e,4,3,8,5,0,0,0,2,6,36,1,2,1.823067982,577,112,12,57,57,0,1820,1820,0,40,40,0,0,100
a0c1bf3c04c5265d5e71d588b7629cad0c19a65d,1,2,1,1,0,0,0,2,6,1,1,1,0,78,113,13,5,5,0,185,185,0,3,3,0,0,100
b877445cb987921d684d130ba16a35cd20807ea8,16,180,188,8,0,0,0,13,81,1678,2,9,3.891276621,5227,54,0,340,345,5,27170,27194,24,288,293,5,1,99.59318094
0e34b35947d0063dff9e579618e0ea3e38315f6f,28,250,155,95,0,0,0,5,25,5357,1,13,4.670244543,3501,55,1,208,210,2,15806,15407,399,161,163,2,1,98.14628249
b7510d627f588d3ae95bdd4aeceab0d3e67c682d,0,0,0,0,0,0,0,0,0,0,0,0,0,0,56,2,0,0,0,0,0,0,0,0,0,1,100
9166805a068ff176c237e9f340234f5132d6b4dd,1,1,1,0,0,0,0,16,30,519,1,1,0,830,13,0,142,142,0,2752,2752,0,46,46,0,1,100
eb43b9be114e9fc2ccaa21d25fac8110fdf75331,1,2,1,1,0,0,0,16,31,0,1,1,0,830,14,1,142,142,0,2752,2752,0,46,46,0,0,100
83dc6909aa457c829b1e003b4cf1861f6b971646,1,0,37,37,0,0,0,20,131,60,1,1,0,1089,13,0,110,116,6,5382,5560,178,21,22,1,1,100
bb916d0784c7631866167928e4d0615df3317567,214,3561,2512,1049,6,0,6,3,82,2954,16,66,6.524148887,30675,7,0,1651,1709,58,152501,144966,7535,1451,1466,15,1,97.08542714
ceb08cfa77cb552b8315b8ee60846d0584db9488,8,40,17,23,0,0,0,3,150,2983,4,5,2.923551524,3262,114,0,476,470,6,11462,11360,102,234,234,0,0,100
8df10f93be44d731ee0384cb21476e562e5f2300,1,2,1,1,0,0,0,11,31,2,1,1,0,345,115,1,57,56,1,1291,1275,16,8,8,0,0,100
8defd169651db30fe0ac3ad3f318e471f0241d02,10,464,112,352,2,0,2,15,360,220,3,7,2.580439839,7011,13,0,793,764,29,31728,30530,1198,338,319,19,1,99.88401315
1e575a2bd7c1c88e97ecbc737db05242574f11d6,0,0,0,0,0,0,0,0,0,0,0,0,0,0,0,0,0,0,0,0,0,0,0,0,0,1,100
eae3074c63dbba24680d7049dc36217323c7d00b,0,0,0,0,0,0,0,0,0,0,0,0,0,0,116,2,0,0,0,0,0,0,0,0,0,1,100
ab20190a1a9fecdc8f85b40e8d03d806f3da4fc6,0,0,0,0,0,0,0,0,0,0,0,0,0,0,57,0,0,0,0,0,0,0,0,0,0,0,100
48fc10889ef89d12ebe2258029937010d81aebb7,47,260,588,328,0,4,4,3,83,137,5,26,4.645031608,10879,8,0,648,668,20,56031,56889,858,536,548,12,1,98.01999231
f820b41aed604da0405dca2337044f60540d0b49,5,60,197,137,0,0,0,3,4,415,1,2,1.887079825,654,9,1,35,51,16,2200,2930,730,25,33,8,1,99.90448902
619973b91cff5af7b5695bda11761a982a159349,10,601,706,105,1,1,2,3,209,412,4,6,2.0571532,6017,10,2,676,696,20,27707,28142,435,230,225,5,1,99.86648865
84a1ff2d5cb7bf49fa3171dd92f7ac088e837185,1,52,73,21,0,0,0,12,25,5,1,1,0,360,107,0,17,27,10,1481,1557,76,17,19,2,1,100
441cf73c062ef2d800fcbc6cc35200a7255a8cac,0,0,0,0,0,0,0,0,0,0,0,0,0,0,332,0,0,0,0,0,0,0,0,0,0,0,100
9b5b8d40821e9a89468af3f534e09e930fa0fbc5,1,32,17,15,0,0,0,25,361,55,1,1,0,677,333,1,60,58,2,2910,2875,35,18,16,2,0,100
a515fbe04e8d41a28e926d0dc25998ea0f50c785,0,0,0,0,0,0,0,0,0,0,0,0,0,0,334,2,0,0,0,0,0,0,0,0,0,1,100
8ceb6c6e99a3268d6091357f116d3acc2ba17b5a,3,34,27,7,0,0,0,12,133,20,1,2,0.666974074,1551,108,1,138,137,1,7553,7500,53,47,47,0,1,100
d740200811830e1cb794af787ad243cce6957a23,2,91,43,48,0,0,0,15,99,72,1,2,0.569190344,2268,335,3,293,284,9,11968,11731,237,117,115,2,1,100
b23116d6268b50e3aafff3fcd39dcbf300ecbdd4,1,4,1,3,0,0,0,3,3,6241,1,1,0,142,27,0,17,17,0,545,517,28,3,3,0,1,100
a242c1a9127a643b432cbcc926155c7a1589f2f6,1,16,5,11,0,0,0,13,14,996,1,1,0,198,3,0,15,15,0,919,869,50,4,4,0,1,100
c3dba0e5ba71ee7cbd62620f669a8c206e71b5e2,0,0,0,0,0,0,0,0,0,0,0,0,0,0,28,1,0,0,0,0,0,0,0,0,0,1,100
0e75baae25f866b3776051aa95343f1e5e0e1423,2,16,7,9,0,0,0,11,19,1816,2,2,0.998635964,1085,336,4,171,171,0,4780,4780,0,50,50,0,0,100
9643ac630cf4e9378cf3a7989ce84ca7fe802819,1,1,1,0,0,0,0,26,362,47,1,1,0,692,14,0,60,60,0,2910,2910,0,18,18,0,1,100
ad24f599cecf2cbaa94c0339d9256946f846b173,2,11,10,1,0,0,0,1,119,102,1,1,0.791858353,698,14,0,23,23,0,1709,1692,17,16,16,0,1,100
aa90370ff448c68e49ba54bac172f5f7c783292e,1,9,5,4,0,0,0,26,122,78,1,1,0,1650,109,0,204,204,0,8018,7974,44,58,58,0,1,100
9e19b57c720d226b0b30992535819f700a665d14,2,67,8,59,0,0,0,2,123,122,1,1,0.447499255,1749,11,0,223,213,10,8518,8324,194,68,64,4,1,100
a5c68f7a4afd9c58e727f09dc119b1160decd854,4,27,3,24,0,0,0,7,124,133,3,4,1.877468288,2566,117,0,275,273,2,12651,12502,149,95,93,2,1,100
d5f77a3f17f62366738d8c5f0c3bc478ff735318,0,0,0,0,0,0,0,0,0,0,0,0,0,0,337,1,0,0,0,0,0,0,0,0,0,1,100
e2891667dda38857ce0b269c0fb097408cca2eea,566,7558,18554,10996,35,88,123,0,383,1680,16,186,7.921283019,101596,73,0,9067,9718,651,386466,432936,46470,4208,4708,500,0,88.72336023
02bc2a69fc8d1a14ff35645d9478b686a07cf29f,0,0,0,0,0,0,0,0,0,0,0,0,0,0,74,1,0,0,0,0,0,0,0,0,0,0,100
a96fd11b1fb9724d563cfde60288d17ddd22bf7e,0,0,0,0,0,0,0,0,0,0,0,0,0,0,322,0,0,0,0,0,0,0,0,0,0,1,100
d87a1f5325488f51077619e0410b5d3d16f63f61,566,18560,7564,10996,88,35,123,3,385,2647,16,186,7.921169016,90600,118,1,9718,9070,648,432889,386550,46339,4708,4209,499,1,88.72336023
09f77da9b0c39848fe763bdd4a392151eec0d8c3,566,7558,18554,10996,35,88,123,0,383,1680,16,186,7.921283019,101596,75,2,9067,9718,651,386466,432936,46470,4208,4708,500,1,88.72336023
612dfddd26fbb4a403b027b9c246f8f11ccea7d9,566,18560,7564,10996,88,35,123,3,385,2647,16,186,7.921169016,90600,338,2,9718,9070,648,432889,386550,46339,4708,4209,499,1,88.72336023
acd61cc708f202c3e674304ef84034517c0b7723,0,0,0,0,0,0,0,0,0,0,0,0,0,0,339,2,0,0,0,0,0,0,0,0,0,0,100
3b21386c3f1ab85060f6c950fb2fb17123df8647,2,75,5,70,0,0,0,11,20,40,2,2,0.999549111,1094,340,3,189,171,18,5046,4780,266,54,50,4,1,100
28b4ea92d38365d0f27a5bd044ac4927580147f8,1,2,2,0,0,0,0,9,10,383,1,1,0,321,341,4,25,25,0,1896,1890,6,4,4,0,1,100
67125676eef313e592da6424a9be0c90c5e6bca5,0,0,0,0,0,0,0,0,0,0,0,0,0,0,342,5,0,0,0,0,0,0,0,0,0,1,100
e5f6634e17362387282b3867c9b23d4b54fea871,566,7565,18631,11066,35,88,123,0,383,1680,16,186,7.924875403,101666,323,1,9067,9736,669,386466,433208,46742,4208,4712,504,0,88.72336023
fa79cb22e456cc65522b5bab8c4240fe08c5775f,2,89,10,79,0,0,0,8,14,2694,2,2,0.999337504,1082,324,2,189,171,18,5053,4787,266,53,49,4,1,100
899465aeec03753ea91e15a79579eab76369c016,1,2,2,0,0,0,0,7,8,4516,1,1,0,270,325,3,20,20,0,1597,1591,6,3,3,0,1,100
907d53ad3264718f66ff15e1363d76b07dd0c05f,0,0,0,0,0,0,0,0,0,0,0,0,0,0,326,4,0,0,0,0,0,0,0,0,0,1,100
1e198050975b80f48c835ef51045c5bd9f835217,566,18575,7604,10971,88,35,123,3,385,2642,16,186,7.917735134,90679,119,2,9736,9088,648,433083,386822,46261,4712,4213,499,1,88.72336023
3e656376e8271d839c99de3d0ae2746c593e7daa,0,0,0,0,0,0,0,0,0,0,0,0,0,0,110,1,0,0,0,0,0,0,0,0,0,1,100
6aa1f4acf5d6323e9aa08b763cb9933dc96749b9,566,7600,18571,10971,35,88,123,0,383,1689,16,186,7.917709114,101650,56,0,9085,9736,651,386738,433130,46392,4212,4712,500,0,88.72336023
dad8a3e1c55f34b7949945bc622f26447ddbf4f9,0,0,0,0,0,0,0,0,0,0,0,0,0,0,57,1,0,0,0,0,0,0,0,0,0,0,100
a02834611bad3442ad073b10f1dee2322916f1f3,566,18583,7599,10984,88,35,123,3,385,2642,16,186,7.91754,90679,15,1,9738,9088,650,433140,386822,46318,4712,4213,499,1,88.72336023
c3cf29438e3d65d6ee5c5726f8611af99d9a649a,11,575,215,360,2,0,2,14,210,61,2,6,2.830131268,5347,15,0,580,544,36,24157,22728,1429,272,248,24,1,99.86659043
a46906806a31edb462b935e380a657b6efde6231,568,7617,18961,11344,35,90,125,0,383,1685,16,186,7.920919445,102023,327,5,9085,9774,689,386738,434601,47863,4212,4736,524,0,88.59032658
d295dc362fe7d7b189b4976a5742a17362eb51a1,7,52,0,52,0,0,0,8,37,2562,3,4,2.554653182,3519,328,6,505,499,6,15478,15293,185,238,232,6,1,100
1ab29f548535cb512d0e4726308b32fe4284e6ba,568,18965,7621,11344,90,35,125,3,385,2624,16,186,7.920950799,90704,343,6,9776,9090,686,434694,386947,47747,4738,4215,523,1,88.59032658
c4cd93d55fc78d335512095c263ed00f8c0faede,2,13,20,7,0,0,0,4,17,14,1,2,0.799048521,993,16,1,92,95,3,5532,5526,6,40,40,0,1,100
276c6a8dc445cbaffb2bc2a6344f54abeb9b4311,1,3,0,3,0,0,0,15,27,15,1,1,0,453,0,0,18,18,0,2646,2628,18,17,17,0,1,100
05c21c65bdfed0f71a2f2ada8b84da59348c4c5d,568,7633,18973,11340,35,90,125,0,383,1693,16,186,7.918921472,102044,58,2,9087,9773,686,386863,434750,47887,4214,4738,524,0,88.59032658
5213f43df145479ef8714126ba320d51d3f8e470,0,0,0,0,0,0,0,0,0,0,0,0,0,0,59,3,0,0,0,0,0,0,0,0,0,0,100
7c742c298b60f60b1f8b92e43e4952ee128a4cd0,568,19006,7643,11363,90,35,125,3,385,2624,16,186,7.916498933,90704,17,2,9777,9090,687,434850,386947,47903,4740,4215,525,1,88.59032658
b6461a5f5bc8e15b1c2dac091b17ccd43023c6a4,0,0,0,0,0,0,0,0,0,0,0,0,0,0,344,1,0,0,0,0,0,0,0,0,0,1,100
46129561fb68fe8694ce0921ff20f82212c8d1eb,0,0,0,0,0,0,0,0,0,0,0,0,0,0,345,2,0,0,0,0,0,0,0,0,0,1,100
87cd4960a4fddc289859f1eff8fd94ad57d7c5e6,0,0,0,0,0,0,0,0,0,0,0,0,0,0,346,3,0,0,0,0,0,0,0,0,0,1,100
22954a04ffb631fefbf0e75cd056840d1248954a,30,0,0,0,0,0,0,1,1,0,1,7,0,3610,347,4,295,295,0,10952,10952,0,200,200,0,1,97.69304099
aa6b88c78f7ea9dcf82c1b4d940d3190d04518da,0,0,0,0,0,0,0,0,0,0,0,0,0,0,348,5,0,0,0,0,0,0,0,0,0,0,100
e25cf17d3be614b52eff677ff075bbb620f07160,36,147,88,59,0,0,0,1,19,46,3,8,4.499448791,4467,349,6,353,353,0,14237,14101,136,235,235,0,1,97.71428571
1b6caed1ea9bf1bbb46e90a23090433af0627a4f,12,41,41,0,0,0,0,1,7,0,3,4,3.367742659,1253,350,7,77,77,0,3485,3485,0,54,54,0,1,99.33027172
9decf532e79d7d22082ca8f9e2d6989ff83ae421,0,0,0,0,0,0,0,0,0,0,0,0,0,0,351,8,0,0,0,0,0,0,0,0,0,1,100
521c4c25881bde27ab82060cf40fc680673a0033,0,0,0,0,0,0,0,0,0,0,0,0,0,0,16,1,0,0,0,0,0,0,0,0,0,0,100
b79d708e6e8d0b16e0403db009aa085df2fe28b4,0,0,0,0,0,0,0,0,0,0,0,0,0,0,352,9,0,0,0,0,0,0,0,0,0,1,100
86b96bf016d316cc57ccc4128031a7417d0897b8,0,0,0,0,0,0,0,0,0,0,0,0,0,0,353,10,0,0,0,0,0,0,0,0,0,0,100
2e51e10b6dda2219fdb5501defc0c4513f575248,0,0,0,0,0,0,0,0,0,0,0,0,0,0,354,11,0,0,0,0,0,0,0,0,0,0,100
c4df060c2604fda20a9f4fccc0fbc71e4e7a38e7,2,42,41,1,0,0,0,15,69,100,1,1,0.654664053,2327,355,12,163,163,0,13924,13924,0,151,151,0,0,100
a88d3f0b3f6d9a2aa0722c4058d630b49c95e28e,0,0,0,0,0,0,0,0,0,0,0,0,0,0,356,13,0,0,0,0,0,0,0,0,0,1,100
da34c1e869b902e969e078b44c27559e8c5b1850,0,0,0,0,0,0,0,0,0,0,0,0,0,0,357,14,0,0,0,0,0,0,0,0,0,1,100
53dead3e9b37c7d591bac536d37214a1f938d07d,0,0,0,0,0,0,0,0,0,0,0,0,0,0,358,15,0,0,0,0,0,0,0,0,0,1,100
1524af82f519559b982937a89749f042be7d41a7,0,0,0,0,0,0,0,0,0,0,0,0,0,0,359,16,0,0,0,0,0,0,0,0,0,1,100
57b006fe345e4e592042927df45d3ac0539e35b7,0,0,0,0,0,0,0,0,0,0,0,0,0,0,360,17,0,0,0,0,0,0,0,0,0,1,100
9c631ab2861a67744b1531dc6b08bff073ba758a,2,7,7,0,0,0,0,41,211,161,1,1,0.591672779,1976,18,2,235,235,0,10192,10192,0,56,56,0,0,100
b08e4d277e02abe9455e6c05e8fc6ae2b12a68fe,0,0,0,0,0,0,0,0,0,0,0,0,0,0,361,18,0,0,0,0,0,0,0,0,0,1,100
d6e70e297ada95af668225538eba89c4ec0cd13e,0,0,0,0,0,0,0,0,0,0,0,0,0,0,111,0,0,0,0,0,0,0,0,0,0,1,100
f4009a1c0abe66f684c13acaae2b34527be0c453,0,0,0,0,0,0,0,0,0,0,0,0,0,0,17,0,0,0,0,0,0,0,0,0,0,0,100
1a65351b43bb09e78f9408c7e579b1951fe6e1bc,2,2,2,0,0,0,0,7,24,120,2,2,1,574,120,0,52,52,0,3017,3011,6,18,18,0,1,100
32cdc2ec3cf265873b23790ab1eefa98efff59a8,0,0,0,0,0,0,0,0,0,0,0,0,0,0,0,0,0,0,0,0,0,0,0,0,0,1,100
9ba84aabe26c74db171d877b80130d5f15344008,0,0,0,0,0,0,0,0,0,0,0,0,0,0,1,1,0,0,0,0,0,0,0,0,0,1,100
83e36649c0f4331b450bf09133f241e8c65952d4,4,157,41,116,2,0,2,1,68,97,1,2,1.668957215,993,0,0,99,98,1,5365,4821,544,24,22,2,1,99.82708934
195fb626a9a4e5a0774f779b6d8da1cb9ef38468,0,0,0,0,0,0,0,0,0,0,0,0,0,0,12,0,0,0,0,0,0,0,0,0,0,1,100
5d6c6e2537a6a6b20526766e3a19c027cc454a60,1,8,1,7,0,0,0,21,59,88,1,1,0,180,13,1,4,3,1,1662,1626,36,3,3,0,1,100
59c5466c4093a94c9c32d09509bba738fa51d489,3,8,1,7,0,0,0,5,212,141,1,2,1.530493057,2090,14,2,246,244,2,10800,10698,102,60,60,0,1,100
3e917677e484067b853eaa4a6de44ebcf5a988de,2,42,1,41,0,0,0,15,213,59,1,2,0.693127415,2254,15,3,253,250,3,11395,11239,156,72,70,2,1,100
fbec4e7b3dbd68905d29b61e7c72019850b92da3,571,7688,19282,11594,35,92,127,0,383,1693,16,183,7.929728983,102379,76,0,9095,9792,697,387103,436102,48999,4218,4748,530,1,88.55246786
fc806a25eb2aa22d15c5fd1b7a31f52c7202112e,573,19295,7779,11516,92,36,128,5,385,2622,16,183,7.935918713,91010,121,0,9795,9103,692,436949,388450,48499,4751,4224,527,1,88.45829823
3fabb639a31d6076b1649c1a08828febabddf44a,6,359,58,301,2,0,2,1,125,599,1,5,2.310625957,2172,0,0,277,250,27,11757,10294,1463,106,89,17,1,99.72446369
cfe05372b76217f0439e153e5b29053620e591a0,576,7818,19635,11817,36,94,130,0,383,1654,16,185,7.951618181,103022,329,0,9117,9839,722,389076,439154,50078,4226,4771,545,1,88.31196132
a20230829c1624cfea89caef87d7b213f51971d6,576,19719,7845,11874,94,36,130,5,385,2605,16,185,7.956045534,91205,16,0,9843,9120,723,439531,389160,50371,4774,4227,547,1,88.31196132
5c45b3fe22d8ec4270b2cf1016581b8927d2913d,0,0,0,0,0,0,0,0,0,0,0,0,0,0,362,0,0,0,0,0,0,0,0,0,0,1,100
d6c9614fa922027be8453c507c948f3727a91327,576,7837,19711,11874,36,94,130,0,383,1654,16,185,7.956574552,103079,330,1,9117,9843,726,389076,439563,50487,4226,4774,548,1,88.31196132
12f3e7e878e3a22a696f7ba9b5c615d520807afb,574,19324,7855,11469,92,36,128,5,385,2602,15,184,7.955218974,91205,112,0,9807,9120,687,438053,389160,48893,4749,4227,522,0,88.45100105
ab95197436417c79d8027243f5d621b663173c22,4,6,6,0,0,0,0,4,8,722,2,3,1.79248125,250,58,0,14,14,0,617,624,7,8,8,0,0,100
706826e18e03d3182644a2fbb6fd72f386540ea8,0,0,0,0,0,0,0,0,0,0,0,0,0,0,59,1,0,0,0,0,0,0,0,0,0,0,100
371faf7a49298bd1752632c2675aa499fee64667,0,0,0,0,0,0,0,0,0,0,0,0,0,0,113,0,0,0,0,0,0,0,0,0,0,1,100
f5d19f46d6b4804892a85ce3aa64e68400600451,0,0,0,0,0,0,0,0,0,0,0,0,0,0,114,1,0,0,0,0,0,0,0,0,0,0,100
6b56fc8424aa9657b4d2af75233f509c07d248e7,0,0,0,0,0,0,0,0,0,0,0,0,0,0,122,0,0,0,0,0,0,0,0,0,0,1,100
6bed162a65bcd2f8ab481ed3c938b83814cb550d,0,0,0,0,0,0,0,0,0,0,0,0,0,0,115,2,0,0,0,0,0,0,0,0,0,1,100
73e00ed85df84ba0c557dd020740812b2453f2d3,1,31,25,6,0,0,0,23,151,437,1,1,0,1989,0,0,316,316,0,7512,7422,90,176,176,0,1,100
66a43813770cd7dee9eb1ed0372e3f784ba0c541,574,7882,19312,11430,36,92,128,0,383,1712,15,184,7.95697215,102680,19,0,9119,9807,688,389351,438167,48816,4227,4749,522,1,88.42504744
68e02c27e167352028ab0f3433fffbbe26bd99c0,1,2,1,1,0,0,0,2,2,1875,1,1,0,49,29,0,4,4,0,118,104,14,1,1,0,1,100
3645593bfa98b06f54eb8bc0874b871948651169,1,14,0,14,0,0,0,8,16,1866,1,1,0,331,0,0,26,24,2,2095,2020,75,14,13,1,1,100
2f144dec13b53d619cf2242448fbf6f9d93db583,2,3,3,0,0,0,0,3,39,1790,1,1,0.918295834,1979,0,0,307,304,3,8321,8309,12,68,68,0,1,100
b5056e418824d9e074d45285d3a6242c4de55c05,1,1,1,0,0,0,0,2,2,11876,1,1,0,42,30,1,2,2,0,59,57,2,2,2,0,1,100
863f9193e615f474cce402535948002138af4dae,1,11,9,2,0,0,0,9,17,0,1,1,0,345,0,0,26,26,0,2119,2095,24,14,14,0,1,100
42c99b45e45224810ee2f914b238123cbf599a96,0,0,0,0,0,0,0,0,0,0,0,0,0,0,0,0,0,0,0,0,0,0,0,0,0,1,100
76d5f0d942f52650d3bdf775b6af42d23d69066b,1,36,31,5,0,0,0,22,147,0,1,1,0,1994,0,0,317,316,1,7524,7423,101,177,176,1,1,100
a9f337fd63963b2017c7b057234f9a9e3e78be46,1,1,1,0,0,0,0,6,14,2061,1,1,0,615,77,0,34,34,0,3508,3508,0,28,28,0,1,100
ce27f0ec6184cdee40609817a2796c768d0df261,2,25,2,23,0,0,0,8,27,2328,1,2,0.99107606,1120,11,0,164,161,3,4177,4117,60,61,60,1,1,100
b476b28ecbf521d8c4b0d0ce601a68efa03908d1,0,0,0,0,0,0,0,0,0,0,0,0,0,0,78,1,0,0,0,0,0,0,0,0,0,1,100
d4ad077ef5c440d86f3c9110e96ae00cf7d246bf,9,11,11,0,0,0,0,4,80,4295,4,8,3.027169118,1685,1,1,125,125,0,8058,8069,11,80,80,0,1,100
3a465e14779483c1c4f0be552298f5d2b232a29b,0,0,0,0,0,0,0,0,0,0,0,0,0,0,1,1,0,0,0,0,0,0,0,0,0,1,100
cbaf7f7b48c35867142e83f3573e51724ebe6ae5,570,19229,7844,11385,92,36,128,5,385,2581,15,183,7.948880786,90761,123,1,9758,9082,676,436216,387792,48424,4721,4203,518,0,88.42504744
5a8997312680a4b9c69a129801524691bc546c08,570,7866,19218,11352,36,92,128,0,383,1762,15,183,7.948810366,102146,8,0,9084,9758,674,387921,436247,48326,4203,4721,518,2,88.42504744
bfd7c491b86dfd26480fc6bb1b95df6dbea20945,0,0,0,0,0,0,0,0,0,0,0,0,0,0,60,0,0,0,0,0,0,0,0,0,0,1,100
14ff5dd0dad46169ae2439253ab00e01bca8584c,0,0,0,0,0,0,0,0,0,0,0,0,0,0,79,2,0,0,0,0,0,0,0,0,0,1,100
73f34c00d16c24edb0e5f9d7eb63bc0c730a72d1,0,0,0,0,0,0,0,0,0,0,0,0,0,0,61,1,0,0,0,0,0,0,0,0,0,1,100
39254860d60f0165cd691e6ce269a6377e7b7f3c,2,44,1,43,0,0,0,12,195,2262,1,2,0.67519144,2058,6,0,238,235,3,9778,9608,170,51,49,2,1,100
f98e632108f2b9496e306dc4630fa24ca5ca45b9,3,9,1,8,0,0,0,5,196,778,1,2,1.521928095,2016,7,1,234,232,2,10329,10227,102,46,46,0,1,100
484e502737a1de00776784516dcf5970734b53f9,1,3,0,3,0,0,0,13,20,0,1,1,0,371,0,0,17,17,0,1687,1669,18,12,12,0,1,100
d862fdd8418f5c27090776f43a14b6cecd3f2f99,0,0,0,0,0,0,0,0,0,0,0,0,0,0,0,0,0,0,0,0,0,0,0,0,0,1,100
41efc134a9067b58a5ab01e9b8b05d2bd84a94f0,0,0,0,0,0,0,0,0,0,0,0,0,0,0,127,0,0,0,0,0,0,0,0,0,0,1,100
6f5c3d57a6024a5c1f1f4e501293c8d7ce3f8431,0,0,0,0,0,0,0,0,0,0,0,0,0,0,71,0,0,0,0,0,0,0,0,0,0,1,100
01780c0ff371cb8590c5ede3d6d191836baf8476,5,11,11,0,0,0,0,37,197,2076,3,4,2.186704346,3268,2,2,465,465,0,14681,14681,0,85,85,0,1,100
a659ade9a0ec831137d1ba415a76cc467c6e0f01,4,17,15,2,0,0,0,20,95,3313,3,4,1.858941639,2239,2,2,293,293,0,11884,11863,21,68,68,0,1,100
8edac61ae51029ce73f5f4cabd2b5652556d5090,0,0,0,0,0,0,0,0,0,0,0,0,0,0,0,0,0,0,0,0,0,0,0,0,0,1,100
b5ee58338127ed9f8e775d9ea5c547469b9a5484,0,0,0,0,0,0,0,0,0,0,0,0,0,0,80,3,0,0,0,0,0,0,0,0,0,1,100
8f58b85eaf724a98d1332cfbb3e0a3de58c9587b,0,0,0,0,0,0,0,0,0,0,0,0,0,0,81,4,0,0,0,0,0,0,0,0,0,1,100
91894251505fe917b911885d565e6bc1c8bebadd,1,30,3,27,0,0,0,15,28,16,1,1,0,803,12,1,146,142,4,2776,2669,107,46,45,1,1,100
40f1082cfaf14bd9f0276f21b9211c1ff8f7cc92,0,0,0,0,0,0,0,0,0,0,0,0,0,0,72,1,0,0,0,0,0,0,0,0,0,1,100
4259ba8afd22240314555a31dd03602ad91514ac,0,0,0,0,0,0,0,0,0,0,0,0,0,0,73,2,0,0,0,0,0,0,0,0,0,1,100
2a2392f15e3cbdc7a7c8a453a4cbed314947a036,1,1,1,0,0,0,0,10,62,1883,1,1,0,1894,0,0,153,153,0,12090,12090,0,135,135,0,1,100
9ae1d95a581bbf07bab72aff7aa26b096a267615,10,11,27,16,0,0,0,6,54,3676,6,10,2.819175441,1901,3,3,202,204,2,8961,8983,22,72,72,0,1,100
b551be7445d37e4ba99bf4b976f7c61d6ac52ed8,567,19110,7823,11287,92,36,128,5,385,2582,15,183,7.939783945,90215,124,1,9664,9000,664,433521,385706,47815,4703,4189,514,0,88.42504744
8b693cc992ff4a5947babecd222fbebf7516e677,567,7813,19098,11285,36,92,128,0,383,1783,15,183,7.939930451,101502,82,5,8997,9664,667,385622,433552,47930,4188,4703,515,0,88.42504744
78fc3734f9325be818b1bf4aa9fc7d8f715a851a,567,19106,7821,11285,92,36,128,5,385,2582,15,183,7.939933793,90217,125,2,9664,9000,664,433521,385706,47815,4703,4189,514,0,88.42504744
7358b084b120e28f42b5ae37b1c298ba123e2a5e,567,7811,19096,11285,36,92,128,0,383,1783,15,183,7.940275111,101502,83,6,8997,9664,667,385622,433552,47930,4188,4703,515,0,88.42504744
367093390e1b1bd00b7bbfb009883fb4e0ec330f,567,19106,7821,11285,92,36,128,5,385,2582,15,183,7.939933793,90217,126,3,9664,9000,664,433521,385706,47815,4703,4189,514,0,88.42504744
d8be2f0e4cff2afab083a6f8a837d997b2dae379,0,0,0,0,0,0,0,0,0,0,0,0,0,0,127,4,0,0,0,0,0,0,0,0,0,0,100
a70828c7376dc8d07a2800e035271004ba9222e8,2,6,6,0,0,0,0,41,214,174,1,1,0.650022422,1994,128,5,243,237,6,10360,10311,49,57,57,0,1,100
7b355f72235c0bd26b872601b38a493ed1cc518b,567,7811,19096,11285,36,92,128,0,383,1783,15,183,7.940275111,101502,84,7,9003,9670,667,385671,433601,47930,4188,4703,515,1,88.42504744
1fc605dd69f99e91e0685a4f4ba279d2fd2eed21,568,19121,7822,11299,92,36,128,5,385,2582,15,183,7.940463286,90413,129,6,9697,9030,667,434565,386680,47885,4711,4196,515,1,88.42504744
7a8acdd8e66de81b4f7f918905976191837bf147,567,7811,19096,11285,36,92,128,0,383,1783,15,183,7.940275111,101509,85,8,9004,9671,667,385702,433632,47930,4188,4703,515,1,88.42504744
a7010c55e17c586f4c1c790db197b982ef279020,567,19106,7821,11285,92,36,128,5,385,2582,15,183,7.939933793,90224,130,7,9671,9007,664,433601,385786,47815,4703,4189,514,1,88.42504744
46410d3df2458af9b2118ace6cc1a68b75c5d262,0,0,0,0,0,0,0,0,0,0,0,0,0,0,17,0,0,0,0,0,0,0,0,0,0,0,100
1052ec5d871963cd662e7b6a4608cab30a63d79e,0,0,0,0,0,0,0,0,0,0,0,0,0,0,363,0,0,0,0,0,0,0,0,0,0,1,100
0635e92665cbd247a4144c328321b0e9f058398e,567,7811,19096,11285,36,92,128,0,383,1783,15,183,7.940275111,101509,331,0,9004,9671,667,385702,433632,47930,4188,4703,515,1,88.42504744
842e7c88da3b310031d58325874c4b6b9a182c04,0,0,0,0,0,0,0,0,0,0,0,0,0,0,86,7,0,0,0,0,0,0,0,0,0,1,100
a27b4ee595ee48833fa659ee30ff463f26c4a50d,0,0,0,0,0,0,0,0,0,0,0,0,0,0,0,0,0,0,0,0,0,0,0,0,0,1,100
5d6bb35b048d9d430c38cdf16f53b850a9ca9e4e,0,0,0,0,0,0,0,0,0,0,0,0,0,0,74,3,0,0,0,0,0,0,0,0,0,1,100
5060349e676f2133219950f0d670997dacfbad69,0,0,0,0,0,0,0,0,0,0,0,0,0,0,75,4,0,0,0,0,0,0,0,0,0,1,100
f32c3dba9495e3b7d4a73de6d303ae2eedb769f5,1,16,5,11,0,0,0,11,12,2150,1,1,0,198,2,0,15,15,0,941,891,50,4,4,0,1,100
a3907fcb2b541d80852611b68494965f10b828f2,14,55,30,25,0,0,0,2,18,4786,3,6,3.286402953,1980,87,8,196,196,0,8921,8732,189,99,99,0,1,100
e29a6610865f674f6d9b856c03d156074d0d2df8,556,19058,7808,11250,92,36,128,5,385,2587,15,181,7.926351263,88841,0,0,9527,8863,664,427558,379982,47576,4626,4112,514,1,88.42504744
176b272f30c4fbd62013b4702ab28518c21628ac,556,7797,19046,11249,36,92,128,0,383,1817,15,181,7.926251093,100091,0,0,8860,9527,667,379898,427589,47691,4111,4626,515,1,88.42504744
e8b9cada65dbb527a0b19119745581c6b61a22f8,556,19056,7807,11249,92,36,128,5,385,2587,15,181,7.925916847,88842,131,1,9527,8863,664,427558,379982,47576,4626,4112,514,0,88.42504744
e9a54c6d0272b79c69ef60195b41c26d331ecef9,2,2,2,0,0,0,0,2,5,672,1,1,1,259,132,1,18,18,0,1175,1175,0,7,7,0,0,100
268f9565746175f5900670e372092e0c071d85bd,556,7797,19046,11249,36,92,128,0,383,1817,15,181,7.926251093,100091,88,2,8860,9527,667,379898,427589,47691,4111,4626,515,0,88.42504744
94df4a819a773833294874c02a7f01165f8a8ccc,556,19056,7807,11249,92,36,128,5,385,2589,15,181,7.925916847,88842,133,2,9527,8863,664,427558,379982,47576,4626,4112,514,0,88.42504744
87120634a6f56b5132a61d394e4a4f3fbb215c1e,0,0,0,0,0,0,0,0,0,0,0,0,0,0,134,3,0,0,0,0,0,0,0,0,0,1,100
25df095829bff8a1744db7dbf1ddd14aa1f8d43f,556,7797,19046,11249,36,92,128,0,383,1817,15,181,7.926251093,100091,89,3,8860,9527,667,379898,427589,47691,4111,4626,515,1,88.42504744
2321e03a9415c8edd59f67e22174bf60ec457e66,556,19056,7807,11249,92,36,128,5,385,2589,15,181,7.925916847,88842,364,1,9527,8863,664,427558,379982,47576,4626,4112,514,1,88.42504744
c395ca976dc9eaed65dcdc0037508d1edbfb57f3,556,7797,19046,11249,36,92,128,0,383,1817,15,181,7.926251093,100091,332,1,8860,9527,667,379898,427589,47691,4111,4626,515,1,88.42504744
f582ce88fc5f6db10f631959bab5acfbe1f58bb5,556,19090,7813,11277,92,36,128,5,385,2588,15,181,7.924633487,88842,116,0,9533,8863,670,427728,379982,47746,4628,4112,516,1,88.42504744
0696cf14adec8fc4939b938844cfa93f421c1dfe,2,17,5,12,0,0,0,15,216,140,1,2,0.574635698,2302,135,4,260,260,0,11508,11470,38,72,72,0,1,100
b8cdac5573a27e97540dc1fd7b50fbe4de7d4410,0,0,0,0,0,0,0,0,0,0,0,0,0,0,136,5,0,0,0,0,0,0,0,0,0,1,100
6b37fcbda828f1b77e01a401b09b04b55b871956,0,0,0,0,0,0,0,0,0,0,0,0,0,0,137,6,0,0,0,0,0,0,0,0,0,1,100
1328d6ef7f952ac737050922e1cb2a2ff15cdd88,0,0,0,0,0,0,0,0,0,0,0,0,0,0,138,7,0,0,0,0,0,0,0,0,0,1,100
a2f81065ff134ec8abafaa6f57f6ba10bdac00b3,5,14,11,3,0,0,0,27,134,191,2,5,1.952487689,3407,117,1,375,375,0,17107,17068,39,97,97,0,1,100
b74199ed446c83282ad806afaf962a7f74eac0ea,556,7821,18953,11132,36,91,127,0,383,1814,15,181,7.921142825,100134,8,0,8873,9533,660,380419,427873,47454,4120,4628,508,1,89.37288772
f7a775b79a195b5649c8c0309b673a4d5bdcf1c1,556,18963,7831,11132,91,36,127,5,385,2588,15,181,7.92082538,89002,139,8,9533,8876,657,427805,380503,47302,4628,4121,507,1,89.37288772
22a8cfa05976b23284388675dcabd7e5e8037fb0,556,7821,18953,11132,36,91,127,0,383,1814,15,181,7.921142825,100134,90,4,8873,9533,660,380419,427873,47454,4120,4628,508,1,89.37288772
a2ab329edc51c1f59493babc4f0f3d4b246a0c36,556,18963,7831,11132,91,36,127,5,385,2588,15,181,7.92082538,89002,140,9,9533,8876,657,427805,380503,47302,4628,4121,507,0,89.37288772
9c69c7853176bd42011c8c328afbca781f5cd6ac,0,0,0,0,0,0,0,0,0,0,0,0,0,0,3,0,0,0,0,0,0,0,0,0,0,0,100
5fa834f78be178b4f40b5ffda6d3c0dc873b497e,0,0,0,0,0,0,0,0,0,0,0,0,0,0,141,10,0,0,0,0,0,0,0,0,0,1,100
f32eb09892686cba083f9f175b3c8eac0ac42ae7,556,7821,18953,11132,36,91,127,0,383,1814,15,181,7.921142825,100134,91,5,8873,9533,660,380419,427873,47454,4120,4628,508,1,89.37288772
021e53f62718aed169ea7927242d8790d91f94d4,556,18963,7831,11132,91,36,127,5,385,2588,15,181,7.92082538,89002,142,11,9533,8876,657,427805,380503,47302,4628,4121,507,1,89.37288772
51f6d8b8525d8bf218f70100ec99a7ae97097923,556,7821,18953,11132,36,91,127,0,383,1814,15,181,7.921142825,100134,92,6,8873,9533,660,380419,427873,47454,4120,4628,508,1,89.37288772
6c67c9d0a6b7a717a2e5718a770638b9fcc0fbe3,556,18963,7831,11132,91,36,127,5,385,2588,15,181,7.92082538,89002,143,12,9533,8876,657,427805,380503,47302,4628,4121,507,1,89.37288772
a21be1d2319672e90c921c8bfc5067cabf2a0528,0,0,0,0,0,0,0,0,0,0,0,0,0,0,144,13,0,0,0,0,0,0,0,0,0,1,100
52c12dab44d69e0479d4f23736dfdf91733654e5,0,0,0,0,0,0,0,0,0,0,0,0,0,0,145,14,0,0,0,0,0,0,0,0,0,1,100
43eb189a92e9c3a08f876c77217316e34fffe354,0,0,0,0,0,0,0,0,0,0,0,0,0,0,16,0,0,0,0,0,0,0,0,0,0,0,100
06bc508727f644227ef4a52ab17b1ec6dcc7a213,0,0,0,0,0,0,0,0,0,0,0,0,0,0,146,15,0,0,0,0,0,0,0,0,0,1,100
7ecdb3c970d71de3e48fe4de691388868ac03630,556,7821,18953,11132,36,91,127,0,383,1814,15,181,7.921142825,100134,93,5,8873,9533,660,380419,427873,47454,4120,4628,508,1,89.37288772
ef62d7a4bd57cdd315dfa187780790e3449321aa,556,18963,7831,11132,91,36,127,5,385,2588,15,181,7.92082538,89002,19,0,9533,8876,657,427805,380503,47302,4628,4121,507,0,89.37288772
750cb6cb15c8f8d272ae3dc071f9f5377c441baf,0,0,0,0,0,0,0,0,0,0,0,0,0,0,147,15,0,0,0,0,0,0,0,0,0,1,100
a2a3df3d02d0a0c7a977d94087f4c6313e8c5a32,8,37,19,18,0,0,0,8,217,1134,3,6,2.24188751,3461,148,16,413,411,2,17035,16952,83,109,109,0,1,100
5acdfb665035c5e57c50a9f8198dee53da674df6,0,0,0,0,0,0,0,0,0,0,0,0,0,0,149,15,0,0,0,0,0,0,0,0,0,1,100
ea98e05a04480131370aa0c110b8c54cf726c06f,558,7836,18986,11150,36,91,127,0,383,1825,15,182,7.922315775,100405,94,4,8898,9560,662,381356,428856,47500,4130,4638,508,0,89.37288772
865dcaa6fffc8fbc679f190280e1f0f7b1d783b5,0,0,0,0,0,0,0,0,0,0,0,0,0,0,95,5,0,0,0,0,0,0,0,0,0,0,100
9adb3aedf21ca9a49560957e0e1b9125266bb401,0,0,0,0,0,0,0,0,0,0,0,0,0,0,96,2,0,0,0,0,0,0,0,0,0,0,100
0137f35c1bbc3a3dadd07af105df66bd1293d5e5,558,18996,7846,11150,91,36,127,5,385,2586,15,182,7.921999949,89255,150,3,9560,8901,659,428825,381440,47385,4638,4131,507,0,89.37288772
4dc115967a9ac1522fe01d33de1a3279d52a559a,558,7836,18986,11150,36,91,127,0,383,1825,15,182,7.922315775,100405,97,3,8898,9560,662,381356,428856,47500,4130,4638,508,0,89.37288772
f594c0b9166c4c54ffb148a76bd0dbc1af425529,558,19021,7845,11176,91,36,127,5,385,2586,15,182,7.921360421,89255,8,0,9563,8901,662,428994,381440,47554,4639,4131,508,1,89.37288772
48a9e04c5e3aa886cd89fb115711bea9b31e5bb7,0,0,0,0,0,0,0,0,0,0,0,0,0,0,151,1,0,0,0,0,0,0,0,0,0,1,100
0682a1cc0a7efc9110cdf4b7cc5a17497bd721e5,0,0,0,0,0,0,0,0,0,0,0,0,0,0,152,2,0,0,0,0,0,0,0,0,0,1,100
b20bfb1a08a04aaa86dab010d47e648a92ce3531,0,0,0,0,0,0,0,0,0,0,0,0,0,0,365,0,0,0,0,0,0,0,0,0,0,1,100
92d2c2e3b43ca214989f0f517aa90f1525f0ff2e,0,0,0,0,0,0,0,0,0,0,0,0,0,0,366,1,0,0,0,0,0,0,0,0,0,1,100
547dfddb2ef02f44d9f2d0730348eaedfcd2e126,558,7835,19011,11176,36,91,127,0,383,1825,15,182,7.921674527,100431,98,0,8898,9563,665,381356,429025,47669,4130,4639,509,0,89.37288772
0c3fe074bbd3272a7b46c28683c6ed50d0daede7,0,0,0,0,0,0,0,0,0,0,0,0,0,0,76,0,0,0,0,0,0,0,0,0,0,1,100
ccafe8bf46ad874ca0cfba6ea5961b34f1630f82,0,0,0,0,0,0,0,0,0,0,0,0,0,0,0,0,0,0,0,0,0,0,0,0,0,1,100
76d7f58a61eb6aea8d2e8b78551e5d500cc74f6e,558,19038,7848,11190,91,36,127,5,385,2587,15,182,7.922391967,89255,9,0,9564,8901,663,429090,381440,47650,4640,4131,509,1,89.37288772
067171d28acc7399f421c668254148394d7f78f7,0,0,0,0,0,0,0,0,0,0,0,0,0,0,3,0,0,0,0,0,0,0,0,0,0,1,100
c76c9d9116b4626c20abe26c025623797249f997,558,7838,19028,11190,36,91,127,0,383,1825,15,182,7.92270611,100445,3,0,8898,9564,666,381356,429121,47765,4130,4640,510,1,89.37288772
aa30d9690b7eed1674bdf9d3eb5f858dc4da1630,558,19038,7848,11190,91,36,127,5,385,2587,15,182,7.922391967,89255,153,0,9564,8901,663,429090,381440,47650,4640,4131,509,1,89.37288772
383cabf9e4992eeff36c9b5731d95bafa72398d3,558,7809,19032,11223,36,91,127,0,383,1825,15,182,7.923468664,100445,99,0,8893,9564,671,381143,429121,47978,4129,4640,511,1,89.37288772
406c525ec45da466387dbf19f7fd8ed1d9885e66,558,19042,7819,11223,91,36,127,5,385,2587,15,182,7.923152762,89222,4,1,9564,8896,668,429090,381227,47863,4640,4130,510,1,89.37288772
e08834b79e9387811ece442f6e7b445b19110fcf,558,7809,19032,11223,36,91,127,0,383,1825,15,182,7.923468664,100445,4,1,8893,9564,671,381143,429121,47978,4129,4640,511,1,89.37288772
a6e462b53a4b6c87ef43f6cfe7fbde0b0939e3d6,558,19097,7836,11261,91,36,127,5,385,2585,15,182,7.925362605,89222,1,0,9567,8896,671,429426,381227,48199,4642,4130,512,1,89.37288772
4e5b3d55545e5f03f05ac7b0cd1b56689df36201,558,7826,19043,11217,36,91,127,0,383,1829,15,182,7.924487026,100483,1,0,8896,9567,671,381493,429457,47964,4131,4642,511,1,89.37288772
6b6589bf1ca4d322716992ea4b279d0f5cbc21c0,558,19053,7836,11217,91,36,127,5,385,2585,15,182,7.924171813,89266,154,1,9567,8899,668,429426,381577,47849,4642,4132,510,1,89.37288772
1ea42b0371f1bc99a4e0629c3734ad4ccfc0dcbd,558,7826,19043,11217,36,91,127,0,383,1829,15,182,7.924487026,100483,100,1,8896,9567,671,381493,429457,47964,4131,4642,511,1,89.37288772
98a9d089bda8870fd658208d98bdc73a5f039b0f,1,85,4,81,0,0,0,9,30,5066,1,1,0,406,9,0,67,53,14,2450,2008,442,14,9,5,1,100
23ffe3349f92cd5bb9a8ba0111a7ab9761b2e72c,558,19053,7836,11217,91,36,127,5,385,2581,15,182,7.924171813,89347,18,0,9581,8913,668,429868,382019,47849,4647,4137,510,1,89.37288772
93f9e85955abb40bb090bad689f15fa9969ef9ba,558,7826,19043,11217,36,91,127,0,383,1835,15,182,7.924487026,100564,3,0,8910,9581,671,381935,429899,47964,4136,4647,511,1,89.37288772
d1aa1e1f0a891609256c60b2b7b5b8efaceea563,1,2,2,0,0,0,0,2,2,3082,1,1,0,75,101,2,3,3,0,265,261,4,3,3,0,1,100
8c66edc0417f37540b3a6ef4b266ff88bdbd8327,0,0,0,0,0,0,0,0,0,0,0,0,0,0,102,3,0,0,0,0,0,0,0,0,0,1,100
8c297e93a3d4d4e41130b87fa24271194eabdded,558,19055,7838,11217,91,36,127,5,385,2581,15,182,7.924500133,89347,155,2,9581,8913,668,429868,382023,47845,4647,4137,510,1,89.37288772
a1ba33069fad1fb9c6e9cd458ad233ff3a74aadd,2,16,14,2,0,0,0,8,22,918,2,2,0.970950594,730,0,0,76,77,1,3963,3947,16,21,21,0,1,100
ab54d17dc2ec355c1e002e8751739edd9a96fcc3,558,7828,19045,11217,36,91,127,0,383,1832,15,182,7.924815383,100566,0,0,8909,9580,671,381955,429915,47960,4136,4647,511,1,89.37288772
f50de4ce9edf333e844ddd3af92e34f3eac90606,558,19055,7838,11217,91,36,127,5,385,2581,15,182,7.924500133,89349,156,3,9580,8912,668,429884,382039,47845,4647,4137,510,1,89.37288772
4cb8909336a5d7eb17e4e444bc9deeffa80426ba,5,316,0,316,5,0,5,1,1,0,2,2,2.313574153,0,5,2,10,0,10,831,0,831,10,0,10,0,99.46860854
c647dbc665ebcfb94f141f81721f3239573fe508,4,64,60,4,0,0,0,1,2,0,1,1,1.86410484,260,6,3,8,8,0,738,659,79,8,8,0,0,100
5fd536853fc945c63b267e2a92703d9b7bc8888b,6,2,322,320,0,5,5,0,4,126,3,3,2.379175035,399,0,0,3,13,10,280,1187,907,3,13,10,1,99.46860854
ad2e084ba8e6d20f6da93d06363d82f1e31d4137,3,38,0,38,0,0,0,6,12,7928,1,1,1.583954285,200,0,0,14,11,3,289,250,39,14,11,3,1,100
8882a9c599013182e42f0c7c321396c23b84dbe0,558,7827,19044,11217,36,91,127,0,383,1832,15,182,7.924655692,100566,0,0,8909,9580,671,381955,429918,47963,4136,4647,511,1,89.37288772
9735fffd983d052b99feff2663d38359774df5e3,558,19054,7837,11217,91,36,127,5,385,2582,15,182,7.924340457,89349,0,0,9580,8912,668,429887,382039,47848,4647,4137,510,0,89.37288772
95392272015452a039bb9938214be04d0f77fdc2,0,0,0,0,0,0,0,0,0,0,0,0,0,0,1,1,0,0,0,0,0,0,0,0,0,0,100
98b69beced37a8286a46d5e4badc22a7b180089c,0,0,0,0,0,0,0,0,0,0,0,0,0,0,2,2,0,0,0,0,0,0,0,0,0,0,100
b7182873e9ffd091cccc3e2c679e90292c648c0b,0,0,0,0,0,0,0,0,0,0,0,0,0,0,3,3,0,0,0,0,0,0,0,0,0,0,100
2926f033cb934e7bcef51362639663bc2a39cf9a,17,723,37,686,11,0,11,2,22,623,2,5,3.71047874,939,5,2,139,113,26,5650,4045,1605,92,66,26,1,99.52839458
9f348e98e5a4972bcfdeec7856c64c3c2b52f84a,26,360,763,403,5,11,16,1,21,1394,5,9,4.3175777,1942,7,3,137,162,25,5483,6618,1135,90,115,25,0,99.03996865
6c343136b0ae03dba591d110dca0defc6b1239b8,21,763,39,724,11,0,11,6,22,1671,4,7,3.91135194,1218,9,5,156,127,29,6219,4572,1647,109,80,29,1,99.53115843
6c7d105916bb288b1f0f7010035c718f16e11240,8,665,2,663,7,0,7,1,19,103,1,2,2.940054316,120,10,6,28,12,16,2471,320,2151,21,5,16,1,99.59270753
c8d5ba3705a5cffd492b185580dbc20e07bd6ec8,1,41,8,33,0,0,0,7,7,3511,1,1,0,161,19,1,20,18,2,860,585,275,11,10,1,1,100
0a6bbb8301717d386e6588a7ea32e3e2451c7060,584,7868,20755,12887,36,114,150,0,383,1741,15,185,8.055949608,102633,10,1,8951,9674,723,383379,436033,52654,4168,4731,563,1,88.62030495
ff8e977a158738155dc465c6a97ffaf31982d739,0,0,0,0,0,0,0,0,0,0,0,0,0,0,103,3,0,0,0,0,0,0,0,0,0,0,100
21e597ec777f0b74eed4e067b58b6eb8b0c9fad4,0,0,0,0,0,0,0,0,0,0,0,0,0,0,104,4,0,0,0,0,0,0,0,0,0,0,100
b6186e2c7714158b5a2709f4af9d40b194c53f55,0,0,0,0,0,0,0,0,0,0,0,0,0,0,105,5,0,0,0,0,0,0,0,0,0,0,100
25cf1576cc9d5a94bc293fa3e79bfbd4091d5e33,584,20770,7895,12875,114,36,150,5,385,2461,15,185,8.057028641,89746,99,0,9672,8954,718,435944,383463,52481,4730,4169,561,1,88.62030495
038201e31423f329afdc5695a4177293b19bc270,0,0,0,0,0,0,0,0,0,0,0,0,0,0,100,1,0,0,0,0,0,0,0,0,0,1,100
5c9512fd8c59a8611381529ce1c32e07cb91f16c,1,5,2,3,0,0,0,6,10,841,1,1,0,59,0,0,2,2,0,301,280,21,2,2,0,1,100
edbf133ab3eb368e8702d994eca7ce617b35b8b4,1,0,10,10,0,0,0,11,25,776,1,1,0,237,101,2,11,12,1,1382,1414,32,11,12,1,1,100
e30c1bf9fc52f98c3d4d524eea767ad8e5febaf4,1,8,0,8,0,0,0,2,3,779,1,1,0,48,20,1,3,2,1,191,159,32,3,2,1,0,100
1ab49b349f40867350e3e09f27074628d5b34af9,5,3,81,78,0,0,0,2,13,266,1,2,2.254605028,1495,21,2,160,167,7,7338,7884,546,48,54,6,0,99.96131528
35e5a4d71db9f3bf6490998b51ec50827caa6141,71,1133,782,351,0,0,0,2,386,1164,5,39,5.081809132,19739,22,3,2088,2047,41,93650,91041,2609,646,620,26,1,95.88809613
71a0a49904dcfa2427b72e0b3d0e93d80c571e8b,2,22,64,42,0,0,0,11,13,925,1,2,0.910348062,470,102,3,49,57,8,1882,2101,219,22,22,0,1,100
d141957ff5a3c08ae53c68e4ba19b49055f717c4,8,543,18,525,5,0,5,1,10,96,3,5,2.631841284,228,11,6,50,6,44,2695,773,1922,31,6,25,1,99.63583394
af9c64f80d01c24bdb16fff98b0c328340a977e7,1,43,11,32,0,0,0,11,16,845,1,1,0,280,12,7,27,24,3,1364,1254,110,7,6,1,1,100
c3962c1a6c0b40abbfb12740253437f6431b234b,45,200,320,120,0,1,1,4,364,741,3,25,4.821938533,11268,13,8,1108,1128,20,51767,51935,168,327,347,20,1,99.72727273
7934f73f2871bfbe134016e8e0c101da7d919ac3,0,0,0,0,0,0,0,0,0,0,0,0,0,0,157,0,0,0,0,0,0,0,0,0,0,0,100
69ee0c8b593e943fd0e12447acc1725ee1ca56df,5,118,56,62,1,0,1,3,34,799,2,3,1.509533097,942,14,9,105,102,3,4814,4672,142,28,24,4,1,99.94545455
d75bea415457b2eba7815bb9c3e9cd4e14b47fce,1,0,9,9,0,0,0,16,98,4,1,1,0,484,15,10,68,69,1,1747,1789,42,7,8,1,1,96.63523757
3017b85141e08a9a78c84b1b2f7948cd4e4a53ee,1,20,19,1,0,0,0,13,117,866,1,1,0,442,16,6,50,52,2,1412,1442,30,44,44,0,0,100
e50d65d228fb2bda72a8b79470918b9f9649f39c,14,2,23,21,0,0,0,3,79,565,5,12,3.70346519,2460,0,0,124,124,0,12079,12322,243,97,97,0,1,97.15675271
4fafe44112e7c8e8d9049499c4ca51be00758adf,12,16,53,37,0,0,0,2,74,2026,5,8,3.569531118,3433,1,1,498,510,12,13221,13313,92,192,192,0,1,100
c825b97bf776f3afa2c9a3a436e66caa6bcf2981,0,0,0,0,0,0,0,0,0,0,0,0,0,0,60,0,0,0,0,0,0,0,0,0,0,0,100
ccb76b0db61de85ac42c4476d4200259636115c2,0,0,0,0,0,0,0,0,0,0,0,0,0,0,0,0,0,0,0,0,0,0,0,0,0,0,100
fbb9d95d5048da8dd6896d3d7b82fece74880bcf,1,7,4,3,0,0,0,8,12,868,1,1,0,226,1,1,25,25,0,1081,1060,21,6,6,0,1,100
b9fb76221525b459e6f0f4e9ecaef96f061b3a34,11,24,23,1,0,0,0,3,70,3056,4,9,3.261515713,2686,2,2,282,282,0,11022,11022,0,186,186,0,1,100
d61fcf7da1a1d7b0ee93e741cf0f91c7e1827323,14,18,46,28,0,0,0,9,84,1274,6,13,3.749389062,5515,3,3,705,705,0,26298,26371,73,209,209,0,1,100
16afe061c992c01b02da03c56839296f6b55eb63,7,29,37,8,0,0,0,2,11,407,4,6,2.218933424,1482,4,4,176,177,1,5698,5783,85,107,107,0,1,100
25796220adb2ca53f591a28c7adb282554e5b168,0,0,0,0,0,0,0,0,0,0,0,0,0,0,367,0,0,0,0,0,0,0,0,0,0,0,100
b31f3aeef3a7b9e6ef341af954b1cfafc1a629c6,3,13,11,2,0,0,0,29,131,1353,2,3,1.325011211,2257,5,5,253,253,0,10712,10653,59,74,74,0,1,100
4daa48e0f6041f52647919adfadd2d783e6debdc,8,48,39,9,0,0,0,6,71,550,4,6,2.362860915,2864,6,6,186,186,0,17629,17581,48,173,173,0,1,100
0080e845884922814d26914d0ae9f59b084bee35,20,30,30,0,0,0,0,12,365,1490,4,15,4.106890596,7691,7,7,973,973,0,31359,31459,100,479,479,0,1,100
8852b87412c0af70efcee76f1bb12bc44635aab1,0,0,0,0,0,0,0,0,0,0,0,0,0,0,0,0,0,0,0,0,0,0,0,0,0,1,100
fb5f3f5b0f36d3232b0193c1d9b33fd0b36b9601,622,9172,22691,13519,38,121,159,0,383,1785,15,190,8.178005146,108849,0,0,9666,10433,767,403960,460369,56409,4475,5072,597,1,87.68472906
ffc2b99e3eebdeba77fa0fc8ec97a469ae75d148,628,22740,9213,13527,121,38,159,5,386,2101,16,189,8.177478514,95753,1,1,10438,9685,753,460590,405021,55569,5073,4488,585,1,86.50127691
274388fc0fa8f2b6fc8239683a7462889493f8d3,2,2,2,0,0,0,0,13,40,3478,1,2,1,317,8,8,24,24,0,1081,1093,12,12,12,0,1,100
4c21e11b011999d8455d4406a07bcc2e6eaa73ae,3,3,3,0,0,0,0,7,42,2089,2,3,1.584962501,1642,9,9,244,247,3,6634,6654,20,42,42,0,1,100
bb0fed9f40d16303c51ff050b64270da80d391b4,1,0,0,0,0,0,0,1,1,0,1,1,0,131,368,1,11,11,0,606,606,0,2,2,0,1,99.92562291
bf59026554f954296bbedaa21359afc0a9c3e4b2,0,0,0,0,0,0,0,0,0,0,0,0,0,0,369,2,0,0,0,0,0,0,0,0,0,1,100
5be4192ded0e9b6e7ff462da031a8f92e943396f,0,0,0,0,0,0,0,0,0,0,0,0,0,0,370,3,0,0,0,0,0,0,0,0,0,1,100
b58d8b3a4ffe2c60feefc35209851b8b2222cdb1,0,0,0,0,0,0,0,0,0,0,0,0,0,0,371,4,0,0,0,0,0,0,0,0,0,1,100
ede86ab4b6711b2f2971220f05c60bcf2f59655e,1,0,0,0,0,0,0,1,1,0,1,1,0,131,372,5,11,11,0,606,606,0,2,2,0,1,99.92562291
2f81b7d93be9e6278f1efa46f43055f548004867,0,0,0,0,0,0,0,0,0,0,0,0,0,0,373,6,0,0,0,0,0,0,0,0,0,1,100
f46a9131d522f2358f5ba120261e7a5f7ee4a200,24,121,26,95,0,0,0,7,218,2673,7,15,4.149193933,10839,374,7,1566,1566,0,48332,48332,0,535,535,0,0,100
2c37a7a38e8a4bb2b60e67d3169d4e660f477abf,2,3,3,0,0,0,0,41,219,114,1,1,0.918295834,2025,158,1,246,246,0,10478,10478,0,57,57,0,0,100
965aaa53da5c2d814e94a41d37142d0d6830375d,1,3,3,0,0,0,0,28,366,20,1,1,0,706,103,0,61,61,0,2999,3006,7,19,19,0,1,100
8784812cf6af6c72597a8f3de45288ce7b1206a6,2,43,87,44,0,0,0,10,154,73,1,2,0.915710362,2269,159,1,334,337,3,8588,9011,423,188,190,2,3,100
5c36bf5ef78a162cefea47ccdaf0d28e01c1426c,642,9197,22824,13627,38,121,159,0,383,1782,16,192,8.197880168,111279,106,0,9841,10606,765,409886,466327,56441,4538,5136,598,3,86.50127691
a5f1bca9efdb19b6a04db9e31101c55d40a34559,642,22857,9219,13638,121,38,159,5,386,2137,17,191,8.194236733,97652,375,8,10600,9849,751,465817,410259,55558,5130,4544,586,0,86.50127691
712199a004663ef15d6cffb19fa2e87dbe2a02fa,0,0,0,0,0,0,0,0,0,0,0,0,0,0,61,0,0,0,0,0,0,0,0,0,0,0,100
a748596cd8e3d60bbba8b9a9ea775ad05a1b5ff0,0,0,0,0,0,0,0,0,0,0,0,0,0,0,23,0,0,0,0,0,0,0,0,0,0,1,100
0a72185a6e929de537bdd67ac1cb5ba267c20a5f,0,0,0,0,0,0,0,0,0,0,0,0,0,0,160,0,0,0,0,0,0,0,0,0,0,1,100
19c3b917b3604f93fef0583a08e70f8695d3a359,642,9197,22835,13638,38,121,159,0,383,1782,16,192,8.197864954,111290,107,0,9841,10606,765,409886,466327,56441,4538,5136,598,1,86.50127691
9b656c72d54e5bacbed989b64718c159fe39b537,0,0,0,0,0,0,0,0,0,0,0,0,0,0,108,1,0,0,0,0,0,0,0,0,0,0,100
8af0a674db7cf1199d62e1cba60e29f84a144129,0,0,0,0,0,0,0,0,0,0,0,0,0,0,109,2,0,0,0,0,0,0,0,0,0,0,100
f43f9f8a3bcd5167e75b38c930df1d9ac9bbfa08,642,22858,9220,13638,121,38,159,5,386,2137,17,191,8.194309082,97652,2,0,10600,9849,751,465812,410259,55553,5130,4544,586,1,86.50127691
ed3279809cad6c77cd8e5c217230c612d1222d9a,642,9198,22836,13638,38,121,159,0,383,1782,16,192,8.197937052,111290,110,3,9841,10606,765,409886,466322,56436,4538,5136,598,0,86.50127691
9dbd8e73662c6a69a18ae14089cac77c31213460,642,22858,9220,13638,121,38,159,5,386,2137,17,191,8.194309082,97652,161,1,10600,9849,751,465812,410259,55553,5130,4544,586,0,86.50127691
f568170e361ee2f448227ec4c2bce5a2ab2aa99d,642,9198,22836,13638,38,121,159,0,383,1782,16,192,8.197937052,111290,111,4,9841,10606,765,409886,466322,56436,4538,5136,598,0,86.50127691
98a6c4f14c85f584e37773b86b448d36c30e0d93,642,22858,9220,13638,121,38,159,5,386,2137,17,191,8.194309082,97652,0,0,10600,9849,751,465812,410259,55553,5130,4544,586,1,86.50127691
ae8aebea191007262283528c7fca20f77029bbe5,41,1296,2613,1317,3,14,17,2,21,566,3,9,4.786367778,5002,24,0,344,390,46,13324,16830,3506,158,244,86,1,98.96887889
c9c6844dd44eab1d1270c11bcad0d769f374d4e2,0,0,0,0,0,0,0,0,0,0,0,0,0,0,19,0,0,0,0,0,0,0,0,0,0,0,100
5bc395fd08719f221e10998db13475110d510651,631,9214,21535,12321,38,110,148,0,383,1807,16,191,8.134811837,109973,11,0,9841,10560,719,409886,462816,52930,4538,5050,512,0,86.90695108
803c2155548f7d985e2f7afeb36f29761b5b1b49,0,0,0,0,0,0,0,0,0,0,0,0,0,0,12,1,0,0,0,0,0,0,0,0,0,0,100
3a06530dbce82e2054afa3cc4c81631910474bd0,631,21557,9236,12321,110,38,148,5,386,2183,17,190,8.131067356,97652,25,1,10554,9849,705,462301,410259,52042,5044,4544,500,0,86.90695108
16dd31aba109f5b02269df1ecdebe30f83172f12,0,0,0,0,0,0,0,0,0,0,0,0,0,0,1,0,0,0,0,0,0,0,0,0,0,1,100
10a72f30f7bdd19e803820a215383b975a5283ce,631,9318,21535,12217,38,110,148,0,383,1810,16,191,8.134955438,109973,13,0,9852,10560,708,410407,462811,52404,4542,5050,508,1,86.90695108
4ff27db4f9111fbd4268d66b8f18dd44b61df0ee,1,3,3,0,0,0,0,10,21,0,1,1,0,360,14,1,26,26,0,2214,2214,0,14,14,0,1,100
33aedfc28bfa38b10cb57302b404d8597d3971db,631,21568,9255,12313,110,38,148,5,386,2183,17,190,8.131671386,97756,26,0,10563,9860,703,462772,410780,51992,5048,4548,500,1,86.90695108
6ae4f7e2c54113192fdd4b7efe8404088f21539f,631,9233,21546,12313,38,110,148,0,383,1810,16,191,8.13541107,110069,31,0,9852,10569,717,410407,463282,52875,4542,5054,512,0,86.90695108
e6287b4701f102d2069f0316ce67dcb7e225e075,631,21568,9255,12313,110,38,148,5,386,2183,17,190,8.131671386,97756,162,0,10563,9860,703,462772,410780,51992,5048,4548,500,0,86.90695108
6257b3314282f795ded9366a52eae627a4206395,0,0,0,0,0,0,0,0,0,0,0,0,0,0,163,1,0,0,0,0,0,0,0,0,0,1,100
f793d862e3158f8dde98f00905f907b6bd5e0aaf,14,0,1845,1845,0,14,14,6,24,760,2,3,3.649271579,1845,376,0,0,142,142,0,7774,7774,0,88,88,0,99.39140358
3d4d6d8bea6edc683bcb8ec44b34dc2e045d520a,0,0,0,0,0,0,0,0,0,0,0,0,0,0,377,1,0,0,0,0,0,0,0,0,0,0,100
951b5ee95f40147abbc2bb9d928e408b85d5aef3,0,0,0,0,0,0,0,0,0,0,0,0,0,0,164,2,0,0,0,0,0,0,0,0,0,0,100
8348d2bd0a22bf50bbbe7401ec4e848ff0f32da3,617,9233,19701,10468,38,96,134,0,383,1867,14,188,8.073387451,108224,112,0,9852,10427,575,410407,455508,45101,4542,4966,424,0,87.42138365
0a8bd727ac6d184512ce513737bb56bb840d10de,617,19723,9255,10468,96,38,134,1,386,2243,15,187,8.069368529,97756,165,3,10421,9860,561,454998,410780,44218,4960,4548,412,1,87.42138365
100b17e1d7163cd263b7ee6e372ab76b3f87dd08,617,9233,19701,10468,38,96,134,0,383,1867,14,188,8.073387451,108224,113,1,9852,10427,575,410407,455508,45101,4542,4966,424,1,87.42138365
d8445a54bb4a7f7b223afe5bd8ee06bd31e50cf4,617,19723,9255,10468,96,38,134,1,386,2243,15,187,8.069368529,97756,166,4,10421,9860,561,454998,410780,44218,4960,4548,412,0,87.42138365
2cb4fe949a7543840ceac41f1a6e8a408eae2f05,0,0,0,0,0,0,0,0,0,0,0,0,0,0,0,0,0,0,0,0,0,0,0,0,0,1,100
46d57bdb3f54feb45d0ab22a255b9bcc6b704a27,1,34,0,34,0,0,0,4,4,3792,1,1,0,114,167,5,28,18,10,526,343,183,12,9,3,1,100
e09baa8ac4fcef82baacba4a66386f7479c753d9,618,9233,19735,10502,38,96,134,0,383,1865,14,188,8.07702967,108372,114,2,9870,10455,585,410750,456034,45284,4551,4978,427,0,87.42138365
d173bf9cc5e6a4f550a9b50f99eca3561b1ca40e,0,0,0,0,0,0,0,0,0,0,0,0,0,0,0,0,0,0,0,0,0,0,0,0,0,1,100
ef74a62451684c8c60cc9db4b6720c8edb89a165,1,34,0,34,0,0,0,4,4,3792,1,1,0,114,115,3,28,18,10,526,343,183,12,9,3,1,100
05b748ff6aa15aa63a9c9d5f9f5679f47bf9e83d,3,9,6,3,0,0,0,4,4,7289,1,2,1.338268928,231,116,4,22,22,0,971,930,41,10,10,0,1,100
706d9319f14b507f3c3deeba4eeda1a51a531c9b,618,19729,9264,10465,96,38,134,1,386,2244,15,187,8.071131284,97815,168,6,10425,9864,561,455209,411032,44177,4964,4552,412,1,87.42138365
d6b9108f58ec3dfec507ccaae8102bfd6ac77f94,1,1,1,0,0,0,0,2,3,309,1,1,0,58,378,2,2,2,0,172,172,0,2,2,0,1,100
2670c007517d8d72c182df6e589fd9dc43692e26,3,9,6,3,0,0,0,6,6,4399,1,2,1.338268928,247,169,5,23,23,0,1043,1002,41,11,11,0,1,100
0f3c39b8ed1a875ec58ebe91b2b18ca8b64b2fd3,617,9221,19393,10172,38,94,132,0,383,1881,14,188,8.066341114,108227,0,0,9877,10427,550,411875,455553,43678,4558,4966,408,1,85.19299726
f4fd031828c3cd6a6b8184d4ee0e914cd86009a0,1,2,1,1,0,0,0,25,113,0,1,1,0,1476,117,5,194,194,0,7350,7350,0,46,46,0,0,100
8456294977b40660ce37db853de344f0d26ee46d,3,109,63,46,1,0,1,1,200,1612,1,2,1.451274162,1885,15,0,237,236,1,9100,9029,71,46,44,2,1,99.90608124
b4773576a8b75631cc639509d415e64ecaf3a4ef,617,19417,9246,10171,94,38,132,1,386,2235,15,187,8.061580285,98055,27,0,10420,9884,536,455030,412231,42799,4960,4564,396,1,85.21171266
e5b0831c10068becf8deab716cce9467f83ba71f,4,84,52,32,0,0,0,2,4,242,1,1,1.859584186,264,379,3,8,8,0,830,738,92,8,8,0,1,100
711d5fbbf2eaf0ef76ce5a62e3593654b512fae9,5,144,153,9,1,0,1,2,5,0,1,1,2.285965902,296,380,4,9,8,1,650,830,180,6,8,2,1,99.24995312
94af1d99f8917e760f3e5fd08b378468d5060116,1,11,4,7,0,0,0,1,2,0,1,1,0,64,381,5,7,5,2,241,214,27,2,2,0,1,100
a7375a0eff38c3581b86ed47c6bb1bcc08cce418,5,9,9,0,0,0,0,2,6,0,1,1,2.281036113,294,382,6,11,11,0,685,677,8,6,6,0,1,100
a53083db6cdbb93c172f91566919519b3b98cb9c,15,411,634,223,8,7,15,1,3,139,1,2,3.843227716,634,383,7,10,16,6,922,2308,1386,9,16,7,1,99.41144013
7180d68a18f8b7c18db7424b8755ae399a89b4b5,1,12,4,8,0,0,0,2,2,0,1,1,0,61,17,0,5,3,2,268,224,44,2,2,0,0,100
e617d51bd40d3444f25ce36646e060b675c90e45,1,1,1,0,0,0,0,2,3,0,1,1,0,69,384,8,5,5,0,268,268,0,2,2,0,1,100
8bde888dc8d6e1f528779c72292f02ab10ac193c,11,23,1,22,0,0,0,1,7,0,1,2,3.418295834,573,385,9,11,11,0,1142,1142,0,11,11,0,1,100
f30a0ab4dd9bb3bc15c8b46a153fbba92a684dfe,11,33,0,33,0,0,0,2,2,308,1,1,3.459431619,627,386,10,22,22,0,1463,1463,0,22,22,0,1,100
c229278477d46ea1af479cf7ff09c4d17d0f80d2,6,19,16,3,0,0,0,2,24,806,1,4,2.207435517,1075,387,11,106,106,0,4147,4147,0,46,46,0,0,100
4476026c525a22900c6c5e4f0de6f7362cb201f2,4,84,89,5,0,1,1,16,221,276,1,2,1.682474996,2565,3,0,265,266,1,13524,13426,98,80,77,3,1,99.96322177
faf5d5d274fb4a3348cc330b604d530d0ebb60ce,5,157,101,56,1,0,1,1,24,1673,1,3,1.507183621,569,28,1,43,46,3,2540,2238,302,26,23,3,1,99.87118145
b4518b5fe416a552a59e5201b4569a9bc0af3153,620,9384,19348,9964,39,96,135,0,383,1898,14,189,8.072958598,108162,16,1,9882,10426,544,412360,454872,42512,4564,4968,404,1,85.05770816
7a772fecc02082834ddbe5423376b88d09e38814,620,19373,9410,9963,96,39,135,1,386,2193,15,188,8.068269577,98198,170,5,10418,9892,526,454306,412900,41406,4960,4572,388,1,85.05770816
84cbe1ab2e22a12c2c108d1a0e5233f875475fff,620,9384,19348,9964,39,96,135,0,383,1903,14,189,8.072958598,108161,118,5,9882,10426,544,412353,454865,42512,4564,4968,404,1,85.05770816
18725ec1e05e01b06557830ae10e83bdb933ab1a,620,19374,9410,9964,96,39,135,1,386,2193,15,188,8.068175289,98197,2,0,10419,9892,527,454318,412893,41425,4960,4572,388,1,85.05770816
99de6b49ee066c102737e4cb99af4be3edb257df,620,9384,19348,9964,39,96,135,0,383,1911,14,189,8.072958598,108161,2,0,9883,10427,544,412365,454877,42512,4564,4968,404,1,85.05770816
c0a49c7396a09c3f71a8a45313047f8eb0a75663,620,19373,9409,9964,96,39,135,1,386,2193,15,188,8.068169274,98197,171,3,10419,9893,526,454318,412905,41413,4960,4572,388,1,85.05770816
72c483b52702687f5a4160e1fd317b01c03988d3,620,9384,19348,9964,39,96,135,0,383,1911,14,189,8.072958598,108161,119,2,9883,10427,544,412365,454877,42512,4564,4968,404,1,85.05770816
ab4fec0a334698ff5f1ca5957c000a44cc6efd88,620,19396,9412,9984,96,39,135,1,386,2193,15,188,8.068751823,98197,3,1,10420,9893,527,454469,412905,41564,4960,4572,388,1,85.05770816
67ff80544866aa9256624d34a6e4178c3b913996,620,9406,19362,9956,39,96,135,0,383,1908,14,189,8.073638539,108181,3,1,9887,10428,541,412523,455028,42505,4565,4968,403,1,85.05770816
9d4b2b23f03f6b8fa7b78c9d7c60d03aedf52bad,620,19387,9431,9956,96,39,135,1,386,2193,15,188,8.06885715,98225,29,2,10420,9897,523,454469,413063,41406,4960,4573,387,1,85.05770816
76452c726906002030c639fdbc015599d661e9c3,0,0,0,0,0,0,0,0,0,0,0,0,0,0,18,0,0,0,0,0,0,0,0,0,0,1,100
1af8513fa7512cf25022b249cae0f84062c5085b,1,4,4,0,0,0,0,3,5,280,1,1,0,92,388,10,0,0,0,112,112,0,0,0,0,1,100
27755123e30d46a73ede29cef5b4c340fcdc3fab,620,9406,19361,9955,39,96,135,0,383,1906,14,189,8.073530949,108181,333,0,9887,10428,541,412523,455028,42505,4565,4968,403,1,85.05770816
0cda42477253cab11e7e0f340009da5f417d0775,2,57,1,56,1,0,1,1,22,1323,1,2,0.622634316,3001,17,1,617,615,2,16437,16210,227,240,238,2,1,99.83641038
dbfe8097d229083919c53fd29b0fe4b7b92cb8e0,620,19361,9434,9927,95,39,134,1,386,2185,15,188,8.070248397,98282,30,2,10422,9899,523,454662,413290,41372,4962,4575,387,1,85.14097551
83257bfde0dd5b4d391063412494957c1b7e15e8,621,9451,19357,9906,39,95,134,0,383,1905,14,189,8.078755041,108357,18,1,9927,10458,531,413477,455747,42270,4580,4982,402,1,85.12039514
6b607109d3ce045106924139e96705fe7c42172e,620,19364,9433,9931,95,39,134,1,386,2185,15,188,8.070249469,98296,31,2,10429,9906,523,454845,413444,41401,4962,4575,387,1,85.13131313
d79485ff23c9017d47424ff24da1d6dd3c414a60,620,9548,19340,9792,39,95,134,0,383,1911,14,189,8.065533429,108227,19,2,9910,10437,527,413266,455404,42138,4574,4970,396,1,85.13131313
1d473233f21b63f351ded6904f4f9f98db3faaf1,620,19365,9433,9932,95,39,134,1,386,2186,15,188,8.070201435,98435,32,2,10443,9920,523,455221,413806,41415,4969,4582,387,1,85.13131313
0a118d6e244e17cf27654ce6e17b1d3140c0967e,620,9408,19340,9932,39,95,134,0,383,1911,14,189,8.074990232,108367,334,0,9910,10451,541,413266,455780,42514,4574,4977,403,1,85.13131313
6ca13af230e9a7c6dcb0bf629d9a2676d8f833ed,620,19365,9433,9932,95,39,134,1,386,2186,15,188,8.070201435,98435,389,0,10443,9920,523,455221,413806,41415,4969,4582,387,1,85.13131313
a4729755ae54833caaa408cd7c614ee814f85c00,1,67,36,31,0,0,0,29,367,351,1,1,0,706,0,0,66,61,5,3181,2999,182,21,19,2,1,100
6f141968464b4ad24e5d90f1389065141cda5e3b,620,9418,19354,9936,39,95,134,0,383,1917,14,189,8.07364961,108398,0,0,9915,10456,541,413427,455962,42535,4576,4979,403,1,85.13131313
cc51006f2973356a1046ae0757325d5e9be75327,622,19452,9506,9946,96,39,135,1,386,2184,15,188,8.078587374,99180,18,0,10517,10003,514,456850,415303,41547,5029,4642,387,2,85.05955986
0be5e406d78062b56b32644fefce2642f5eab650,6,191,48,143,2,0,2,1,368,229,1,3,1.98217354,1746,19,0,144,132,12,8648,8117,531,80,70,10,1,98.36897427
62cf29bab312f8660a302d09c6eabffd5de5ebe7,10,163,53,110,2,0,2,17,101,352,1,5,2.734317556,5549,1,1,723,718,5,26913,26627,286,270,267,3,1,99.29283772
2bb1228de60e805b2f864254a0b1efef7e2d7dde,625,9529,19615,10086,39,98,137,0,383,1910,14,189,8.096271628,109310,1,1,9992,10535,543,414820,458000,43180,4636,5048,412,1,85.58093347
a5acd3ec6095ea2ff50191576c33685c1d038c1f,1,31,10,21,0,0,0,5,5,130,1,1,0,157,2,2,11,9,2,985,841,144,6,5,1,1,100
2798ee91968b31aa444cfd7ded14ada0a9f043f4,625,19640,9554,10086,98,39,137,1,386,2151,15,188,8.091553281,99245,2,2,10529,10004,525,457585,415504,42081,5041,4645,396,1,85.58093347
b2a21f12f8a0598dd4a286177e340bda0148e9ba,2,35,22,13,0,0,0,11,35,600,1,2,0.934849024,712,4,0,33,33,0,3677,3632,45,27,26,1,1,100
03df5f7c639db744a3597c7175c92c8e2a27767b,1,9,5,4,0,0,0,12,20,397,1,1,0,504,20,0,66,66,0,2699,2679,20,17,17,0,1,100
69d6c6d5a2886bd76fa9d0e922677d4654d1d90b,4,18,23,5,0,0,0,9,85,419,2,4,1.419363174,3390,62,0,304,306,2,19583,19570,13,184,184,0,1,100
395411fe3184b9692ed16bafa578b40cc0051784,625,9570,19673,10103,39,98,137,0,383,1902,14,189,8.09262868,109343,32,0,9992,10535,543,414977,458222,43245,4637,5050,413,1,85.58093347
e327be3d85918a23a5ba48d752143a6dbf8b83f7,625,19693,9582,10111,98,39,137,1,386,2153,15,188,8.091597816,99240,3,2,10527,10002,525,457693,415517,42176,5042,4645,397,1,85.58093347
d29af9018b5c80177102aaab96bd37ed5fedf26c,625,9570,19673,10103,39,98,137,0,383,1907,14,189,8.09262868,109351,3,3,9992,10535,543,415007,458252,43245,4637,5050,413,1,85.58093347
05e96dae96030864cb2ab3a3ae877f6bb9e134f7,1,290,0,290,1,0,1,1,1,0,1,1,0,0,0,0,16,0,16,1943,0,1943,15,0,15,1,99.95513683
1e33a572643628e7742eda2d469e4bd04b880523,626,19698,9596,10102,98,39,137,1,386,2150,16,189,8.09409127,99538,0,0,10543,10018,525,459645,417490,42155,5057,4660,397,1,85.59237944
5394e750d9698d186d11470c4874fd72523b78ac,1,5,5,0,0,0,0,4,6,1025,1,1,0,105,0,0,5,5,0,485,469,16,5,5,0,0,99.96441281
83bbbb3cfbd334eaba21475bb71addaf103cb267,1,9,22,13,0,0,0,11,15,270,1,1,0,329,172,0,24,26,2,1952,1978,26,4,5,1,1,100
f0caf9c9b31e31abb91ca986fe8168867cd0ded2,626,9591,19694,10103,39,98,137,0,383,1895,15,190,8.096207391,109627,120,0,10006,10549,543,416916,460194,43278,4651,5064,413,1,85.55842095
09e51544df6bc3a3f69afb2379eabe30db2c6034,626,19701,9599,10102,98,39,137,1,386,2151,16,189,8.094027627,99524,20,0,10541,10016,525,459628,417456,42172,5056,4659,397,0,85.55842095
572d5260b9040bd063b3dc84ce51684b8379df10,626,9591,19693,10102,39,98,137,0,383,1895,15,190,8.096219381,109626,121,1,10006,10549,543,416916,460187,43271,4651,5064,413,1,85.55842095
48be53abbc7b44b045fe5039e6a5200a93f21b60,626,19701,9599,10102,98,39,137,1,386,2151,16,189,8.094027627,99524,173,1,10541,10016,525,459628,417456,42172,5056,4659,397,1,85.55842095
cfeea9dac4c5a14c846382aa7a47a7d4e5f110f5,626,9588,19693,10105,39,98,137,0,383,1894,15,190,8.096253181,109626,122,2,10006,10549,543,416895,460187,43292,4651,5064,413,0,85.55842095
3599d3414f046de2324203b78ddcf9b5e4388aa0,0,0,0,0,0,0,0,0,0,0,0,0,0,0,123,3,0,0,0,0,0,0,0,0,0,0,100
0a6f12fba14161e1e0f5b5b4aa44715c9e451129,0,0,0,0,0,0,0,0,0,0,0,0,0,0,124,4,0,0,0,0,0,0,0,0,0,0,100
e1d359aa6d7d2b1e95daa431c6259f25a4687bea,626,19701,9596,10105,98,39,137,1,386,2151,16,189,8.094061104,99521,174,2,10541,10016,525,459628,417435,42193,5056,4659,397,1,85.55842095
1fff17398ed9738015a992502481bb79a2797ab5,0,0,0,0,0,0,0,0,0,0,0,0,0,0,175,3,0,0,0,0,0,0,0,0,0,1,100
20b6cec44af23e2cfe05478dee2bff2ae7a5f339,1,11,43,32,0,0,0,8,13,439,1,1,0,428,10,0,48,52,4,1809,1906,97,16,16,0,1,100
48fc4c9937ff873d61063258af805f6d0a1c1c20,3,7,11,4,0,0,0,8,28,438,1,1,1.392147224,439,11,1,49,56,7,1591,1622,31,12,12,0,1,100
e8c35ae4ab91270b4403b95468254f0978f1c0ca,0,0,0,0,0,0,0,0,0,0,0,0,0,0,176,4,0,0,0,0,0,0,0,0,0,1,100
78ca83e2a4271421aa3fc4f8153f8f061b09d52f,626,9642,19711,10069,39,98,137,0,383,1894,15,190,8.102381648,109590,125,5,10006,10538,532,416895,460059,43164,4651,5064,413,0,85.55842095
52b718614ab379dd909e70e4db3b00da54b91263,0,0,0,0,0,0,0,0,0,0,0,0,0,0,126,6,0,0,0,0,0,0,0,0,0,1,100
453c17371319e985d3a6caba84ae240bb33d6870,4,4,82,78,0,1,1,2,9,3783,1,1,0.475633969,1112,127,7,124,126,2,5544,5928,384,35,37,2,1,98.76260312
6ddb75138dd6bb41b77fae6d5b3ae789a0c4377d,0,0,0,0,0,0,0,0,0,0,0,0,0,0,128,8,0,0,0,0,0,0,0,0,0,0,100
e820dbb24e22e12fa058c59c6b3cf555da07abb5,0,0,0,0,0,0,0,0,0,0,0,0,0,0,129,9,0,0,0,0,0,0,0,0,0,1,100
e1b46e233930b46f83bc47c373beb41681bb6972,0,0,0,0,0,0,0,0,0,0,0,0,0,0,0,0,0,0,0,0,0,0,0,0,0,1,100
7d6f281fe3a4ccdc532c84d421c2680cfb79a68d,1,5,16,11,0,0,0,3,3,5526,1,1,0,313,77,0,8,11,3,2324,2385,61,8,8,0,1,100
6b7beb4db8ad15f1ed26c08df32d6ac1ae96ac0c,1,2,0,2,0,0,0,23,358,64,1,1,0,564,130,10,55,55,0,2306,2291,15,15,15,0,1,100
a55300a588d3694966fd797323304e1ed0bc6de1,0,0,0,0,0,0,0,0,0,0,0,0,0,0,0,0,0,0,0,0,0,0,0,0,0,1,100
1954d51ff2841045b4af8a515ad0719805269d8d,9,178,45,133,3,0,3,5,63,2770,1,6,2.920210813,1955,20,0,189,187,2,9475,9246,229,50,50,0,1,93.62200117
8e5676c84a782d51c4156be059b6ce9a3dc3e1e1,626,19716,9549,10167,98,38,136,1,386,2129,16,189,8.094491846,99476,390,0,10530,10011,519,459620,417072,42548,5055,4656,399,1,86.35035242
b3d5c12c7ac4301aef5a1b768e8b65c7cb54b0bb,6,90,9,81,2,0,2,1,137,242,3,3,2.033210245,1501,33,0,138,137,1,8067,7871,196,33,32,1,1,99.87617194
14ca7234380f81e54a5643082816048f3b6b67cf,626,9561,19715,10154,38,98,136,0,383,1929,15,190,8.096892164,109650,21,1,10002,10538,536,416662,460253,43591,4649,5063,414,1,86.37845256
97c1e4b4aa73f5851801fdf5e17f013dd46a6b3e,626,19720,9576,10144,98,38,136,1,386,2123,16,189,8.094500885,99496,34,1,10529,10012,517,459647,417202,42445,5054,4657,397,1,86.37845256
7c79e634ce2f11b2601d463655fae82c13b8e677,0,0,0,0,0,0,0,0,0,0,0,0,0,0,177,5,0,0,0,0,0,0,0,0,0,0,100
5220420212cd576725c19be09f8b351a9625d11a,626,9568,19712,10144,38,98,136,0,383,1929,15,190,8.096699665,109640,131,11,10002,10537,535,416662,460206,43544,4649,5062,413,0,86.37845256
3a5a40c6d23bc4af7ab7945eaac0fa689d2c6143,1,13,2,11,0,0,0,11,23,17,1,1,0,487,22,2,52,51,1,2416,2359,57,14,14,0,1,100
31193cbf0c93205a63c8c7b372b09200f60e69f4,626,19724,9588,10136,98,38,136,1,386,2123,16,189,8.094726741,99507,35,2,10529,10013,516,459674,417259,42415,5054,4657,397,1,86.37845256
88d29675ae2a0998d5be134c7941e8fd6aa706bd,626,9580,19716,10136,38,98,136,0,383,1929,15,190,8.096924013,109643,335,0,10003,10537,534,416719,460233,43514,4649,5062,413,1,86.37845256
e85ff889b333b82da20b988fbb42bdbfdb814545,626,19724,9588,10136,98,38,136,1,386,2123,16,189,8.094726741,99507,391,0,10529,10013,516,459674,417259,42415,5054,4657,397,1,86.37845256
d92538b80f302fc40530468efe7ca7bf63b7ba52,1,1,5,4,0,0,0,14,41,509,1,1,0,166,0,0,11,11,0,569,583,14,8,8,0,1,100
f7b073f3eb88e4e82d5ec10a91d2bf6b442c03c6,626,9580,19716,10136,38,98,136,0,383,1937,15,190,8.096924013,109639,0,0,10003,10537,534,416705,460219,43514,4649,5062,413,1,86.37845256
896c707d324330d7d4ad92674187923945efcda9,628,19823,9729,10094,98,38,136,1,386,2127,16,190,8.103270019,99830,104,0,10539,10048,491,460551,418170,42381,5073,4674,399,1,86.37845256
c604db3c3a103e2212f4628d8e2a997017fe579e,626,9566,19665,10099,38,98,136,0,383,1948,15,190,8.094426441,109605,78,0,9990,10521,531,416868,460180,43312,4652,5062,410,1,86.37845256
a116f25002a0f5bb348a5416efd76e63ac54eb34,0,0,0,0,0,0,0,0,0,0,0,0,0,0,79,1,0,0,0,0,0,0,0,0,0,1,100
083423fd50bd5aecc5e1ecf4350a99f30d9acfb3,0,0,0,0,0,0,0,0,0,0,0,0,0,0,5,0,0,0,0,0,0,0,0,0,0,1,100
d14bb3b8d34723cadd139bc4e5c3e3efdfbf68b8,626,19673,9574,10099,98,38,136,1,386,2117,16,189,8.092223899,99506,19,0,10513,10000,513,459621,417408,42213,5054,4660,394,1,86.37845256
263cf9542b4f137c59ab19fb4fae9f0d61ce2afa,627,9702,19668,9966,39,98,137,0,383,1923,15,190,8.100030391,109605,6,1,10002,10521,519,417394,460180,42786,4660,5062,402,2,86.43457383
bdb35f2deb01148eb56edc49f1c21ee0ffd6d694,626,19685,9581,10104,98,38,136,1,386,2119,16,189,8.092660317,99533,20,1,10515,10002,513,459859,417623,42236,5056,4662,394,2,86.46887326
08dff22a41e79c0da5fdda3f61699c788001b608,626,9574,19678,10104,38,98,136,0,383,1930,15,190,8.09483969,109637,7,2,9992,10523,531,417083,460418,43335,4654,5064,410,1,86.46887326
c99028b9fb67158edc9f202ff8a178c9465430ba,627,19801,9584,10217,98,38,136,1,386,2124,16,189,8.097906847,99630,2,0,10541,10013,528,460751,417930,42821,5064,4667,397,1,86.46887326
ff0300b7cfdb983fd4c54c60d956cbee79412849,626,9574,19678,10104,38,98,136,0,383,1925,15,190,8.09483969,109637,1,0,9992,10523,531,417085,460420,43335,4654,5064,410,1,86.46887326
1ad5a1b1e9bb0a17fc12bbe0314564a616078602,1,36,0,36,0,0,0,9,12,116,1,1,0,254,8,3,21,18,3,1731,1555,176,2,2,0,1,100
be2b7f890d98af20eb0753650b6605a68a97ac05,626,19686,9583,10103,98,38,136,1,386,2119,16,189,8.092628264,99569,21,2,10518,10005,513,460032,417801,42231,5056,4662,394,1,86.46887326
3c6009cbf48f78bc8f657c1eb18fa8f522a994a5,626,9583,19684,10101,38,98,136,0,383,1925,15,190,8.094829435,109672,336,0,9995,10526,531,417274,460591,43317,4654,5064,410,1,86.46887326
643d1e782800e52bc2b8a85aa949e1c62b8f980a,626,19686,9583,10103,98,38,136,1,386,2119,16,189,8.092628264,99571,392,0,10518,10005,513,460045,417814,42231,5056,4662,394,1,86.46887326
551009ab492d0e8fc47d5438c876d72367bcbcd2,1,18,17,1,0,0,0,12,18,9,1,1,0,350,22,3,27,27,0,2116,2116,0,4,4,0,1,100
85caf98029e43066579fc671f3138ea17e473224,626,9575,19678,10103,38,98,136,0,383,1925,15,190,8.094828776,109675,9,4,9995,10526,531,417274,460604,43330,4654,5064,410,1,86.46887326
aa0607301f2f61e7d26b23656913fa00d963a691,0,0,0,0,0,0,0,0,0,0,0,0,0,0,10,2,0,0,0,0,0,0,0,0,0,1,100
3fef9c685d194a9aab2875e6c0ddfb850931b62d,626,19686,9583,10103,98,38,136,1,386,2119,16,189,8.092628264,99572,23,2,10518,10005,513,460045,417814,42231,5056,4662,394,1,86.46887326
4c9dc5abb20a5af134f507bcce05929dd3fca2a8,622,9570,19139,9569,38,93,131,0,383,1976,15,189,8.067564548,109224,11,3,9995,10482,487,417498,458902,41404,4654,5039,385,1,86.73172402
bdfd8de968d237f1a52008da1551aed43aa61a4b,622,19147,9578,9569,93,38,131,1,386,2139,16,188,8.065322467,99655,24,3,10474,10005,469,458333,418038,40295,5031,4662,369,0,86.73172402
9ac2d08dc7dec66acc2c835710065b677190e700,4,180,118,62,2,0,2,6,76,12,1,1,1.585459636,1138,2,0,117,119,2,5626,5609,17,28,27,1,1,99.91170758
28c763c72cf94ad13e235f985244764f7fd0c988,623,9578,19149,9571,38,93,131,0,383,1975,15,189,8.069707594,109362,1,0,10008,10495,487,418028,459435,41407,4658,5043,385,1,86.75440096
702f52d0ea7c5e90b495bc05f079ca3e952766a8,623,19189,9596,9593,93,38,131,1,386,2130,16,188,8.069965923,99791,3,1,10489,10018,471,458931,418568,40363,5036,4666,370,1,86.75440096
dd0ddef8f6d4c998472dff91d2a2153959a6049f,623,9575,19146,9571,38,93,131,0,383,1975,15,189,8.069018385,109384,2,1,10010,10497,487,418093,459500,41407,4659,5044,385,1,86.75440096
ca9aa8f4f3d4b440fb86536c0acfb858dcc2fdba,623,19154,9583,9571,93,38,131,1,386,2130,16,188,8.066776767,99813,25,3,10489,10020,469,458931,418633,40298,5036,4667,369,1,86.75440096
7b86ce8534010301f806faa631f02c18a5036030,623,9575,19146,9571,38,93,131,0,383,1975,15,189,8.069018385,109384,12,3,10010,10497,487,418093,459500,41407,4659,5044,385,1,86.75440096
229cfc8bf600cb4dcd28a2303ad656df35feb391,0,0,0,0,0,0,0,0,0,0,0,0,0,0,13,4,0,0,0,0,0,0,0,0,0,1,100
93196d4bb72d3bf434256111f294d5bd1dd09d11,624,19149,9715,9434,93,39,132,1,386,2129,16,188,8.07065301,99899,5,0,10487,10028,459,458505,418920,39585,5035,4671,364,1,86.71567789
1e95011a3088caeb6b0ad7a62becef542ab453a7,0,0,0,0,0,0,0,0,0,0,0,0,0,0,393,0,0,0,0,0,0,0,0,0,0,0,100
3dd0afd89772929fa89db974d5bc432846f170de,4,256,76,180,2,0,2,1,77,17,1,1,1.682770598,1088,4,2,120,108,12,5856,5317,539,31,24,7,1,99.92942837
74eba2968b020d8da2360a45c3406a5132eb6aee,626,9717,19140,9423,39,93,132,0,383,1964,15,189,8.074762265,109513,3,2,10032,10507,475,418946,459613,40667,4670,5050,380,1,86.73382278
89237dd74dfef4f2ece8549662e93454f9c7e19e,5,102,233,131,0,1,1,1,21,355,1,3,1.45603436,693,23,0,46,51,5,2207,2664,457,23,28,5,1,99.78551394
1c22f94522ec6686ded044a4e0ca0b3cb9d76e62,625,19148,9650,9498,93,39,132,1,386,2125,16,187,8.067595526,99947,36,0,10501,10036,465,458697,418984,39713,5038,4672,366,1,86.7381682
4de39476ff690774ece57637e91653d2ef234fd3,625,9642,19140,9498,39,93,132,0,383,1951,15,188,8.069831147,109445,14,0,10026,10509,483,418444,459266,40822,4664,5046,382,1,86.7381682
a83ed86c4850c3fc09e5623eb00869ab3e39c959,625,19148,9650,9498,93,39,132,1,386,2125,16,187,8.067595526,99947,26,0,10501,10036,465,458697,418984,39713,5038,4672,366,1,86.7381682
ef1c17f62a3ee13adc31d3a617a472397acaae6c,0,0,0,0,0,0,0,0,0,0,0,0,0,0,37,1,0,0,0,0,0,0,0,0,0,1,100
fc1962e659b4fed675f0d729ece866514fedb896,1,24,3,21,0,0,0,12,19,91,1,1,0,351,27,1,28,27,1,2141,2116,25,4,4,0,1,100
70e9381a7482d2d378e8bcccc8b40d5f966bbf62,625,9642,19140,9498,39,93,132,0,383,1951,15,188,8.069831147,109466,15,1,10027,10510,483,418469,459291,40822,4664,5046,382,1,86.7381682
3ad4fe5a1a3fe803e1372d9093a8ea27e95fc34c,625,19148,9650,9498,93,39,132,1,386,2125,16,187,8.067595526,99968,105,0,10502,10037,465,458722,419009,39713,5038,4672,366,1,86.7381682
5002a0b0b8b15334ebcb90b81ad2c2b6a75c1c74,625,9642,19140,9498,39,93,132,0,383,1951,15,188,8.069831147,109466,80,0,10027,10510,483,418469,459291,40822,4664,5046,382,1,86.7381682
aec341a7a9e292a4fc537e1042da8b9ce867580c,3,179,15,164,2,0,2,1,7,137,1,3,1.471864606,199,24,0,33,20,13,1633,1024,609,11,6,5,1,99.91783073
6767f2500f1d005924ccff27f04350c253858a84,626,19150,9652,9498,93,39,132,1,386,2122,16,188,8.068455033,100041,38,0,10505,10040,465,458952,419231,39721,5040,4674,366,1,86.760707
0b0a96782e0298dfb1c7eeaebccf6ed917aaeaac,626,9667,19156,9489,39,93,132,0,383,1930,15,189,8.070419412,109539,25,1,10031,10513,482,418747,459521,40774,4667,5048,381,1,86.760707
0a94ff769c6a3d2a8ec997353303407824374ca3,1,63,10,53,0,0,0,11,25,0,1,1,0,507,26,2,63,53,10,2744,2472,272,18,15,3,1,100
2a276d0dcf5108a896eb44f2940baf98af2edbac,626,19155,9710,9445,93,39,132,1,386,2122,16,188,8.067705403,100103,39,1,10506,10051,455,459008,419559,39449,5041,4678,363,1,86.760707
7da0214d1d77a521ead7971f6c09209a80d1ddf3,1,61,8,53,0,0,0,13,28,0,1,1,0,495,40,2,60,50,10,2679,2407,272,18,15,3,1,100
8a928e59acc187c7d9f9f9d1e5b4a1c99c006926,626,9643,19141,9498,39,93,132,0,383,1930,15,189,8.070688756,109601,132,0,10041,10524,483,419019,459849,40830,4670,5052,382,1,86.760707
3d451672030376f3d956b2462abc1c1de881afa8,626,19149,9651,9498,93,39,132,1,386,2122,16,188,8.068452869,100103,178,0,10516,10051,465,459280,419559,39721,5044,4678,366,1,86.760707
d0c387b7bd7026a0354068da52fe0fa24ac1e1db,626,9643,19141,9498,39,93,132,0,383,1930,15,189,8.070688756,109601,133,1,10041,10524,483,419019,459849,40830,4670,5052,382,1,86.760707
7bd5fb38b34c2be4db7a31cbda16169cf0890ad1,626,19149,9651,9498,93,39,132,1,386,2122,16,188,8.068452869,100103,394,0,10516,10051,465,459280,419559,39721,5044,4678,366,0,86.760707
ac9132e4f4ada93369cc5188e836d54c885d4c99,626,9643,19141,9498,39,93,132,0,383,1930,15,189,8.070688756,109601,337,0,10041,10524,483,419019,459849,40830,4670,5052,382,0,86.760707
47fb9e8122b236f20c29b2ecf95a1b0e332fa3fb,626,19149,9651,9498,93,39,132,1,386,2122,16,188,8.068452869,100103,28,0,10516,10051,465,459280,419559,39721,5044,4678,366,1,86.760707
ca479180c535caa23b2b11631c924d1e98101d84,626,9643,19141,9498,39,93,132,0,383,1930,15,189,8.070688756,109601,16,0,10041,10524,483,419019,459849,40830,4670,5052,382,1,86.760707
54f9d91ebb05ff8a051272c4e91dca4ee4984d80,626,19236,9651,9585,93,39,132,1,386,2119,16,188,8.072470855,100103,5,0,10524,10051,473,459809,419559,40250,5047,4678,369,1,86.760707
0504c361b4c96a12969ba1dabd9971c194160aec,626,9654,19144,9490,39,93,132,0,383,1919,15,189,8.072147452,109688,4,0,10050,10532,482,419623,460378,40755,4673,5055,382,1,86.760707
df38f1c079923492f3517b81e5a72d6f35701dc9,626,19152,9662,9490,93,39,132,1,386,2119,16,188,8.069912231,100198,179,1,10524,10060,464,459809,420163,39646,5047,4681,366,0,86.760707
bb6bbf882d8f6c25967ec8d4fc239c9efd80cb17,626,9654,19144,9490,39,93,132,0,383,1919,15,189,8.072147452,109688,134,2,10050,10532,482,419623,460378,40755,4673,5055,382,0,86.760707
415eaf31de407efcbf61166afd8cf4e86cdafe11,628,19212,9685,9527,93,39,132,1,386,2131,16,188,8.077344072,100366,41,0,10540,10072,468,460465,420610,39855,5056,4689,367,1,86.760707
d82ab09ae106131609efb8b98b67dae17b0780d0,0,0,0,0,0,0,0,0,0,0,0,0,0,0,180,1,0,0,0,0,0,0,0,0,0,1,100
115febf29b9520eed6e94a65212e00e88806a860,626,9657,19147,9490,39,93,132,0,383,1924,15,189,8.072761018,109725,27,0,10054,10536,482,419832,460585,40753,4673,5055,382,1,86.760707
f0cef23c6eed691065aaadc527efcbdbb2953ef7,0,0,0,0,0,0,0,0,0,0,0,0,0,0,135,1,0,0,0,0,0,0,0,0,0,1,100
b3e7e57e4bc20c5c387fb1712be07847043bef9a,1,28,19,9,0,0,0,4,5,42,1,1,0,203,5,0,26,24,2,1096,1046,50,7,6,1,1,100
e4f347ed8519ca9515ab1f9a0a6d4c3a7a86ef30,3,5,99,94,0,1,1,8,43,4082,1,2,0.785389001,712,33,0,59,69,10,3154,3573,419,11,13,2,1,99.96714849
c9a3e0e45b0a6e7eca29d150443b04c9c99f3813,2,67,0,67,0,0,0,3,24,4098,1,2,0.607969612,578,338,0,64,61,3,3523,2949,574,28,26,2,1,99.85231375
4e88d62ab23a2cef8b1ec8af479353bc4d86fe25,625,19169,9595,9574,93,38,131,1,386,2115,16,188,8.06653932,100217,395,0,10531,10059,472,460589,420577,40012,5049,4682,367,1,86.96089948
7dbbcc23a98c5a786876e00dac6fe79160e04467,0,0,0,0,0,0,0,0,0,0,0,0,0,0,181,1,0,0,0,0,0,0,0,0,0,1,100
9b876fa90b1f3683617102d1843e3efb89654cb8,625,9587,19161,9574,38,93,131,0,383,1948,15,189,8.068777946,109791,136,1,10049,10539,490,420037,461158,41121,4674,5057,383,1,86.96089948
90c084dcf495e73c679395bc4b050500cbccf8cf,625,19264,9595,9669,93,38,131,1,386,2116,16,188,8.062895218,100217,42,1,10543,10059,484,460863,420577,40286,5054,4682,372,1,86.96089948
f05397a88dc4178fff7ac7d307797cd54db3bef9,8,80,49,31,0,0,0,2,5,552,1,1,2.903563477,433,29,0,12,12,0,1285,966,319,9,9,0,0,100
03b1faff7eec915f8b277d307d3e3aa0d0a24fdf,6,93,27,66,0,0,0,17,222,684,2,5,1.347883408,3010,0,0,301,294,7,15911,15510,401,90,90,0,1,100
efa9f0c67888c0d88e6611560994c8c00ca92491,1,20,28,8,0,0,0,11,28,455,1,1,0,377,182,0,23,23,0,2540,2561,21,15,15,0,1,100
f164ab5f89c85657f6f5d8a6c05978e60c87dcc5,625,9604,19363,9759,38,93,131,0,383,1949,15,189,8.062060251,109975,137,0,10049,10558,509,420035,462131,42096,4674,5062,388,1,86.96089948
8ff8ebcaeadab54190581a6e4cdadbd80f872d9f,625,19401,9642,9759,93,38,131,1,386,2116,16,188,8.053999174,100216,0,0,10550,10059,491,461562,420575,40987,5054,4682,372,1,86.96089948
eaac5f345828d4b7b846dcc6da21a5f77822bfaa,625,9604,19363,9759,38,93,131,0,383,1949,15,189,8.062060251,109975,0,0,10049,10558,509,420035,462131,42096,4674,5062,388,1,86.96089948
5ce5591ae341188230d6ecca76c90bd0a786fcb2,657,19481,9722,9759,93,38,131,1,386,2320,17,193,8.079110253,104213,0,0,10861,10370,491,471874,430887,40987,5291,4919,372,0,86.96089948
e1e4f5bda02535f718785189082f4197037774f3,657,9711,19410,9699,38,93,131,0,383,1953,16,194,8.087350393,113972,0,0,10368,10869,501,430718,472443,41725,4913,5299,386,1,86.96089948
8125b3131f2e0f88837040b0baf4e0aaa8210679,659,19449,9750,9699,93,38,131,1,386,2290,17,193,8.08894494,104602,1,1,10891,10403,488,472917,432012,40905,5321,4946,375,0,86.96089948
95bdbf6821d16c2b4f1df6f820600e0d4b1b9166,659,9768,19454,9686,38,93,131,0,383,1971,16,194,8.091930111,114301,339,0,10399,10893,494,431800,473034,41234,4943,5323,380,1,86.96089948
35b93b0a589752cc88105623a2ddf9e52b56c1ce,659,19449,9750,9699,93,38,131,1,386,2290,17,193,8.08894494,104615,396,0,10892,10404,488,472956,432051,40905,5321,4946,375,1,86.96089948
029587fb0b8bf9e0e4edfbf198fa2a746ba5c827,659,9742,19441,9699,38,93,131,0,383,1971,16,194,8.091150606,114314,138,1,10399,10894,495,431800,473073,41273,4943,5323,380,0,86.96089948
2d9918a2d109ad21751ccee86209d0a487f12e2a,659,19449,9750,9699,93,38,131,1,386,2290,17,193,8.08894494,104615,183,1,10892,10404,488,472956,432051,40905,5321,4946,375,0,86.96089948
0f8f22e404c65594d0af5f5151d551dd7f64afc5,3,1,265,264,0,2,2,3,30,2714,1,1,1.131574242,590,184,2,29,75,46,1770,2642,872,8,31,23,1,96.96008017
cbbb9cf7e390b3215fd424706d06a13b9a7e8bbd,0,0,0,0,0,0,0,0,0,0,0,0,0,0,106,0,0,0,0,0,0,0,0,0,0,1,100
0c10323158523f0a4df91385122ddd3dd6743833,0,0,0,0,0,0,0,0,0,0,0,0,0,0,185,3,0,0,0,0,0,0,0,0,0,1,100
73360100ca145d345afdeab6df60797a8b1a957e,660,10006,19441,9435,40,93,133,0,383,1973,16,194,8.099979398,114159,139,2,10418,10867,449,432146,472547,40401,4951,5308,357,1,87.43882545
a53a1aa232bc383baf055d884a7c66319d10d404,662,19817,10066,9751,95,40,135,1,386,2290,17,193,8.102948206,104724,6,0,10883,10423,460,474139,432397,41742,5322,4954,368,1,87.36756316
29c53d67483445094270740477fa8909b6fd9f85,662,10041,19792,9751,40,95,135,0,383,1965,16,194,8.107564401,114475,0,0,10418,10885,467,432146,474256,42110,4951,5324,373,1,87.36756316
b762fa9d5c44734b5e20eb83071e7c31821a5fad,8,192,125,67,1,0,1,1,116,1603,1,4,1.932237949,1123,28,0,99,102,3,4586,4115,471,74,70,4,2,97.55579171
e02e0c84ce2582ac363d40e115fceea4146e999c,662,19820,10056,9764,95,40,135,1,386,2278,17,193,8.102953046,104651,43,0,10865,10404,461,474029,432320,41709,5315,4946,369,2,87.41484403
631f1c76116d11ce2c6c46a801ef1fed08211908,1,0,7,7,0,0,0,1,2,0,1,1,0,97,44,1,2,2,0,529,529,0,2,2,0,1,100
e296400fa53d10a91f1447749dfb2c5050b37ab0,0,0,0,0,0,0,0,0,0,0,0,0,0,0,186,0,0,0,0,0,0,0,0,0,0,1,100
20f539a3fd1db4850ee0dd63626641021bf10917,662,10031,19788,9757,40,95,135,0,383,1963,16,194,8.107254272,114408,140,0,10399,10867,468,432069,474146,42077,4943,5317,374,1,87.41484403
750e1e3e71194644acda437cefbd73c8bd408f5d,662,19813,10056,9757,95,40,135,1,386,2278,17,193,8.1026353,104651,6,0,10865,10404,461,474029,432320,41709,5315,4946,369,1,87.41484403
9fe564cdc736bde1f799774913c84a020fef81f7,662,10050,19790,9740,40,95,135,0,383,1958,16,194,8.107650107,114408,0,0,10403,10867,464,432146,474146,42000,4944,5317,373,1,87.41484403
ce4579108d653be2ab7eab43be7d5951151dae5b,662,19813,10057,9756,95,40,135,1,386,2279,17,193,8.102664391,104668,0,0,10869,10408,461,474106,432397,41709,5316,4947,369,1,87.41484403
55a2182a6b14c595d7223b6486a2d9f033818619,662,10032,19788,9756,40,95,135,0,383,1958,16,194,8.107280028,114424,6,0,10403,10871,468,432146,474223,42077,4944,5318,374,1,87.41484403
e410a6ce1dea787258e5675e71a672144e3f0419,662,19837,10073,9764,95,40,135,1,386,2278,17,193,8.103277031,104668,1,1,10869,10408,461,474133,432397,41736,5316,4947,369,1,87.64873471
d1bc037cc0bf5d5b4c8b3d2cf5ed4dcfd860b1ae,662,10031,19788,9757,40,95,135,0,383,1958,16,194,8.107254272,114432,1,1,10403,10871,468,432173,474250,42077,4944,5318,374,1,88.79852693
5502c0c8dba03c7241bd9dd1bb5ba023ab6f2670,662,19813,10056,9757,95,40,135,1,386,2278,17,193,8.1026353,104675,63,0,10869,10408,461,474133,432424,41709,5316,4947,369,1,88.79852693
2f7dfcfe82c07829cf92e1ab0622b1d81f9e4738,662,10031,19788,9757,40,95,135,0,383,1958,16,194,8.107254272,114432,34,0,10403,10871,468,432173,474250,42077,4944,5318,374,1,88.79852693
47e2d689d687358a85c2cdecc176cac36093817e,662,19817,10060,9757,95,40,135,1,386,2278,17,193,8.102695602,104675,7,0,10869,10408,461,474133,432424,41709,5316,4947,369,1,88.79852693
4a06f1f5c3ccc6753f8de30a6ca53af154e99f70,2,96,13,83,0,0,0,5,28,244,1,2,0.307456533,717,21,0,73,69,4,4641,4036,605,35,31,4,1,100
7e0e9f9fbece8f416807c14fc6b582e501f3a414,5,68,11,57,0,0,0,8,21,681,1,4,1.970002386,667,22,1,46,41,5,3664,3353,311,33,31,2,1,95.99758345
1ca65c79fa4e25c4b7da027c8f8eef1b95ceced4,2,13,96,83,0,0,0,5,29,0,1,2,0.307456533,800,23,2,69,73,4,4036,4641,605,31,35,4,1,100
a4ed7bb6ba66ec4d6a471dc1b024c7469e17574d,662,10028,19842,9814,40,95,135,0,383,1967,16,194,8.109647575,114489,7,0,10403,10876,473,432173,474561,42388,4944,5320,376,1,87.48827025
2a9f39336cec1d8e52d30cc48503d51ed8672536,904,46545,19983,26562,299,61,360,1,386,1882,20,217,8.565506803,108478,45,0,12050,10843,1207,533891,451154,82737,6428,5155,1273,1,82.55902513
37b579b053e81272512ef7c78018587d4a6268bf,0,0,0,0,0,0,0,0,0,0,0,0,0,0,46,1,0,0,0,0,0,0,0,0,0,0,100
a7a5b8169ba76a8169898735c91856b3722af639,904,19991,46553,26562,64,299,363,0,383,1499,20,217,8.566334787,135043,29,0,10728,12159,1431,444068,541211,97143,5080,6502,1422,0,82.55902513
bff84bd634fd4cafe87f31ea155744095f6ecd1a,907,46723,20012,26711,300,64,364,1,386,1865,20,217,8.569640224,108605,47,2,12076,10855,1221,535349,451492,83857,6438,5162,1276,0,82.40839288
ae655e0e83e47ec7389763bcabe9d84e92862179,41,345,189,156,0,0,0,1,372,0,2,8,4.609237062,6143,48,3,502,489,13,25803,25828,25,327,314,13,1,98.70728083
8b57a3abc1aec304e1a662510d9ac3291911831c,1,69,0,69,1,0,1,1,1,0,1,1,0,0,49,4,4,0,4,300,0,300,3,0,3,1,99.96968778
3bc2cf6a7a9d151fb10a3197ae4412e2ca11437c,23,127,459,332,0,4,4,3,4,1256,3,5,3.710883928,2922,30,0,207,225,18,9870,10999,1129,128,140,12,1,99.77241693
5136a5ea81f3db5ef38b75eb1b987b60fdf5f336,905,20025,46761,26736,64,299,363,0,383,1502,20,218,8.570930723,135294,17,0,10740,12194,1454,444348,542153,97805,5087,6521,1434,0,82.2733634
3f90e7028e0338c110aea267b44362653d55273a,900,46723,19985,26738,299,64,363,1,386,1798,20,218,8.566676505,108171,50,5,12075,10845,1230,534052,450798,83254,6439,5154,1285,0,82.2733634
78edd431226204316e2d472d152b869a4a17ce61,2,14,6,8,0,0,0,10,44,1494,1,2,0.970950594,1365,0,0,115,112,3,9065,9020,45,29,28,1,1,100
75e19406952a4e1a58b382ec5c68dd16c101670b,900,19993,46732,26739,64,299,363,0,383,1492,20,218,8.567496929,134917,0,0,10733,12187,1454,443755,541488,97733,5080,6514,1434,1,82.2733634
c3361ab62296f35c5e8149a0633d450747a697c9,900,46739,19985,26754,299,64,363,1,386,1799,20,218,8.566701187,108178,51,6,12078,10848,1230,534097,450841,83256,6440,5155,1285,0,82.2733634
49d1ec1668448528e0bc96bc3410144e0334002e,6,109,15,94,1,0,1,1,2,25,3,6,2.034738144,3025,52,7,426,425,1,11382,11120,262,323,322,1,0,99.93925588
c178b2fc1a4ff8ac852301b522fb2abdbdbf0cf6,2,96,13,83,0,0,0,5,30,82,1,2,0.307456533,717,24,0,73,69,4,4641,4036,605,35,31,4,1,100
ba2ca803328be9dcbf8e81c573c6d8a5aa0a77a2,1,1,1,0,0,0,0,13,34,26,1,1,0,363,53,8,47,47,0,1845,1844,1,10,10,0,0,100
1934e6d6bc9623223c03f962f341f2a86ebec617,0,0,0,0,0,0,0,0,0,0,0,0,0,0,54,9,0,0,0,0,0,0,0,0,0,0,100
7af69ecf2b64571a8b8fa2c31bcbad514b8e0fba,4,8,9,1,0,0,0,2,3,188,3,3,1.903967813,853,55,10,84,84,0,3910,3909,1,22,22,0,0,100
9623c91327367e1313fd1aba273b9834d06acce1,0,0,0,0,0,0,0,0,0,0,0,0,0,0,56,11,0,0,0,0,0,0,0,0,0,0,100
9b129d1d360326ba4cabbe24dd4733519c3055d6,0,0,0,0,0,0,0,0,0,0,0,0,0,0,57,12,0,0,0,0,0,0,0,0,0,0,100
3dc17a6a837baf238568d93ca28e870e70bf3d8e,0,0,0,0,0,0,0,0,0,0,0,0,0,0,58,13,0,0,0,0,0,0,0,0,0,0,100
780eb9bac6c5737c2001df366c1e444118aa38b1,0,0,0,0,0,0,0,0,0,0,0,0,0,0,59,14,0,0,0,0,0,0,0,0,0,0,100
0f4387543debd77ab649f97014b72feb4046b3c6,902,20038,46965,26927,64,300,364,0,383,1495,20,218,8.571736748,135177,141,0,10741,12199,1458,443981,542583,98602,5082,6521,1439,1,82.23500155
3212efee784f0b9edf1c855d9eb73b45871aca7d,1,10,3,7,0,0,0,13,80,4,1,1,0,795,0,0,106,105,1,3948,3928,20,21,21,0,1,100
8a5dada82c18e08c94b467002fcc08d7b09c5dc2,1,11,3,8,0,0,0,24,360,633,1,1,0,564,1,0,55,55,0,2316,2291,25,15,15,0,1,100
fa2febb6f3730516414da24c3ebe9c60cae7ee21,1,19,0,19,0,0,0,10,16,41,1,1,0,313,8,0,23,22,1,1896,1756,140,3,2,1,1,100
2d384ddce37aa99e23e8ea43998f07c15532f9d2,2,57,0,57,1,0,1,1,361,18,1,2,0.297472249,572,18,0,57,55,2,2442,2316,126,17,15,2,1,99.96816301
638364fb92e2e33978e0e2a4c2d07199c6a61d55,0,0,0,0,0,0,0,0,0,0,0,0,0,0,9,1,0,0,0,0,0,0,0,0,0,0,100
b8b41c6d408b52a775ddf8af7fc08b532dba461f,2,0,57,57,0,1,1,1,362,2,1,2,0.297472249,629,19,1,55,57,2,2316,2442,126,15,17,2,1,99.96816301
474a470aa9c86910f430d00736e02bca5b61ed9c,1,26,22,4,0,0,0,10,17,28,1,1,0,332,10,2,24,23,1,1915,1896,19,4,3,1,1,100
c3919cdd0e312c1ad1704d24bbb4787137c285a7,1,54,0,54,1,0,1,1,3,25,1,1,0,0,20,2,2,0,2,126,0,126,2,0,2,1,99.96816301
eb66f225db249d9b80068f66fc87daff59727205,1,25,16,9,0,0,0,7,9,255,1,1,0,299,1,0,33,31,2,1599,1536,63,11,11,0,1,100
e921f1564ef9460ca58745eb52e3967dbbd0b9e7,2,19,8,11,0,0,0,4,116,4432,1,2,0.764204507,1568,2,1,198,198,0,7520,7474,46,47,47,0,1,100
36ff9a65e637cc9054c0ed04814305a0493b701b,2,8,19,11,0,0,0,5,117,2,1,2,0.764204507,1579,21,3,198,198,0,7474,7520,46,47,47,0,1,100
4c95a50332f9f0acd853d977a618629431430e4d,2,20,10,10,0,0,0,5,118,8,1,2,0.721928095,1568,22,4,198,198,0,7514,7474,40,47,47,0,1,100
abc55589dab43d2c65c8815a99824a363ffe4f77,0,0,0,0,0,0,0,0,0,0,0,0,0,0,11,1,0,0,0,0,0,0,0,0,0,1,100
693814f0a5f45dd17867763a268f3678f1bc9b0e,970,41210,57594,16384,0,0,0,2,384,6005,14,175,8.732698481,138964,12,2,12900,12900,0,524101,524477,376,6523,6523,0,1,99.9522673
9127a0191739eff999b9104f68f67ac55e1f4bff,0,0,0,0,0,0,0,0,0,0,0,0,0,0,13,3,0,0,0,0,0,0,0,0,0,1,100
573a3e1ec51227dcde8d8f5987e701ca49b96018,1,71,0,71,0,0,0,10,19,0,1,1,0,307,23,3,39,24,15,2371,1915,456,4,4,0,1,100
2dc7a356d3912a92af2c6e5e23604b084f5ca748,1,41,1,40,0,0,0,10,20,0,1,1,0,378,24,4,42,39,3,2592,2371,221,4,4,0,1,100
69c5a5dbdb217a829a4daf54a995935f77a62370,3,240,0,240,2,0,2,1,21,2,1,2,1.265566017,418,25,5,58,42,16,3749,2592,1157,10,4,6,1,99.92052138
c0c752baefac68bdedf106265337df82545a6944,0,0,0,0,0,0,0,0,0,0,0,0,0,0,128,0,0,0,0,0,0,0,0,0,0,0,100
b4476a300f2d95407d12da41a1ab17f4ed19db52,0,0,0,0,0,0,0,0,0,0,0,0,0,0,129,1,0,0,0,0,0,0,0,0,0,0,100
13cf1aa119928c7977888f2547d09d8acec64fb0,0,0,0,0,0,0,0,0,0,0,0,0,0,0,130,2,0,0,0,0,0,0,0,0,0,0,100
c1deb6233acbe18ba4a0bb38d4c9f439cef62936,0,0,0,0,0,0,0,0,0,0,0,0,0,0,131,3,0,0,0,0,0,0,0,0,0,0,100
f0d4b907b8958d55b6c9ac78d36d40758f0ad345,0,0,0,0,0,0,0,0,0,0,0,0,0,0,132,4,0,0,0,0,0,0,0,0,0,0,100
280b8d3ec5b63e758ac653cfa1db34c2d2f8d326,0,0,0,0,0,0,0,0,0,0,0,0,0,0,133,5,0,0,0,0,0,0,0,0,0,0,100
3d9e39c7242395a7444857deb97f2686459f5a91,0,0,0,0,0,0,0,0,0,0,0,0,0,0,134,6,0,0,0,0,0,0,0,0,0,0,100
3492f3ae997ef949d926201fc864c4a207fc7659,0,0,0,0,0,0,0,0,0,0,0,0,0,0,142,0,0,0,0,0,0,0,0,0,0,1,100
4db9b94baf520e34a5aa9f47cdf7c0053b910d83,1,1,5,4,0,0,0,24,151,47,1,1,0,1676,4,0,316,316,0,7391,7423,32,176,176,0,1,100
a1d43778efe577f58f74ee84949f680fe017a14d,2,16,1,15,0,0,0,5,152,24,1,2,0.977417818,1762,143,1,322,321,1,8007,7950,57,182,181,1,1,100
46c84876d79fabe2e62e828329e69438a5a625ea,2,3,3,0,0,0,0,3,7,48,1,1,0.918295834,136,144,2,10,10,0,306,306,0,6,6,0,0,100
a6b8a9e9fb3ca1f742883abd8cafe9eb6bf39691,1,8,1,7,0,0,0,4,8,0,1,1,0,72,0,0,11,10,1,306,277,29,6,6,0,1,100
4adaf2abca4e3018b92c0c03e07c50a6b1a8ddab,7,85,0,85,0,0,0,4,6,42,1,1,2.6428392,336,2,0,38,28,10,1205,812,393,38,28,10,0,100
2dbee43408d4473dd5cfacff254ab2a592dde9db,1,12,4,8,0,0,0,10,14,53,1,1,0,348,145,3,39,37,2,2114,2081,33,17,17,0,1,100
ffb5428c480d76f8ded81b0d7b10cf13acabd625,0,0,0,0,0,0,0,0,0,0,0,0,0,0,146,4,0,0,0,0,0,0,0,0,0,0,100
6de6877c2fe772c6d0a19cf518a3fd806b8a0afb,2,36,3,33,0,0,0,10,30,58,1,2,0.999525689,1036,0,0,173,168,5,4431,4284,147,63,62,1,1,100
353eea33c1fa0d68eda3b813543036d9345e08b8,0,0,0,0,0,0,0,0,0,0,0,0,0,0,147,5,0,0,0,0,0,0,0,0,0,1,100
88ec1d23835a4f9578f0103568430ce3ddf5fe8f,1,1,1,0,0,0,0,4,9,18,1,1,0,79,148,6,11,11,0,307,306,1,6,6,0,1,100
cd64c54a886dd46787c8351d0c47e90769bec2a7,1,2,2,0,0,0,0,10,13,8,1,1,0,351,149,7,24,24,0,1592,1592,0,17,17,0,0,100
a23ff0f9a2ab88864b9744172b9b7b6232a82b23,1,5,1,4,0,0,0,10,26,72,1,1,0,424,26,0,59,58,1,2485,2445,40,22,22,0,1,100
331c5c3435cdfa8dc3f35a7b38503bdac2654206,2,17,5,12,0,0,0,15,204,72,1,2,0.574635698,1849,150,8,251,251,0,10267,10229,38,53,53,0,1,100
074879ff28c1649106304a1004115bf59c3f8aa2,2,29,25,4,0,0,0,15,205,8,1,2,0.503258335,1861,151,9,248,251,3,10238,10267,29,53,53,0,1,100
e246d6ab77f225edbf41d499876b21d4d261934e,0,0,0,0,0,0,0,0,0,0,0,0,0,0,152,9,0,0,0,0,0,0,0,0,0,0,100
86d6e2aeffb7dd0692207e68ac68cf9efd0fbd77,2,30,0,30,0,0,0,9,24,90,2,2,0.2108423,660,0,0,80,75,5,3538,3345,193,51,50,1,1,100
a3f88234d429acd60d563e9f4d593870b1754225,1,2,0,2,0,0,0,39,206,8,1,1,0,1486,153,8,230,230,0,8296,8296,0,39,39,0,0,100
4e8773bc444b2bde5fec6e0482e3396647ff88ad,1,6,8,2,0,0,0,3,4,91,1,1,0,61,154,9,7,7,0,226,226,0,2,2,0,1,100
b5575f5c820507ed137b2edba078546ca7440a4d,0,0,0,0,0,0,0,0,0,0,0,0,0,0,14,0,0,0,0,0,0,0,0,0,0,0,100
f7149c2356f0da705e9c5b98199b997e4ffec0d2,0,0,0,0,0,0,0,0,0,0,0,0,0,0,27,0,0,0,0,0,0,0,0,0,0,1,100
51354e6a7df5e2ae265f6fe8987344f53e6b77e7,0,0,0,0,0,0,0,0,0,0,0,0,0,0,28,1,0,0,0,0,0,0,0,0,0,1,100
f7ca0b697ac7223b42d982d92cad5af48c9d184d,1,1,17,16,0,0,0,10,22,128,1,1,0,435,29,2,43,43,0,2644,2653,9,4,4,0,1,100
36f02c9de1792478538a171108048c8b86d5a5a1,0,0,0,0,0,0,0,0,0,0,0,0,0,0,30,3,0,0,0,0,0,0,0,0,0,0,100
8fa5545b0de414bd7493a13ad9f54344e08a65db,0,0,0,0,0,0,0,0,0,0,0,0,0,0,31,4,0,0,0,0,0,0,0,0,0,0,100
48cac1c003fdc409e8c455c21fcba07050393b0c,1,9,1,8,0,0,0,12,29,177,1,1,0,327,30,0,45,44,1,1881,1812,69,11,10,1,1,100
a5d0ca4f1d2856542db98c37b4acb99e992c0c86,0,0,0,0,0,0,0,0,0,0,0,0,0,0,32,3,0,0,0,0,0,0,0,0,0,0,100
1a600c7fd1ef3427ff85aa087d34f7d87e6370e2,0,0,0,0,0,0,0,0,0,0,0,0,0,0,33,3,0,0,0,0,0,0,0,0,0,1,100
e9d570889ffce29c3f92494510499ae0e32a02cf,574,944,337,607,0,0,0,4,385,0,13,152,8.430232403,97577,34,4,11014,11014,0,462610,462610,0,5160,5160,0,0,100
87f4044eda6dccd4d0c167e05cb03837d35639ce,0,0,0,0,0,0,0,0,0,0,0,0,0,0,35,5,0,0,0,0,0,0,0,0,0,0,100
9b58d2bad23a66be161c4664ef21ce219c2c8584,0,0,0,0,0,0,0,0,0,0,0,0,0,0,36,6,0,0,0,0,0,0,0,0,0,0,100
ad29c3c548cc7eb70cdcc2edf8ee96d826418fb9,0,0,0,0,0,0,0,0,0,0,0,0,0,0,37,7,0,0,0,0,0,0,0,0,0,0,100
d7e655348a3d9e32835184d68791420b7f22b845,0,0,0,0,0,0,0,0,0,0,0,0,0,0,38,8,0,0,0,0,0,0,0,0,0,1,100
d2a27a88bfa6fa3b403afd38ce8af4996a9a6801,0,0,0,0,0,0,0,0,0,0,0,0,0,0,39,9,0,0,0,0,0,0,0,0,0,0,100
72efba9b1455a02c416a0e605dfa99f31f4e564a,4,151,7,144,1,0,1,16,83,9,2,3,1.616223723,1256,5,0,168,154,14,7654,6936,718,63,57,6,1,99.96824389
1ef583d3e64c0f77a8b2cf05666007ee476ace17,9,11,1,10,0,0,0,6,21,78,2,6,3.084962501,1070,0,0,103,103,0,4071,4049,22,59,59,0,0,100
fbf6bdaf01607a9b934d02b53a062e45539d6140,13,48,33,15,0,0,0,8,208,41,7,10,3.557538383,3534,1,1,507,508,1,17791,17676,115,152,152,0,1,100
4454cd6d82854e2a4f74444f31c78881d5ab27da,4,4,4,0,0,0,0,24,99,22,3,4,2,2340,2,2,278,278,0,11511,11511,0,68,68,0,0,100
0a299275e3666cee4bfa6ac6a5942344d3280a4b,1,9,8,1,0,0,0,41,209,29,1,1,0,1491,3,3,230,230,0,8328,8309,19,39,39,0,0,100
67346705f03ee0db2840631d9fbc9de62c59f5e8,0,0,0,0,0,0,0,0,0,0,0,0,0,0,155,0,0,0,0,0,0,0,0,0,0,1,100
74f1dac9fbe409bd9f89f8b3fad05326065c957d,1,1,1,0,0,0,0,13,31,61,1,1,0,337,40,0,46,45,1,1889,1881,8,11,11,0,1,100
a2a47daaa397c086b41d3b56085708d9810eb50b,0,0,0,0,0,0,0,0,0,0,0,0,0,0,41,1,0,0,0,0,0,0,0,0,0,1,100
fa2345339a245f5dd6f12ec34f2b1a70fb560cc3,0,0,0,0,0,0,0,0,0,0,0,0,0,0,42,2,0,0,0,0,0,0,0,0,0,1,100
ecc89f0098e94055c4b8f3a21b2966eae44194ef,1,4,1,3,0,0,0,11,16,68,1,1,0,358,43,3,39,39,0,2121,2114,7,17,17,0,1,100
b231238e64c0c9b7fd0573ebcac5e06f609dd6ca,1,5,1,4,0,0,0,18,130,68,1,1,0,1004,44,4,120,119,1,5617,5590,27,23,23,0,1,100
95ceb71ccc6327546df89ab623d708009439dd1a,9,178,69,109,2,0,2,2,100,107,2,4,2.473878072,1019,45,5,131,129,2,4319,4074,245,36,34,2,1,99.888977
8431717af65b233ac71efb38af42024e183e5cf6,0,0,0,0,0,0,0,0,0,0,0,0,0,0,46,6,0,0,0,0,0,0,0,0,0,1,100
175b35c37474283b8f15f612c526c1bb573dc405,5,25,49,24,0,0,0,41,210,74,2,3,1.644736038,3765,47,7,446,451,5,17577,17758,181,160,161,1,1,100
9037805f775e1034b90e614eaf2348a7c437410c,5,101,22,79,0,0,0,16,70,85,1,2,2.223639492,1351,31,0,162,148,14,7477,7069,408,48,44,4,1,99.93659851
5a552315f16fe1c209da94d83147a27b0d537774,2,17,0,17,0,0,0,41,211,0,1,1,0.936667382,1804,48,8,232,230,2,10034,9951,83,41,41,0,1,100
7023ef746616c2b7ff81e12f8245afa05da0b446,0,0,0,0,0,0,0,0,0,0,0,0,0,0,49,9,0,0,0,0,0,0,0,0,0,1,100
3d4fee3008a3a7fc6aa8c34f5653aae7e0a964c3,1,11,6,5,0,0,0,1,2,23,1,1,0,69,50,10,5,3,2,290,242,48,3,2,1,3,100
837db7a756164cadd978e53f8c566f0f14b79b6c,1,4,0,4,0,0,0,9,9,93,1,1,0,140,6,0,16,14,2,495,461,34,10,10,0,1,100
366e3f5f8661339cc562153aed5e07fe871ceaa6,2,6,6,0,0,0,0,3,6,102,2,2,0.918295834,393,51,11,37,37,0,2025,2025,0,25,25,0,1,100
528cea3ad95887fd465dad23e496f6e41dbeb7ab,2,7,10,3,0,0,0,13,365,104,1,1,0.936667382,703,4,0,88,90,2,3571,3573,2,27,27,0,0,100
57acdd41b46dbf7ed4a762643d5705c0acc8af2d,1,9,2,7,0,0,0,13,32,46,1,1,0,337,52,11,47,46,1,1935,1889,46,11,11,0,3,100
7d7a43135cbc76064a8830f0e2204b41b782231b,0,0,0,0,0,0,0,0,0,0,0,0,0,0,156,0,0,0,0,0,0,0,0,0,0,1,100
1498486a42685460236e43ce2632259503dec2b0,0,0,0,0,0,0,0,0,0,0,0,0,0,0,53,6,0,0,0,0,0,0,0,0,0,1,100
5bc322ae93c235d43d6aee819016b3e8fbfd1268,1,1,1,0,0,0,0,8,14,118,1,1,0,208,54,7,21,21,0,645,641,4,14,14,0,1,100
c294ef6c227849186f2555a7714049fdfe44432f,0,0,0,0,0,0,0,0,0,0,0,0,0,0,15,0,0,0,0,0,0,0,0,0,0,1,100
79100c6b35d29f0b74951b7f7486f259d90f8e97,0,0,0,0,0,0,0,0,0,0,0,0,0,0,157,1,0,0,0,0,0,0,0,0,0,0,100
2e178502fcdbffc201671fb2537d0cb4b4cc58f8,0,0,0,0,0,0,0,0,0,0,0,0,0,0,55,7,0,0,0,0,0,0,0,0,0,0,100
22e6eb03ead42eb650f13ef73ba1aad109909282,0,0,0,0,0,0,0,0,0,0,0,0,0,0,56,8,0,0,0,0,0,0,0,0,0,0,100
64227e25a57a50c580708384f6aa036f7c7efb16,1,3,12,9,0,0,0,13,33,44,1,1,0,344,32,0,45,47,2,1874,1935,61,10,11,1,1,100
54b2dc6b3b2915411c974fe98386340084640687,0,0,0,0,0,0,0,0,0,0,0,0,0,0,16,1,0,0,0,0,0,0,0,0,0,1,100
36a4e9ff644850a96cfd173cda95819a8836e833,16,790,40,750,8,0,8,2,71,83,1,2,3.387830663,1550,57,0,225,154,71,11418,8028,3390,71,40,31,1,94.67600701
0f18470576d1eb0649aa93c739b8dd39c9368716,2,200,4,196,0,0,0,11,66,212,2,2,0.238684511,1847,0,0,186,182,4,14484,13403,1081,146,142,4,1,100
bc138dc3ba1440e22c2d7a68fca3118879f831b7,2,145,35,110,0,0,0,2,3,212,1,2,0.486362873,225,0,0,42,15,27,1905,1096,809,7,6,1,1,100
eb7cdefaaa90143b55c70febf5e67e14831fdb38,1,4,0,4,0,0,0,18,131,147,1,1,0,1008,58,1,121,120,1,5628,5617,11,23,23,0,1,100
a4b753253586db486dc8c5b2d44166aeb0c8cd51,0,0,0,0,0,0,0,0,0,0,0,0,0,0,59,2,0,0,0,0,0,0,0,0,0,1,100
924dbfecf87fa7cc3cc21c840057272321440ea8,1,1,1,0,0,0,0,5,6,228,1,1,0,147,60,3,6,6,0,937,937,0,6,6,0,1,100
a2428a69148d91c8eb7e063fad64d01635b5a829,1,41,35,6,0,0,0,1,2,42,1,1,0,270,61,3,44,44,0,1693,1686,7,16,16,0,1,100
7cb87a6686505bb80167b9309293af2f204d6a3f,0,0,0,0,0,0,0,0,0,0,0,0,0,0,62,1,0,0,0,0,0,0,0,0,0,1,100
79556ddc6b1a560cc61ca9fe6a81be0b53fd1e09,3,216,32,184,0,0,0,16,212,252,1,2,0.73533042,1982,63,2,288,260,28,11761,10562,1199,69,65,4,1,100
c2331d37f52b81e036bd119ba985a4ae6d439f45,2,89,17,72,1,0,1,1,6,141,1,2,0.983501899,99,64,3,21,18,3,862,536,326,7,4,3,1,99.92179863
c9616018c7a021c1c39be70fb2843d6f5f9b8a1c,0,0,0,0,0,0,0,0,0,0,0,0,0,0,65,4,0,0,0,0,0,0,0,0,0,0,100
